0 0.65625 0.033125 0.14499999999999993 0.06625
0 0.23249999999999993 0.21937499999999996 0.24250000000000016 0.4387499999999999
0 0.209375 0.49375 0.18625000000000003 0.19500000000000006
0 0.633125 0.57 0.08624999999999998 0.11499999999999995
0 0.18250000000000005 0.733125 0.16749999999999984 0.2987499999999999
0 0.275 0.8025 0.13999999999999999 0.15750000000000003
0 0.40812500000000007 0.835625 0.1687500000000001 0.14124999999999996
0 0.55 0.8012499999999999 0.040000000000000036 0.047500000000000056
0 0.545625 0.8825 0.07875000000000006 0.09249999999999989
0 0.426875 0.9356249999999999 0.15625 0.12874999999999998
0 0.968125 0.9475 0.06374999999999993 0.10500000000000007
0 0.76375 0.98125 0.12249999999999997 0.0375
0 0.619375 0.99 0.21625000000000005 0.019999999999999928
