0 0.97 0.0025 0.060000000000000143 0.005
0 0.7993750000000001 0.00125 0.04875000000000007 0.0025
0 0.52125 0.01875 0.07250000000000005 0.0375
0 0.8231249999999999 0.0125 0.01875 0.0175
0 0.46125 0.026250000000000002 0.0875 0.045000000000000005
0 0.858125 0.051875000000000004 0.026250000000000107 0.036250000000000004
0 0.5043749999999999 0.113125 0.11124999999999999 0.10125000000000002
0 0.6224999999999999 0.51125 0.755 0.8299999999999998
0 0.18250000000000005 0.22687500000000002 0.10499999999999984 0.23125
0 0.14250000000000002 0.38625 0.06500000000000006 0.057499999999999975
0 0.015625 0.47562499999999996 0.03125 0.061249999999999985
0 0.05812500000000009 0.559375 0.09875000000000012 0.13875
0 0.133125 0.5743750000000001 0.06625000000000003 0.07625000000000001
0 0.9287500000000002 0.73 0.1424999999999999 0.19500000000000012
0 0.8568749999999999 0.849375 0.28625 0.30125
0 0.09749999999999998 0.8731249999999999 0.19499999999999995 0.20875000000000005
0 0.9356249999999999 0.85375 0.12874999999999998 0.15250000000000014
0 0.13749999999999996 0.8331250000000001 0.03500000000000014 0.03375000000000004
0 0.445 0.9618749999999998 0.2950000000000001 0.07625000000000011
0 0.04874999999999996 0.968125 0.09749999999999992 0.06374999999999993
0 0.6587500000000001 0.9881249999999999 0.21749999999999997 0.02375000000000007
