0 0.2625 0.04625 0.1675 0.0925
0 0.91875 0.05375 0.11750000000000008 0.1075
0 0.31625000000000003 0.0775 0.1325 0.12
0 0.28125 0.15 0.11750000000000002 0.09000000000000001
0 0.375625 0.216875 0.14625 0.12375
0 0.275 0.265625 0.10749999999999997 0.12624999999999992
0 0.9581250000000001 0.284375 0.08375000000000003 0.11125000000000003
0 0.7618750000000001 0.29375 0.12875000000000014 0.0975
0 0.378125 0.34937499999999994 0.22875 0.19374999999999995
0 0.515 0.29562499999999997 0.07749999999999994 0.08375000000000003
0 0.200625 0.346875 0.11125 0.13874999999999993
0 0.063125 0.41937500000000005 0.12625 0.20875000000000007
0 0.55625 0.40124999999999994 0.125 0.14500000000000002
0 0.87625 0.41937499999999994 0.21500000000000002 0.14875000000000002
0 0.7006249999999999 0.42374999999999996 0.12124999999999994 0.15250000000000002
0 0.99875 0.39437500000000003 0.002499999999999858 0.05125000000000002
0 0.999375 0.465 0.001249999999999929 0.07499999999999991
0 0.241875 0.61 0.19375000000000003 0.18999999999999995
0 0.34125 0.5662499999999999 0.06749999999999998 0.09750000000000006
0 0.48937500000000006 0.61875 0.06375000000000001 0.09250000000000007
0 0.8625 0.735625 0.10249999999999986 0.13624999999999998
0 0.5325 0.7212500000000001 0.07249999999999997 0.10500000000000007
0 0.650625 0.7668750000000001 0.11125000000000007 0.11875000000000009
0 0.139375 0.8450000000000001 0.27875 0.24500000000000002
0 0.9887499999999999 0.89125 0.022499999999999964 0.21750000000000008
0 0.7675 0.8875 0.19000000000000003 0.19250000000000006
0 0.628125 0.8643750000000001 0.05874999999999995 0.07624999999999993
0 0.02125 0.951875 0.0425 0.09624999999999986
0 0.5418750000000001 0.9793749999999999 0.10125000000000002 0.04124999999999997
0 0.4362500000000001 0.9806250000000001 0.17 0.03874999999999993
