0 0.8556250000000001 0.9956250000000001 0.09375 0.008750000000000036
0 0.19250000000000006 0.994375 0.1699999999999998 0.01125000000000007
0 0.905625 0.8856249999999999 0.18874999999999992 0.22874999999999995
0 0.5900000000000001 0.9331250000000001 0.19250000000000006 0.13375000000000004
0 0.35 0.9649999999999999 0.14500000000000002 0.0700000000000001
0 0.13937500000000003 0.9425000000000001 0.1612499999999999 0.11500000000000003
0 0.465625 0.8731249999999999 0.13374999999999987 0.21125
0 0.7068749999999999 0.9175000000000001 0.05625 0.04249999999999989
0 0.04375000000000001 0.805 0.08750000000000002 0.20999999999999996
0 0.378125 0.8550000000000001 0.053750000000000145 0.05250000000000003
0 0.320625 0.8324999999999999 0.036250000000000025 0.057499999999999926
0 0.1437500000000001 0.805625 0.04249999999999987 0.08625000000000008
0 0.7831250000000001 0.734375 0.21125000000000008 0.18874999999999992
0 0.8887499999999999 0.795625 0.07499999999999982 0.06125000000000007
0 0.553125 0.75625 0.13375000000000004 0.1275000000000001
0 0.428125 0.7206250000000001 0.18125 0.17875000000000013
0 0.22562499999999996 0.748125 0.09875000000000009 0.07874999999999996
0 0.59375 0.7006249999999999 0.09499999999999993 0.10375000000000005
0 0.320625 0.6481250000000001 0.15875000000000003 0.18125
0 0.186875 0.6925 0.12125000000000008 0.09000000000000004
0 0.9600000000000002 0.6512499999999999 0.07999999999999989 0.16000000000000006
0 0.0037499999999999756 0.69375 0.007499999999999951 0.0375
0 0.23124999999999996 0.5431250000000001 0.17250000000000007 0.24874999999999997
0 0.61625 0.530625 0.33999999999999997 0.26125
0 0.43374999999999997 0.5831250000000001 0.0625 0.06375000000000001
0 0.014375000000000082 0.5875 0.028750000000000164 0.0375
0 0.073125 0.45625 0.14625 0.225
0 0.83125 0.525 0.03500000000000014 0.06499999999999995
0 0.41999999999999993 0.38 0.2725000000000001 0.29000000000000004
0 0.04437499999999994 0.26375000000000004 0.08874999999999988 0.4525
0 0.923125 0.425625 0.05875000000000004 0.08625000000000008
0 0.785 0.365 0.17500000000000018 0.1999999999999999
0 0.9800000000000001 0.40625 0.040000000000000036 0.0700000000000001
0 0.5900000000000001 0.41312499999999996 0.09500000000000001 0.053749999999999964
0 0.1825 0.38125 0.1399999999999999 0.11749999999999994
0 0.5912499999999999 0.289375 0.1 0.16374999999999992
0 0.9712500000000001 0.32749999999999996 0.04250000000000007 0.057499999999999975
0 0.298125 0.29437499999999994 0.08125000000000009 0.11875000000000005
0 0.9318750000000001 0.28750000000000003 0.04124999999999997 0.04500000000000002
0 0.7231249999999999 0.2575 0.018749999999999913 0.02749999999999999
0 0.8856250000000001 0.2093750000000001 0.13125 0.11124999999999988
0 0.14750000000000002 0.1325 0.25749999999999995 0.25250000000000006
0 0.260625 0.1993749999999999 0.08624999999999994 0.11375000000000016
0 0.815625 0.221875 0.05125000000000011 0.036250000000000025
0 0.4 0.104375 0.225 0.20875
0 0.80375 0.16625000000000006 0.07250000000000005 0.0525000000000001
0 0.6824999999999999 0.14437499999999998 0.08250000000000002 0.09625000000000028
0 0.603125 0.16437499999999994 0.06875 0.053749999999999964
0 0.6074999999999999 0.05437500000000001 0.18 0.10875000000000001
0 0.488125 0.04062500000000002 0.09374999999999992 0.08125000000000004
0 0.8025 0.03125 0.11000000000000006 0.0625
