0 0.42437500000000006 0.014375000000000002 0.09874999999999998 0.028750000000000005
0 0.1524999999999999 0.031875 0.04749999999999999 0.061250000000000006
0 0.7581249999999999 0.10499999999999998 0.06624999999999996 0.08499999999999999
0 0.11875000000000013 0.171875 0.08499999999999996 0.16624999999999998
0 0.43125 0.2625 0.1625 0.2975
0 0.2725000000000001 0.15 0.03749999999999996 0.032499999999999994
0 0.629375 0.306875 0.1987499999999999 0.20874999999999994
0 0.1025 0.32062500000000005 0.1725 0.17625000000000002
0 0.761875 0.30250000000000005 0.038750000000000104 0.06499999999999999
0 0.8174999999999999 0.303125 0.03749999999999991 0.04875000000000003
0 0.969375 0.3125 0.04375 0.047499999999999966
0 0.32062500000000005 0.40374999999999994 0.20874999999999994 0.20249999999999999
0 0.7731250000000001 0.37124999999999997 0.05875000000000004 0.05
0 0.9225 0.38625 0.05500000000000007 0.05250000000000003
0 0.8306249999999998 0.39625000000000005 0.06624999999999996 0.04750000000000001
0 0.56875 0.44125 0.09499999999999993 0.0625
0 0.9081250000000001 0.5487500000000001 0.053750000000000145 0.07999999999999999
0 0.3237500000000001 0.57875 0.08750000000000005 0.12000000000000002
0 0.8806249999999999 0.659375 0.07125000000000004 0.08874999999999993
0 0.744375 0.681875 0.0887500000000001 0.12374999999999999
0 0.18124999999999997 0.7174999999999999 0.12250000000000019 0.12000000000000002
0 0.10750000000000004 0.739375 0.07999999999999985 0.11125000000000007
0 0.008749999999999925 0.766875 0.01749999999999985 0.09624999999999986
0 0.80625 0.8462500000000001 0.05499999999999998 0.10249999999999995
0 0.08062499999999995 0.913125 0.12874999999999992 0.16625000000000015
0 0.359375 0.9268750000000001 0.11374999999999998 0.14625000000000005
