0 0.29937500000000006 0.9493749999999999 0.06874999999999995 0.053749999999999964
0 0.25375 0.7975 0.20749999999999996 0.22249999999999978
0 0.11500000000000002 0.834375 0.1 0.10125000000000002
0 0.074375 0.6793750000000001 0.10875000000000001 0.11624999999999996
0 0.8556250000000001 0.40125 0.28874999999999995 0.35749999999999993
0 0.32937500000000003 0.516875 0.07875000000000001 0.07624999999999993
0 0.13187500000000002 0.45500000000000007 0.13875 0.15000000000000008
0 0.5875 0.338125 0.24750000000000005 0.22875000000000006
0 0.028750000000000005 0.34625000000000006 0.05750000000000001 0.09249999999999994
0 0.31375000000000003 0.3 0.09000000000000004 0.10750000000000007
0 0.384375 0.32875 0.03375000000000004 0.03249999999999997
0 0.365625 0.19687499999999997 0.15875000000000003 0.16124999999999998
0 0.58375 0.195625 0.05499999999999998 0.06625000000000003
0 0.506875 0.19187499999999996 0.08374999999999995 0.06375000000000006
0 0.479375 0.10562500000000008 0.0887500000000001 0.12124999999999986
0 0.9806250000000001 0.026874999999999982 0.03874999999999993 0.053749999999999964
0 0.296875 0.0025000000000000577 0.06374999999999993 0.0050000000000001155
