0 0.40966796875 0.0380859375 0.1240234375 0.076171875
0 0.03662109375 0.03564453125 0.0458984375 0.0537109375
0 0.30859375 0.1533203125 0.193359375 0.21875
0 0.55419921875 0.1337890625 0.1435546875 0.125
0 0.50732421875 0.18798828125 0.0009765625 0.0009765625
0 0.5791015625 0.28564453125 0.103515625 0.1826171875
0 0.01318359375 0.3212890625 0.0263671875 0.052734375
0 0.60595703125 0.4052734375 0.0888671875 0.04296875
0 0.52587890625 0.404296875 0.0380859375 0.037109375
0 0.31396484375 0.42333984375 0.0751953125 0.0380859375
0 0.59228515625 0.50830078125 0.1787109375 0.1494140625
0 0.3388671875 0.4951171875 0.119140625 0.080078125
0 0.62646484375 0.53369140625 0.0693359375 0.0556640625
0 0.3974609375 0.59814453125 0.107421875 0.1455078125
0 0.31591796875 0.6005859375 0.0615234375 0.1171875
0 0.52294921875 0.62353515625 0.0771484375 0.1123046875
0 0.462890625 0.60888671875 0.04296875 0.0693359375
0 0.646484375 0.65966796875 0.09375 0.1083984375
0 0.47119140625 0.67529296875 0.0556640625 0.0498046875
0 0.68359375 0.74462890625 0.015625 0.0107421875
0 0.66259765625 0.8544921875 0.1513671875 0.21875
0 0.44482421875 0.89306640625 0.2666015625 0.2138671875
0 0.71630859375 0.947265625 0.0791015625 0.08203125
0 0.0712890625 0.982421875 0.103515625 0.03515625
0 0.13232421875 0.98388671875 0.0322265625 0.0322265625
0 0.00390625 0.99365234375 0.0078125 0.0126953125
