0 0.22000000000000003 0.99875 0.13499999999999993 0.002499999999999858
0 0.13874999999999998 0.8962499999999999 0.23500000000000001 0.19749999999999995
0 0.28687500000000005 0.9099999999999999 0.16125000000000003 0.15
0 0.9818749999999999 0.7925 0.036250000000000074 0.24749999999999997
0 0.020000000000000018 0.79125 0.040000000000000036 0.12750000000000003
0 0.47375 0.8425 0.022499999999999964 0.022499999999999964
0 0.10187500000000012 0.796875 0.14624999999999988 0.10375000000000005
0 0.289375 0.6993750000000001 0.13625000000000007 0.18624999999999997
0 0.40875000000000006 0.670625 0.16000000000000006 0.20875000000000005
0 0.14187500000000003 0.66875 0.16624999999999993 0.15750000000000003
0 0.545 0.655625 0.015000000000000036 0.016250000000000143
0 0.06187500000000001 0.5574999999999999 0.12375000000000003 0.18249999999999983
0 0.426875 0.49750000000000005 0.18625000000000003 0.1125
0 0.609375 0.514375 0.028750000000000143 0.026250000000000107
0 0.2225 0.45375 0.20750000000000002 0.13500000000000006
0 0.09312500000000007 0.35625 0.15375000000000016 0.18750000000000006
0 0.46187500000000004 0.34187500000000004 0.28625 0.18625000000000003
0 0.23687500000000003 0.35375 0.09625000000000009 0.09249999999999999
0 0.28375 0.241875 0.16000000000000006 0.15875000000000006
0 0.5425000000000001 0.20687500000000006 0.08500000000000005 0.07125000000000006
0 0.189375 0.18374999999999997 0.08875000000000013 0.07250000000000001
0 0.13125000000000003 0.11687499999999999 0.16249999999999995 0.16875000000000004
0 0.07437500000000002 0.07562499999999994 0.14875000000000005 0.15124999999999988
0 0.5137499999999999 0.11874999999999995 0.05499999999999998 0.060000000000000164
