0 0.8712499999999999 0.35 0.2575000000000001 0.24249999999999994
0 0.984375 0.0037499999999999756 0.03125 0.007499999999999951
0 0.95 0.06562499999999999 0.1 0.08875
0 0.96125 0.013124999999999942 0.054999999999999896 0.026249999999999885
0 0.6875 0.326875 0.195 0.18624999999999997
0 0.6112500000000001 0.750625 0.11499999999999995 0.08624999999999998
0 0.44812499999999994 0.30000000000000004 0.29874999999999996 0.16749999999999998
0 0.37875000000000003 0.39249999999999996 0.15749999999999997 0.13999999999999999
0 0.34562499999999996 0.525625 0.14124999999999996 0.1687499999999999
0 0.38 0.6675 0.0475000000000001 0.040000000000000036
0 0.29874999999999996 0.6631250000000001 0.09250000000000003 0.07874999999999996
0 0.20125 0.544375 0.21750000000000003 0.15625
0 0.14437499999999998 0.88125 0.14875000000000005 0.12249999999999997
0 0.100625 0.736875 0.20125 0.21624999999999997
0 0.08500000000000008 0.22187500000000004 0.14249999999999985 0.18374999999999986
0 0.020625000000000004 0.426875 0.04125000000000001 0.12125000000000004
