0 0.40875000000000006 0.8181249999999999 0.17 0.18124999999999983
0 0.64875 0.72375 0.1325 0.125
0 0.24937500000000004 0.5725 0.053749999999999964 0.05499999999999998
0 0.6856250000000002 0.526875 0.06375000000000001 0.0737499999999999
0 0.8225 0.456875 0.047499999999999876 0.06375000000000001
0 0.500625 0.40875000000000006 0.14375 0.15499999999999994
0 0.666875 0.415625 0.1012500000000001 0.13624999999999998
0 0.781875 0.45625 0.03874999999999993 0.05
0 0.746875 0.4362499999999999 0.03874999999999993 0.06749999999999998
0 0.6068749999999999 0.37 0.02375000000000007 0.022499999999999964
0 0.26625 0.3425 0.050000000000000044 0.04249999999999998
0 0.213125 0.328125 0.04875000000000007 0.04375
0 0.5743750000000001 0.335 0.013750000000000017 0.01250000000000009
0 0.42750000000000005 0.155625 0.2975 0.31125
0 0.5181250000000001 0.23937499999999998 0.08875000000000002 0.11375000000000016
0 0.06875000000000009 0.270625 0.04500000000000015 0.043749999999999956
0 0.014375000000000082 0.19937499999999997 0.028750000000000164 0.04125000000000001
0 0.71375 0.18125000000000002 0.037499999999999825 0.057499999999999885
