0 0.6456249999999999 0.9706250000000001 0.026250000000000016 0.026250000000000107
0 0.21125 0.91375 0.12 0.13750000000000018
0 0.683125 0.936875 0.03125 0.028750000000000143
0 0.6862499999999999 0.85875 0.057500000000000016 0.06999999999999992
0 0.8787500000000001 0.87375 0.022499999999999964 0.037499999999999825
0 0.9381250000000001 0.865 0.03624999999999989 0.03500000000000014
0 0.62625 0.8387499999999999 0.06000000000000005 0.04750000000000014
0 0.568125 0.828125 0.028750000000000053 0.03125
0 0.23249999999999998 0.786875 0.1075 0.11125000000000007
0 0.921875 0.640625 0.15625 0.11624999999999996
0 0.7368750000000001 0.616875 0.03874999999999993 0.03875000000000002
0 0.7081250000000001 0.57875 0.03374999999999995 0.039999999999999945
0 0.9668750000000002 0.55375 0.06125000000000007 0.07000000000000002
0 0.8006249999999999 0.540625 0.046250000000000124 0.09124999999999987
0 0.458125 0.473125 0.04124999999999997 0.09375
0 0.38625000000000004 0.47874999999999995 0.07000000000000002 0.05999999999999996
0 0.304375 0.40062499999999995 0.09125000000000001 0.1312500000000001
0 0.849375 0.37 0.07375000000000007 0.09749999999999996
0 0.999375 0.369375 0.001249999999999929 0.05624999999999991
0 0.5731249999999999 0.19624999999999998 0.51125 0.35
0 0.971875 0.278125 0.05625 0.12374999999999989
0 0.969375 0.21312500000000006 0.06125000000000007 0.10374999999999993
0 0.91875 0.23875000000000002 0.05500000000000007 0.05
0 0.8725000000000002 0.18437500000000004 0.125 0.12374999999999978
0 0.205625 0.14499999999999996 0.15125 0.17500000000000013
