0 0.296875 0.020625 0.07374999999999998 0.04125
0 0.0175 0.073125 0.035 0.14625
0 0.144375 0.058750000000000004 0.11125 0.1075
0 0.45062499999999994 0.18562499999999998 0.06875 0.053750000000000006
0 0.4050000000000001 0.3375 0.20750000000000002 0.22249999999999998
0 0.26625 0.30062500000000003 0.09999999999999995 0.10125000000000002
0 0.22562500000000002 0.45562500000000006 0.10875000000000001 0.11625
0 0.93125 0.73375 0.1375 0.35749999999999993
0 0.480625 0.618125 0.07875000000000006 0.07625000000000001
0 0.28312499999999996 0.6799999999999999 0.13874999999999998 0.15
0 0.73875 0.796875 0.24749999999999997 0.22875000000000006
0 0.164375 0.7887500000000001 0.08875 0.09249999999999989
0 0.00625 0.8162500000000001 0.0125 0.13499999999999995
0 0.465 0.8350000000000002 0.08999999999999994 0.10750000000000011
0 0.535625 0.80625 0.03375000000000004 0.03249999999999993
0 0.516875 0.9287500000000002 0.15874999999999995 0.1424999999999999
0 0.735 0.9393750000000001 0.05499999999999998 0.06624999999999996
0 0.658125 0.943125 0.08375000000000003 0.06374999999999993
0 0.630625 0.984375 0.08874999999999993 0.03125
