0 0.10750000000000004 0.23125 0.1200000000000001 0.1125
0 0.5175000000000001 0.406875 0.17 0.16375
0 0.79375 0.36062500000000003 0.06750000000000007 0.06624999999999996
0 0.9881249999999999 0.36875 0.02375000000000007 0.06999999999999998
0 0.39499999999999996 0.369375 0.047500000000000056 0.06625000000000006
0 0.258125 0.418125 0.20125000000000007 0.13875
0 0.94375 0.4125 0.08499999999999996 0.12249999999999997
0 0.07562499999999994 0.42625 0.15124999999999988 0.125
0 0.63625 0.445625 0.047499999999999966 0.06374999999999993
0 0.866875 0.47750000000000004 0.09625000000000003 0.10250000000000004
0 0.380625 0.5493750000000001 0.12374999999999999 0.13625000000000007
0 0.021250000000000047 0.650625 0.04250000000000009 0.1437500000000001
0 0.819375 0.62375 0.05625 0.08250000000000002
0 0.3506250000000001 0.790625 0.23375000000000004 0.17124999999999996
0 0.560625 0.8037500000000002 0.16624999999999995 0.17249999999999996
0 0.019374999999999976 0.7975 0.03874999999999995 0.13249999999999992
0 0.9724999999999999 0.8168750000000001 0.05500000000000007 0.06375000000000001
0 0.438125 0.9181250000000001 0.40625 0.16374999999999992
0 0.23312500000000008 0.9724999999999999 0.08124999999999996 0.05500000000000007
0 0.12437499999999994 0.9806250000000001 0.14125 0.03874999999999993
