0 0.19125 0.99875 0.08 0.002499999999999858
0 0.7581249999999999 0.9868750000000001 0.05625 0.02624999999999993
0 0.44125 0.9887499999999999 0.02499999999999991 0.022499999999999964
0 0.8868749999999999 0.91875 0.07125000000000004 0.05250000000000003
0 0.9881249999999999 0.820625 0.02375000000000007 0.14874999999999988
0 0.48125 0.8418749999999999 0.039999999999999945 0.053750000000000145
0 0.06812500000000002 0.818125 0.09375000000000001 0.06625000000000006
0 0.891875 0.81875 0.14625000000000005 0.06500000000000013
0 0.73125 0.744375 0.24250000000000008 0.1812499999999999
0 0.00375 0.7931250000000001 0.0075 0.03125000000000009
0 0.165625 0.7825 0.05125 0.05250000000000003
0 0.9981249999999999 0.7268749999999999 0.0037499999999999643 0.05125000000000002
0 0.011875 0.72 0.02375 0.05750000000000011
0 0.15812500000000002 0.723125 0.036249999999999984 0.04124999999999997
0 0.349375 0.656875 0.12625000000000003 0.13125
0 0.13125 0.630625 0.1375 0.12374999999999999
0 0.97625 0.6125 0.047499999999999966 0.09499999999999993
0 0.5549999999999999 0.548125 0.07750000000000004 0.10375000000000005
0 0.36125 0.510625 0.10499999999999998 0.13874999999999993
0 0.480625 0.506875 0.12625000000000003 0.12375000000000007
0 0.05874999999999999 0.426875 0.11749999999999998 0.21875
0 0.8949999999999999 0.40499999999999997 0.11500000000000003 0.10750000000000011
0 0.84375 0.30624999999999997 0.3125 0.07999999999999999
0 0.583125 0.23125 0.16624999999999995 0.13249999999999992
0 0.059375 0.19 0.11875 0.20749999999999993
0 0.13125 0.21437499999999998 0.08499999999999999 0.10875000000000012
0 0.42374999999999996 0.1943749999999999 0.09000000000000004 0.0412500000000001
0 0.265 0.14874999999999994 0.09500000000000001 0.07500000000000018
