0 0.225 0.9349999999999999 0.06250000000000003 0.05500000000000007
0 0.38 0.8699999999999999 0.17999999999999988 0.10250000000000004
0 0.023125000000000007 0.786875 0.04625000000000001 0.14375
0 0.994375 0.7831250000000001 0.01125000000000007 0.03875000000000002
0 0.023749999999999993 0.343125 0.04749999999999999 0.19124999999999986
0 0.603125 0.35 0.15625 0.14749999999999996
0 0.7362500000000001 0.40249999999999997 0.04250000000000007 0.030000000000000027
0 0.9912500000000002 0.28375000000000006 0.017499999999999894 0.05999999999999992
0 0.718125 0.251875 0.06374999999999993 0.07625000000000001
0 0.64125 0.181875 0.21999999999999992 0.1912499999999999
0 0.17624999999999996 0.19312499999999994 0.2125 0.15875000000000006
0 0.041874999999999996 0.15375000000000005 0.08374999999999999 0.23499999999999988
0 0.7981250000000001 0.195 0.10125000000000002 0.14249999999999993
0 0.6599999999999999 0.04375000000000001 0.2375000000000001 0.08750000000000002
0 0.03437499999999999 0.03125 0.04375000000000007 0.039999999999999813
0 0.16125 0.021874999999999978 0.09000000000000008 0.043749999999999956
0 0.07374999999999998 0.020625000000000004 0.07499999999999973 0.04125000000000001
