0 0.8362499999999999 0.15375 0.2425 0.3075
0 0.859375 0.36250000000000004 0.18625000000000008 0.195
0 0.43562500000000004 0.43875000000000003 0.08624999999999994 0.11500000000000003
0 0.001875 0.5131249999999999 0.00375 0.19625000000000004
0 0.8862500000000001 0.6018749999999999 0.1674999999999999 0.2987499999999999
0 0.79375 0.67125 0.13999999999999996 0.15749999999999992
0 0.660625 0.704375 0.16875 0.14124999999999996
0 0.51875 0.67 0.039999999999999855 0.047499999999999966
0 0.5231250000000001 0.75125 0.07874999999999996 0.09249999999999999
0 0.641875 0.8487500000000001 0.15625 0.2174999999999999
0 0.07500000000000001 0.821875 0.11500000000000002 0.11625000000000005
0 0.305 0.905625 0.12250000000000001 0.14875000000000008
0 0.449375 0.9243750000000001 0.21625 0.15124999999999994
0 0.93625 0.946875 0.12749999999999986 0.10625
