0 0.163125 0.10125000000000002 0.32625 0.20250000000000004
0 0.49749999999999994 0.075625 0.10250000000000004 0.15125
0 0.27125 0.270625 0.17749999999999996 0.17375
0 0.495 0.35374999999999995 0.22750000000000004 0.30749999999999994
0 0.774375 0.3475 0.19625000000000012 0.21249999999999997
0 0.13875 0.375625 0.1125 0.15125000000000002
0 0.334375 0.47625 0.14375 0.15250000000000002
0 0.5574999999999999 0.679375 0.13999999999999996 0.2437499999999999
0 0.393125 0.6543749999999999 0.14624999999999994 0.19125000000000006
0 0.2625 0.686875 0.2125 0.20124999999999993
0 0.0725 0.6762499999999999 0.145 0.15249999999999994
0 0.9237500000000001 0.7150000000000001 0.15250000000000002 0.16749999999999998
0 0.22874999999999995 0.868125 0.25749999999999995 0.26375000000000004
0 0.062499999999999986 0.828125 0.10999999999999999 0.13374999999999995
0 0.445 0.865 0.1700000000000001 0.1875
