0 0.9618749999999998 0.9881249999999999 0.07625000000000011 0.02375000000000007
0 0.9181249999999999 0.8487500000000001 0.16375000000000012 0.18499999999999997
0 0.920625 0.4525 0.15874999999999986 0.32
0 0.9774999999999998 0.078125 0.04500000000000011 0.043749999999999956
0 0.8706250000000001 0.959375 0.12124999999999986 0.08125
0 0.7043750000000001 0.836875 0.24375000000000008 0.32624999999999993
0 0.726875 0.5025000000000001 0.18625000000000008 0.10250000000000004
0 0.514375 0.72875 0.17375000000000007 0.17750000000000005
0 0.43125 0.505 0.3075000000000001 0.22750000000000004
0 0.4375 0.2256249999999999 0.21249999999999997 0.19625000000000015
0 0.409375 0.8612500000000001 0.15124999999999997 0.11250000000000018
0 0.30875 0.665625 0.1525 0.14375
0 0.11375000000000002 0.44250000000000006 0.22750000000000004 0.13999999999999996
0 0.13062499999999994 0.6068749999999999 0.19125 0.14624999999999985
0 0.09937500000000005 0.7375 0.1987500000000001 0.2125
0 0.10875000000000008 0.9275 0.1525000000000002 0.14499999999999993
0 0.07687500000000008 0.07625000000000004 0.15375000000000016 0.15250000000000008
0 0.024374999999999925 0.77125 0.04874999999999985 0.25749999999999995
0 0.011875000000000024 0.9375 0.02375000000000005 0.10999999999999996
0 0.0068750000000000755 0.5549999999999999 0.013750000000000151 0.1700000000000001
