0 0.38625 0.9818749999999999 0.06499999999999999 0.036250000000000074
0 0.85125 0.95375 0.15250000000000002 0.09250000000000007
0 0.7056250000000001 0.965625 0.09625000000000013 0.06875
0 0.04875000000000007 0.9743750000000002 0.039999999999999813 0.046250000000000034
0 0.39937500000000004 0.8643750000000001 0.06125000000000007 0.06624999999999996
0 0.17500000000000004 0.8275 0.07749999999999993 0.075
0 0.10375000000000005 0.714375 0.07000000000000017 0.0737499999999999
0 0.60375 0.6649999999999999 0.15750000000000003 0.14000000000000004
0 0.760625 0.5806250000000001 0.11624999999999996 0.12124999999999994
0 0.36624999999999996 0.534375 0.16750000000000004 0.20374999999999996
0 0.609375 0.5362500000000001 0.16374999999999992 0.13000000000000017
0 0.08937499999999998 0.545 0.053749999999999964 0.07750000000000004
0 0.594375 0.31812500000000005 0.22374999999999998 0.36875
0 0.224375 0.40625 0.053749999999999964 0.0625
0 0.95 0.34 0.1 0.12750000000000003
0 0.99375 0.20687499999999998 0.0125 0.14875000000000005
0 0.022500000000000075 0.19312499999999994 0.04500000000000015 0.0687500000000002
0 0.38687499999999997 0.17375000000000002 0.06375000000000001 0.08500000000000008
0 0.17375000000000002 0.14187500000000003 0.07999999999999999 0.07625000000000004
0 0.36062500000000003 0.06562499999999999 0.07625000000000007 0.13124999999999998
0 0.608125 0.053750000000000075 0.20124999999999993 0.10750000000000015
0 0.871875 0.05250000000000005 0.10124999999999992 0.1050000000000001
0 0.29375 0.039999999999999925 0.09249999999999989 0.07999999999999985
0 0.19187499999999996 0.039999999999999925 0.08875000000000002 0.07999999999999985
0 0.09249999999999997 0.018125000000000058 0.10750000000000004 0.036250000000000115
0 0.388125 0.0037499999999999756 0.08375000000000013 0.007499999999999951
