0 0.365 0.1275 0.2425 0.255
0 0.011249999999999982 0.014375000000000002 0.022499999999999964 0.028750000000000005
0 0.08062500000000006 0.04875 0.08874999999999988 0.0975
0 0.020625000000000004 0.03625 0.04125000000000001 0.05499999999999999
0 0.34187500000000004 0.30999999999999994 0.18625000000000003 0.19499999999999992
0 0.765625 0.38625 0.08625000000000008 0.11500000000000003
0 0.31500000000000006 0.5493750000000001 0.16750000000000012 0.29874999999999996
0 0.40750000000000003 0.61875 0.14000000000000004 0.15749999999999992
0 0.540625 0.6518750000000001 0.16875 0.14125000000000004
0 0.6825 0.6174999999999999 0.040000000000000036 0.047499999999999966
0 0.678125 0.69875 0.07875000000000014 0.09250000000000007
0 0.559375 0.79625 0.15625 0.21750000000000008
0 0.8962499999999999 0.853125 0.12249999999999997 0.14875
0 0.751875 0.898125 0.21624999999999997 0.20374999999999996
0 0.23687499999999995 0.9125 0.18375000000000005 0.1424999999999999
0 0.441875 0.978125 0.12125000000000004 0.04375
