0 0.12062499999999998 0.188125 0.17625000000000002 0.14125000000000001
0 0.990625 0.1775 0.01875 0.057500000000000016
0 0.078125 0.31062500000000004 0.15625 0.24125000000000002
0 0.33875 0.33 0.23500000000000004 0.20750000000000002
0 0.181875 0.32125000000000004 0.05125000000000002 0.085
0 0.15875 0.45625 0.1749999999999999 0.16
0 0.805625 0.42937499999999995 0.028750000000000143 0.026250000000000016
0 0.8962499999999999 0.5025000000000001 0.05750000000000011 0.057500000000000016
0 0.496875 0.6268749999999998 0.32124999999999987 0.24874999999999997
0 0.9756250000000002 0.594375 0.04874999999999989 0.06624999999999988
0 0.5987500000000001 0.8375 0.34500000000000003 0.325
0 0.010624999999999996 0.740625 0.02124999999999999 0.04874999999999998
0 0.395625 0.76625 0.08125000000000009 0.08000000000000007
0 0.929375 0.8556250000000001 0.14124999999999996 0.18125
0 0.45375 0.81875 0.08250000000000002 0.075
0 0.8068750000000001 0.85125 0.11624999999999996 0.12999999999999998
0 0.021874999999999978 0.8550000000000001 0.043749999999999956 0.13250000000000012
0 0.13125000000000003 0.874375 0.11499999999999988 0.09624999999999986
0 0.06 0.9018749999999999 0.05500000000000005 0.04875000000000007
0 0.198125 0.9568749999999999 0.08624999999999994 0.08625000000000008
0 0.836875 0.9643750000000001 0.13875 0.07125000000000004
0 0.051875000000000004 0.965625 0.10375000000000001 0.06875
0 0.9481249999999999 0.9818749999999999 0.10374999999999997 0.036250000000000074
0 0.656875 0.9875 0.19124999999999986 0.025
