0 0.66625 0.12687500000000002 0.34249999999999997 0.23625
0 0.30375 0.08875000000000005 0.1375000000000001 0.14500000000000013
0 0.009999999999999953 0.05187499999999995 0.019999999999999907 0.05125000000000013
0 0.009375000000000022 0.10812499999999999 0.018750000000000044 0.04625000000000001
0 0.459375 0.1875 0.08125 0.14000000000000012
0 0.34875 0.1775 0.10250000000000004 0.08749999999999991
0 0.022500000000000075 0.19437499999999996 0.04500000000000015 0.09125000000000005
0 0.8612499999999998 0.276875 0.0625 0.08125
0 0.055625000000000036 0.28875 0.08625000000000016 0.07750000000000004
0 0.38625 0.33625 0.10250000000000004 0.10750000000000007
0 0.159375 0.30812500000000004 0.04624999999999979 0.04375000000000009
0 0.024374999999999925 0.340625 0.04874999999999985 0.05625
0 0.1456249999999999 0.37062500000000004 0.06875000000000009 0.06375000000000001
0 0.875625 0.4387499999999999 0.18874999999999992 0.1999999999999999
0 0.05999999999999994 0.374375 0.08500000000000019 0.06374999999999997
0 0.04500000000000004 0.44562500000000005 0.05249999999999999 0.06374999999999983
0 0.11375000000000002 0.6 0.22750000000000004 0.3724999999999999
0 0.11250000000000004 0.44749999999999995 0.03500000000000014 0.05999999999999996
0 0.06937500000000008 0.4643750000000001 0.05875000000000008 0.08875000000000002
0 0.40499999999999997 0.48187499999999994 0.1474999999999999 0.11374999999999993
0 0.20374999999999996 0.52125 0.09250000000000003 0.09500000000000001
0 0.363125 0.5206249999999999 0.03375000000000004 0.05625000000000009
0 0.426875 0.5706249999999999 0.046250000000000034 0.03874999999999993
0 0.37875 0.6125 0.11999999999999993 0.10499999999999998
0 0.210625 0.649375 0.09625000000000006 0.10374999999999997
0 0.285625 0.6612500000000001 0.046250000000000124 0.04249999999999998
0 0.11812499999999992 0.680625 0.04874999999999985 0.05625000000000009
0 0.17375000000000007 0.68 0.02499999999999991 0.022500000000000055
0 0.04749999999999993 0.7706249999999999 0.06999999999999995 0.036249999999999984
0 0.046875 0.8481249999999999 0.09375 0.08375000000000003
0 0.07562499999999994 0.9237500000000001 0.07124999999999981 0.0825000000000001
