0 0.8275 0.06625 0.3449999999999999 0.1325
0 0.978125 0.194375 0.04375 0.13874999999999998
0 0.9262499999999999 0.181875 0.09249999999999989 0.10375000000000004
0 0.715625 0.16375 0.05625 0.05249999999999999
0 0.7112499999999999 0.299375 0.14000000000000004 0.23625
0 0.499375 0.3725 0.30125 0.20750000000000002
0 0.628125 0.426875 0.15375000000000005 0.13875000000000007
0 0.8087500000000001 0.376875 0.047499999999999876 0.03125
0 0.776875 0.45 0.061249999999999895 0.06750000000000007
0 0.6481250000000001 0.591875 0.14124999999999996 0.14625000000000005
0 0.5131249999999999 0.668125 0.17375 0.16624999999999995
0 0.271875 0.64 0.07875000000000001 0.08499999999999996
0 0.04500000000000004 0.7725 0.09000000000000008 0.16249999999999992
0 0.8006250000000001 0.7612500000000001 0.16375000000000012 0.13000000000000006
0 0.859375 0.865625 0.28125 0.26875
0 0.6112499999999998 0.791875 0.09500000000000001 0.08375000000000003
0 0.9875 0.849375 0.025 0.10625
0 0.10125000000000002 0.8868750000000001 0.09249999999999992 0.15875000000000022
0 0.7112499999999999 0.89375 0.17999999999999988 0.15249999999999986
0 0.20687499999999998 0.90625 0.06874999999999998 0.04499999999999993
0 0.64375 0.959375 0.11749999999999998 0.08125
0 0.15999999999999998 0.9600000000000002 0.05999999999999972 0.04999999999999982
