0 0.9724999999999999 0.04125 0.05500000000000007 0.052500000000000005
0 0.053125 0.09312500000000001 0.03125 0.04625
0 0.575 0.118125 0.039999999999999855 0.05375
0 0.161875 0.141875 0.09374999999999997 0.06625
0 0.95625 0.14125 0.0875 0.06499999999999999
0 0.825 0.215625 0.24250000000000008 0.18125
0 0.084375 0.166875 0.033750000000000016 0.03125
0 0.259375 0.1775 0.05124999999999993 0.05249999999999997
0 0.09312499999999999 0.24 0.04874999999999998 0.057500000000000016
0 0.251875 0.23687500000000003 0.036249999999999984 0.04125000000000001
0 0.44312500000000005 0.303125 0.12625000000000003 0.13125
0 0.225 0.32937500000000003 0.1375 0.12374999999999994
0 0.044375 0.346875 0.08875 0.13125
0 0.6487499999999999 0.41187500000000005 0.07750000000000004 0.10375000000000005
0 0.45499999999999996 0.449375 0.1049999999999999 0.13875
0 0.5743750000000001 0.453125 0.12625000000000003 0.12375000000000007
0 0.1275 0.533125 0.16749999999999998 0.21875
0 0.965625 0.5549999999999999 0.06875 0.10750000000000011
0 0.890625 0.6537499999999999 0.21875 0.07999999999999999
0 0.676875 0.72875 0.16624999999999995 0.1325
0 0.10625 0.77 0.2125 0.2075000000000001
0 0.225 0.7456250000000001 0.08500000000000003 0.10874999999999994
0 0.5175 0.765625 0.09000000000000004 0.04124999999999997
0 0.35875 0.81125 0.09499999999999997 0.075
