0 0.663125 0.133125 0.09874999999999998 0.14625
0 0.605 0.28625 0.12249999999999997 0.13249999999999998
0 0.4 0.29500000000000004 0.1 0.11499999999999999
0 0.20812499999999998 0.40750000000000003 0.12875 0.15
0 0.959375 0.49437499999999995 0.08125 0.25125000000000003
0 0.148125 0.51 0.11625 0.10749999999999993
0 0.23812499999999998 0.641875 0.11374999999999998 0.13125
0 0.75125 0.7050000000000001 0.20250000000000004 0.22749999999999995
0 0.18375 0.8943749999999999 0.1825 0.19125000000000006
0 0.40124999999999994 0.88375 0.08999999999999994 0.13500000000000015
0 0.75125 0.9862500000000001 0.0875 0.027500000000000035
0 0.6325000000000001 0.9956250000000001 0.15999999999999998 0.008750000000000036
