0 0.618125 0.013124999999999998 0.023749999999999983 0.018749999999999996
0 0.373125 0.0875 0.04874999999999998 0.057500000000000016
0 0.48625000000000007 0.09937499999999999 0.04999999999999991 0.036249999999999984
0 0.306875 0.195625 0.043749999999999914 0.03125
0 0.74875 0.33562499999999995 0.20000000000000018 0.10125000000000002
0 0.18375000000000008 0.39625 0.01750000000000007 0.027499999999999948
0 0.7074999999999999 0.46687500000000004 0.13999999999999996 0.16374999999999998
0 0.25125000000000003 0.44312500000000005 0.07750000000000004 0.07624999999999993
0 0.42625 0.4725 0.185 0.11749999999999998
0 0.17874999999999996 0.43249999999999994 0.02499999999999991 0.02999999999999998
0 0.2 0.44250000000000006 0.022500000000000096 0.03500000000000005
0 0.47687500000000005 0.45 0.036249999999999984 0.039999999999999945
0 0.5775 0.45375 0.0375 0.03249999999999993
0 0.17874999999999996 0.48875 0.03249999999999997 0.04249999999999989
0 0.5237499999999999 0.5887499999999999 0.14749999999999996 0.1625000000000001
0 0.889375 0.6075 0.2062500000000001 0.19749999999999995
0 0.10749999999999997 0.6918749999999999 0.04249999999999987 0.05625
0 0.6325000000000001 0.7068749999999999 0.06500000000000003 0.043749999999999914
0 0.8431249999999999 0.735 0.056250000000000175 0.04499999999999993
0 0.47625 0.759375 0.05999999999999996 0.04375
0 0.620625 0.785625 0.0737499999999999 0.09124999999999997
0 0.26999999999999996 0.880625 0.5399999999999999 0.23875000000000002
0 0.37124999999999997 0.8506250000000002 0.13749999999999996 0.14124999999999996
0 0.51125 0.9181250000000001 0.11500000000000003 0.14875000000000008
0 0.9925 0.9475 0.015000000000000036 0.10500000000000007
0 0.97 0.9868750000000001 0.060000000000000143 0.02624999999999993
0 0.5775 0.9868750000000001 0.10499999999999998 0.02624999999999993
