0 0.34875 0.975 0.22750000000000004 0.05
0 0.26562500000000006 0.93875 0.19624999999999992 0.12250000000000014
0 0.524375 0.905 0.03125 0.04249999999999989
0 0.47125000000000006 0.805625 0.05500000000000007 0.13125
0 0.022500000000000075 0.8225000000000001 0.04500000000000015 0.06500000000000003
0 0.27 0.726875 0.09499999999999993 0.08624999999999998
0 0.991875 0.656875 0.016249999999999966 0.06624999999999988
0 0.571875 0.564375 0.08624999999999998 0.12374999999999989
0 0.8637499999999999 0.33875 0.27249999999999996 0.5299999999999999
0 0.48937500000000006 0.525625 0.12625000000000003 0.1512500000000001
0 0.04062499999999997 0.5237499999999999 0.05625000000000002 0.04500000000000011
0 0.39187500000000003 0.46312499999999995 0.08124999999999996 0.09375
0 0.670625 0.46375 0.028750000000000053 0.0700000000000001
0 0.6068749999999999 0.42437500000000006 0.12625000000000003 0.10374999999999987
0 0.7037500000000001 0.34812499999999996 0.047499999999999966 0.06625000000000006
0 0.635 0.32875000000000004 0.07499999999999991 0.07750000000000004
0 0.2475 0.3193750000000001 0.04999999999999991 0.05625000000000004
0 0.30562500000000004 0.275625 0.05624999999999991 0.12374999999999999
0 0.18812499999999993 0.255 0.08625000000000005 0.14500000000000016
0 0.703125 0.28562499999999996 0.06875 0.036249999999999984
0 0.05937500000000001 0.25125000000000003 0.03874999999999995 0.03500000000000001
0 0.11187499999999984 0.19 0.09375 0.1124999999999999
0 0.6231249999999999 0.21687499999999998 0.04874999999999998 0.05874999999999995
0 0.9087500000000001 0.0799999999999999 0.14250000000000007 0.15749999999999986
0 0.050624999999999976 0.09124999999999994 0.06374999999999986 0.07499999999999996
0 0.10437500000000006 0.10875000000000008 0.026249999999999774 0.03499999999999981
0 0.641875 0.06187500000000001 0.15375000000000005 0.12375000000000003
0 0.426875 0.060624999999999984 0.10124999999999998 0.09625000000000006
0 0.01874999999999999 0.041874999999999996 0.03749999999999998 0.08374999999999999
0 0.9668749999999999 0.030625000000000013 0.06624999999999996 0.06125000000000003
0 0.10312500000000002 0.038124999999999964 0.036250000000000115 0.036250000000000115
