0 0.18000000000000005 0.0675 0.07250000000000001 0.085
0 0.590625 0.108125 0.19624999999999987 0.13874999999999998
0 0.366875 0.085 0.06375000000000011 0.07500000000000001
0 0.26999999999999996 0.080625 0.03500000000000005 0.03874999999999999
0 0.08250000000000002 0.11625 0.07499999999999973 0.1
0 0.01874999999999999 0.11499999999999999 0.03749999999999998 0.0875
0 0.4525 0.12 0.08000000000000007 0.07499999999999998
0 0.69 0.161875 0.04249999999999989 0.06375
0 0.354375 0.3925 0.02124999999999999 0.020000000000000018
0 0.83125 0.47437500000000005 0.15750000000000003 0.15375
0 0.288125 0.4643750000000001 0.05874999999999995 0.05624999999999991
0 0.49124999999999996 0.5325 0.17750000000000005 0.17749999999999994
0 0.951875 0.528125 0.07125000000000004 0.11625000000000014
0 0.765625 0.708125 0.19875000000000007 0.41624999999999995
0 0.656875 0.5287499999999999 0.07875000000000014 0.04500000000000002
0 0.849375 0.57875 0.13874999999999993 0.09499999999999993
0 0.5268750000000001 0.63625 0.06375000000000001 0.0625
0 0.45625 0.6699999999999999 0.06750000000000007 0.0750000000000001
0 0.47687500000000005 0.743125 0.06125000000000007 0.05874999999999995
0 0.6081249999999999 0.815625 0.1062500000000001 0.11125000000000007
0 0.488125 0.85375 0.15875000000000003 0.13000000000000006
0 0.34875 0.8650000000000002 0.09499999999999997 0.10999999999999996
0 0.515625 0.9262499999999999 0.07375000000000007 0.040000000000000036
0 0.793125 0.95625 0.12125000000000004 0.0875
0 0.6575 0.959375 0.14499999999999993 0.08125
0 0.3325 0.975 0.15749999999999992 0.05
