0 0.15624999999999994 0.968125 0.1350000000000001 0.06374999999999993
0 0.09625000000000006 0.8350000000000002 0.19250000000000012 0.19749999999999995
0 0.22312499999999993 0.8487499999999999 0.16125000000000012 0.15
0 0.95 0.73125 0.1 0.24750000000000014
0 0.41000000000000003 0.78125 0.022499999999999964 0.022499999999999964
0 0.055624999999999925 0.735625 0.11124999999999985 0.10374999999999997
0 0.22562499999999996 0.6381249999999999 0.13624999999999998 0.18624999999999997
0 0.34500000000000003 0.609375 0.15999999999999998 0.20875000000000005
0 0.08062500000000006 0.6075 0.16125000000000012 0.1575000000000001
0 0.48125 0.594375 0.015000000000000036 0.016250000000000143
0 0.030000000000000082 0.49625 0.060000000000000164 0.18249999999999994
0 0.36312500000000003 0.4362500000000001 0.18624999999999997 0.11250000000000009
0 0.545625 0.453125 0.028749999999999963 0.026250000000000107
0 0.15875 0.39249999999999996 0.20749999999999993 0.135
0 0.05312499999999998 0.29500000000000004 0.10624999999999996 0.1875
0 0.39812499999999995 0.280625 0.28625 0.18625000000000003
0 0.17312499999999997 0.2925 0.09624999999999995 0.09250000000000007
0 0.22000000000000003 0.18062499999999998 0.16000000000000003 0.15875000000000006
0 0.47875000000000006 0.145625 0.08499999999999996 0.07125000000000004
0 0.1256250000000001 0.12249999999999994 0.0887500000000001 0.07249999999999979
0 0.07437500000000002 0.07 0.14875000000000005 0.14
0 0.04249999999999998 0.04500000000000004 0.08499999999999996 0.09000000000000008
0 0.45 0.05750000000000005 0.05500000000000007 0.05999999999999994
