0 0.011249999999999982 0.6331249999999999 0.022499999999999964 0.06875
0 0.14750000000000008 0.67875 0.22249999999999992 0.20749999999999993
0 0.11062500000000015 0.8174999999999999 0.10124999999999995 0.09999999999999991
0 0.265625 0.858125 0.11624999999999996 0.10875000000000004
0 0.54375 0.11062499999999997 0.35750000000000004 0.22124999999999995
0 0.428125 0.603125 0.07624999999999993 0.07875000000000014
0 0.48999999999999994 0.8006249999999999 0.15 0.13874999999999993
0 0.6068749999999999 0.345 0.22875000000000006 0.24750000000000005
0 0.5987500000000001 0.9193749999999999 0.09249999999999999 0.08874999999999993
0 0.645 0.61875 0.10749999999999993 0.09000000000000012
0 0.61625 0.548125 0.03249999999999993 0.03375000000000004
0 0.7481249999999999 0.566875 0.16124999999999998 0.15875000000000003
0 0.749375 0.34875 0.06624999999999988 0.05499999999999994
0 0.753125 0.42562500000000003 0.06375000000000011 0.08375000000000003
0 0.8393750000000001 0.453125 0.12124999999999994 0.0887500000000001
0 0.97 0.6356249999999999 0.060000000000000143 0.06375000000000001
0 0.9724999999999999 0.48875 0.05500000000000007 0.2625
0 0.9756250000000002 0.82875 0.04874999999999989 0.3425000000000001
0 0.9774999999999998 0.03437499999999999 0.04500000000000011 0.06874999999999998
