0 0.9275 0.114375 0.14499999999999993 0.22875
0 0.975 0.45 0.05 0.19250000000000003
0 0.984375 0.900625 0.03125 0.16125000000000006
0 0.9256250000000001 0.574375 0.14874999999999988 0.13375000000000004
0 0.99 0.333125 0.019999999999999928 0.05625000000000013
0 0.8887499999999999 0.97625 0.21000000000000005 0.047499999999999966
0 0.93875 0.661875 0.05250000000000003 0.053749999999999964
0 0.91625 0.719375 0.057499999999999926 0.036249999999999984
0 0.8893749999999999 0.89625 0.08625000000000008 0.04250000000000007
0 0.818125 0.25687499999999996 0.18875000000000003 0.21125000000000016
0 0.8793749999999999 0.15124999999999994 0.061249999999999895 0.07500000000000007
0 0.8400000000000001 0.48687500000000006 0.1275000000000001 0.13374999999999995
0 0.804375 0.6118750000000001 0.17874999999999996 0.18125
0 0.8318749999999999 0.8143750000000001 0.07875000000000006 0.0987499999999999
0 0.7843749999999999 0.4462499999999999 0.10374999999999997 0.09500000000000006
0 0.7318749999999999 0.719375 0.18125 0.15874999999999995
0 0.77625 0.853125 0.09000000000000004 0.12124999999999994
0 0.735 0.05999999999999994 0.15999999999999978 0.11999999999999988
0 0.626875 0.8087500000000001 0.2487499999999999 0.17249999999999988
0 0.6143750000000001 0.42374999999999996 0.26125 0.3400000000000001
0 0.6668749999999999 0.60625 0.06375000000000001 0.0625
0 0.54 0.946875 0.225 0.10625
0 0.60875 0.20875 0.06499999999999995 0.03500000000000014
0 0.46375 0.62 0.29000000000000004 0.27249999999999996
0 0.34750000000000003 0.9756250000000002 0.45249999999999985 0.04874999999999989
0 0.509375 0.11687500000000002 0.08624999999999998 0.05874999999999997
0 0.44875 0.25500000000000006 0.2 0.17499999999999993
0 0.49000000000000005 0.05062499999999992 0.07000000000000002 0.05874999999999986
0 0.4968749999999999 0.45 0.053749999999999964 0.09499999999999993
0 0.46499999999999997 0.8574999999999999 0.1174999999999999 0.14000000000000004
0 0.37312500000000004 0.44875 0.16374999999999998 0.10000000000000013
0 0.4112499999999999 0.06875000000000003 0.057500000000000016 0.04250000000000009
0 0.378125 0.741875 0.11875 0.0812499999999999
0 0.37125 0.10812499999999999 0.04500000000000006 0.0412499999999999
0 0.34125 0.31687499999999996 0.027499999999999948 0.018749999999999913
0 0.293125 0.15437499999999993 0.11124999999999993 0.1312500000000001
0 0.21625000000000005 0.881875 0.25249999999999995 0.23625
0 0.28312499999999996 0.7793749999999999 0.11375000000000002 0.08624999999999998
0 0.305625 0.22437500000000005 0.036249999999999984 0.05124999999999991
0 0.16750000000000004 0.6399999999999999 0.24999999999999992 0.225
0 0.25 0.23625 0.05250000000000003 0.07250000000000001
0 0.22812500000000005 0.35749999999999993 0.09624999999999997 0.08250000000000002
0 0.24812499999999998 0.436875 0.053750000000000055 0.06875
0 0.13937499999999997 0.0012499999999999178 0.11124999999999996 0.0024999999999998357
0 0.09625000000000006 0.4325 0.19250000000000012 0.17999999999999994
0 0.0893750000000001 0.551875 0.15124999999999988 0.09375
0 0.08250000000000002 0.2374999999999999 0.12749999999999995 0.1100000000000001
0 0.03687500000000005 0.825 0.0737500000000001 0.2825000000000002
0 0.021250000000000047 0.62125 0.04250000000000009 0.11500000000000003
