0 0.0068359375 0.14599609375 0.013671875 0.0244140625
0 0.0361328125 0.58935546875 0.072265625 0.0986328125
0 0.0205078125 0.05810546875 0.03125 0.0263671875
0 0.10498046875 0.36279296875 0.0517578125 0.0634765625
0 0.09912109375 0.03173828125 0.0361328125 0.0224609375
0 0.146484375 0.0380859375 0.0234375 0.04296875
0 0.17578125 0.69140625 0.076171875 0.076171875
0 0.20751953125 0.03173828125 0.0830078125 0.0634765625
0 0.2734375 0.96533203125 0.087890625 0.0693359375
0 0.26611328125 0.7080078125 0.0439453125 0.0546875
0 0.32666015625 0.9052734375 0.1064453125 0.119140625
0 0.33349609375 0.63525390625 0.0751953125 0.0751953125
0 0.30810546875 0.70703125 0.0244140625 0.03125
0 0.31787109375 0.42919921875 0.0322265625 0.0400390625
0 0.34765625 0.81396484375 0.048828125 0.0478515625
0 0.33740234375 0.73095703125 0.0263671875 0.0341796875
0 0.4130859375 0.9560546875 0.119140625 0.087890625
0 0.46533203125 0.38916015625 0.1787109375 0.1650390625
0 0.4365234375 0.85595703125 0.107421875 0.1376953125
0 0.44775390625 0.6259765625 0.1064453125 0.125
0 0.431640625 0.51416015625 0.064453125 0.0693359375
0 0.47265625 0.091796875 0.078125 0.1015625
0 0.505859375 0.244140625 0.119140625 0.119140625
0 0.57373046875 0.08056640625 0.0615234375 0.0712890625
0 0.58251953125 0.0185546875 0.0615234375 0.037109375
0 0.6181640625 0.72265625 0.109375 0.212890625
0 0.61376953125 0.86474609375 0.0830078125 0.0615234375
0 0.63037109375 0.56103515625 0.0908203125 0.0751953125
0 0.6396484375 0.44775390625 0.1015625 0.1396484375
0 0.6416015625 0.33056640625 0.087890625 0.0869140625
0 0.6611328125 0.97265625 0.1015625 0.0546875
0 0.7470703125 0.4404296875 0.103515625 0.126953125
0 0.76611328125 0.01904296875 0.1357421875 0.0380859375
0 0.7783203125 0.87060546875 0.052734375 0.0537109375
0 0.78076171875 0.28759765625 0.0224609375 0.0263671875
0 0.93017578125 0.67138671875 0.0576171875 0.0458984375
