0 0.504375 0.021874999999999978 0.15875000000000003 0.043749999999999956
0 0.02812500000000001 0.013124999999999942 0.05625000000000002 0.026249999999999885
0 0.375 0.1424999999999999 0.2475000000000001 0.28000000000000014
0 0.6893750000000001 0.11749999999999998 0.18374999999999994 0.16000000000000003
0 0.629375 0.186875 0.001249999999999929 0.0012499999999999734
0 0.7212500000000001 0.311875 0.13249999999999992 0.23374999999999999
0 0.0068750000000000755 0.3575 0.013750000000000151 0.06749999999999998
0 0.755625 0.46499999999999997 0.11375000000000002 0.054999999999999896
0 0.653125 0.46375 0.04874999999999998 0.047499999999999966
0 0.38187499999999996 0.488125 0.0962499999999999 0.04874999999999998
0 0.738125 0.596875 0.22874999999999995 0.19125000000000006
0 0.41375 0.5800000000000001 0.15250000000000002 0.10249999999999995
0 0.7818750000000001 0.629375 0.0887500000000001 0.07125000000000004
0 0.48875 0.711875 0.1375 0.18625000000000008
0 0.384375 0.7150000000000001 0.07875000000000001 0.15
0 0.649375 0.744375 0.09874999999999998 0.14375
0 0.5725 0.725625 0.05499999999999998 0.08875000000000002
0 0.8075000000000001 0.790625 0.12000000000000002 0.13875
0 0.583125 0.8106250000000002 0.07125000000000004 0.06375000000000001
0 0.8550000000000001 0.8993749999999998 0.020000000000000108 0.013750000000000106
0 0.828125 0.95 0.19375 0.1
0 0.549375 0.97625 0.34125 0.047499999999999966
