0 0.97875 0.294375 0.04250000000000007 0.08875000000000002
0 0.934375 0.35062499999999996 0.09375 0.13374999999999998
0 0.39 0.37125 0.1325 0.11250000000000004
0 0.546875 0.3825 0.10374999999999997 0.10999999999999996
0 0.22125000000000003 0.385625 0.11000000000000001 0.11375000000000002
0 0.7318749999999999 0.393125 0.14625000000000013 0.12875000000000006
0 0.9881249999999999 0.4175000000000001 0.02375000000000007 0.09249999999999999
0 0.7525000000000001 0.5231250000000001 0.20249999999999996 0.16624999999999995
0 0.8768750000000001 0.579375 0.13125 0.08125000000000009
0 0.73 0.675 0.1125 0.12750000000000003
0 0.968125 0.6981250000000001 0.06374999999999993 0.15125000000000002
0 0.89875 0.753125 0.1625 0.16374999999999992
0 0.6300000000000001 0.7293749999999999 0.11000000000000006 0.10624999999999991
0 0.394375 0.813125 0.07375000000000002 0.10375000000000005
0 0.81125 0.866875 0.15000000000000008 0.14124999999999996
0 0.17375000000000002 0.8543749999999999 0.10500000000000002 0.10874999999999986
0 0.69375 0.8643750000000001 0.057500000000000016 0.0862499999999999
0 0.599375 0.906875 0.04125000000000005 0.05124999999999993
0 0.909375 0.96875 0.18125 0.0625
0 0.8725000000000002 0.959375 0.027500000000000035 0.028750000000000143
0 0.8087499999999999 0.975 0.07249999999999997 0.05
