0 0.8387499999999999 0.9331250000000001 0.32249999999999995 0.13375000000000004
0 0.9893750000000001 0.804375 0.021250000000000036 0.1387500000000001
0 0.9487500000000001 0.8168749999999999 0.09249999999999989 0.10374999999999997
0 0.7381249999999999 0.835 0.05625 0.05249999999999986
0 0.73375 0.6993750000000001 0.13999999999999985 0.23625000000000007
0 0.521875 0.62625 0.30125 0.20749999999999993
0 0.650625 0.571875 0.15375000000000005 0.13874999999999993
0 0.83125 0.621875 0.04750000000000014 0.03125
0 0.799375 0.5487500000000001 0.061249999999999895 0.06749999999999998
0 0.670625 0.406875 0.14124999999999996 0.14625
0 0.535625 0.330625 0.17375000000000007 0.16624999999999987
0 0.29437499999999994 0.35875 0.07875000000000001 0.08499999999999996
0 0.05625000000000002 0.22624999999999998 0.11250000000000004 0.16250000000000012
0 0.8231249999999999 0.2375 0.16375000000000012 0.13
0 0.8706250000000001 0.13374999999999998 0.25875000000000004 0.26749999999999996
0 0.6337499999999999 0.20687500000000006 0.09500000000000011 0.08374999999999999
0 0.99875 0.14937499999999995 0.002499999999999858 0.1062500000000002
0 0.12375000000000007 0.11187499999999995 0.09250000000000014 0.15874999999999995
0 0.73375 0.1050000000000001 0.18000000000000008 0.15249999999999986
0 0.22937499999999997 0.09249999999999997 0.06875000000000006 0.04500000000000004
0 0.66625 0.039999999999999925 0.11750000000000008 0.07999999999999985
0 0.18250000000000005 0.03875000000000006 0.05999999999999992 0.04999999999999982
