0 0.7281249999999999 0.10374999999999998 0.32875 0.20749999999999996
0 0.3925 0.078125 0.10249999999999995 0.15625
0 0.61875 0.275625 0.17749999999999994 0.17375000000000002
0 0.39499999999999996 0.35875 0.22749999999999995 0.3075
0 0.11562499999999994 0.35250000000000004 0.19625000000000017 0.21250000000000005
0 0.75125 0.380625 0.11249999999999982 0.15125000000000002
0 0.555625 0.48125 0.1437499999999999 0.15249999999999994
0 0.3324999999999999 0.684375 0.13999999999999999 0.24375
0 0.496875 0.659375 0.14625000000000013 0.19125000000000006
0 0.6275000000000001 0.691875 0.2125 0.20124999999999993
0 0.821875 0.68125 0.1537499999999999 0.15249999999999994
0 0.021250000000000047 0.72 0.04250000000000009 0.16749999999999998
0 0.969375 0.725625 0.06125000000000007 0.12375000000000007
0 0.66125 0.8706250000000001 0.2575000000000001 0.25875000000000004
0 0.8275 0.8331250000000001 0.11000000000000014 0.13375000000000004
0 0.445 0.8699999999999999 0.1700000000000001 0.18749999999999992
