0 0.07437500000000002 0.7412500000000001 0.14875000000000005 0.23499999999999996
0 0.19625000000000004 0.759375 0.0625 0.08874999999999993
0 0.250625 0.703125 0.09375 0.13375000000000004
0 0.7949999999999999 0.6824999999999999 0.13249999999999992 0.11250000000000009
0 0.6381249999999999 0.67125 0.10375000000000005 0.11000000000000014
0 0.954375 0.6681250000000001 0.09125000000000014 0.11374999999999993
0 0.453125 0.660625 0.14625000000000005 0.12874999999999998
0 0.16937500000000005 0.6362500000000001 0.07874999999999988 0.09249999999999999
0 0.08687499999999998 0.5875 0.04625000000000001 0.06749999999999998
0 0.4325 0.530625 0.20249999999999999 0.16625000000000006
0 0.3081250000000001 0.47437500000000005 0.13124999999999995 0.08125000000000009
0 0.08062500000000006 0.45562500000000006 0.16125000000000012 0.06875
0 0.45500000000000007 0.37875 0.1124999999999999 0.12750000000000003
0 0.0625 0.3675 0.125 0.14000000000000004
0 0.17875000000000002 0.355625 0.14 0.15124999999999997
0 0.28625 0.300625 0.1625000000000001 0.16374999999999992
0 0.5549999999999999 0.32437499999999997 0.10999999999999996 0.10624999999999996
0 0.790625 0.240625 0.07374999999999998 0.10375000000000001
0 0.37374999999999997 0.18687499999999996 0.15 0.14124999999999996
0 0.9793749999999999 0.199375 0.04124999999999997 0.10875000000000015
0 0.49124999999999996 0.18937500000000002 0.057500000000000016 0.08625000000000002
0 0.5856250000000001 0.14687500000000003 0.04124999999999997 0.05124999999999991
0 0.04500000000000004 0.09499999999999997 0.09000000000000008 0.08499999999999996
0 0.24500000000000002 0.05812499999999998 0.24249999999999994 0.11624999999999996
0 0.3125 0.09437499999999993 0.027500000000000035 0.028750000000000164
0 0.37625 0.06812499999999999 0.07250000000000005 0.07125000000000004
0 0.04874999999999996 0.026249999999999996 0.09749999999999992 0.05249999999999999
