0 0.8393750000000001 0.921875 0.09875000000000007 0.14624999999999985
0 0.78125 0.76875 0.12250000000000014 0.13249999999999992
0 0.5762499999999999 0.76 0.09999999999999991 0.11500000000000003
0 0.384375 0.6475 0.12874999999999992 0.15
0 0.324375 0.5449999999999999 0.1162500000000001 0.10750000000000001
0 0.025000000000000022 0.42250000000000004 0.050000000000000044 0.15
0 0.414375 0.41312499999999996 0.1137500000000001 0.13124999999999992
0 0.9131250000000002 0.35 0.1737499999999999 0.22750000000000004
0 0.36000000000000004 0.16062499999999993 0.18249999999999997 0.19125000000000017
0 0.5775 0.17125 0.09000000000000012 0.135
0 0.10187499999999994 0.1293749999999999 0.0887500000000001 0.08874999999999988
0 0.9274999999999999 0.04124999999999995 0.08749999999999983 0.0824999999999999
0 0.8087500000000001 0.03187499999999999 0.16000000000000014 0.06374999999999997
0 0.5862499999999999 0.013124999999999942 0.032500000000000105 0.026249999999999885
0 0.665 0.008749999999999925 0.030000000000000072 0.01749999999999985
