0 0.05687499999999995 0.9412500000000001 0.1137499999999999 0.1174999999999999
0 0.5262499999999999 0.9875 0.12749999999999995 0.025
0 0.8637499999999999 0.9106249999999999 0.14749999999999996 0.17874999999999996
0 0.57125 0.86 0.05250000000000003 0.06499999999999986
0 0.250625 0.8125 0.06125000000000003 0.05249999999999995
0 0.5125 0.825 0.02999999999999998 0.01750000000000007
0 0.05312500000000003 0.765 0.06874999999999998 0.10249999999999995
0 0.003124999999999989 0.7543749999999999 0.006249999999999978 0.09374999999999992
0 0.8487500000000001 0.7575000000000001 0.04750000000000014 0.07750000000000004
0 0.54 0.7224999999999999 0.0750000000000001 0.08250000000000002
0 0.12875000000000006 0.5131249999999999 0.20999999999999996 0.32875000000000004
0 0.98375 0.540625 0.03249999999999993 0.14875
0 0.8931250000000001 0.52 0.17624999999999993 0.16500000000000004
0 0.6743750000000001 0.521875 0.07625000000000001 0.10625
0 0.0025000000000000577 0.4543750000000001 0.0050000000000001155 0.1687500000000001
0 0.8768750000000001 0.21500000000000002 0.22125000000000003 0.43000000000000005
0 0.039999999999999925 0.318125 0.07999999999999985 0.10624999999999991
0 0.9887499999999999 0.30062500000000003 0.022499999999999964 0.12624999999999997
0 0.24937499999999996 0.25625 0.1462500000000001 0.12500000000000003
0 0.6431250000000001 0.2375 0.09625000000000013 0.11750000000000008
0 0.02812500000000001 0.20500000000000002 0.05625000000000002 0.10999999999999999
0 0.11124999999999996 0.20437499999999992 0.03499999999999992 0.043750000000000046
0 0.26999999999999996 0.16375 0.06749999999999998 0.07000000000000017
0 0.70625 0.12062499999999998 0.04500000000000002 0.10125000000000006
0 0.75625 0.10312499999999995 0.04500000000000002 0.08374999999999988
0 0.994375 0.070625 0.01125000000000007 0.14125
0 0.016874999999999918 0.09375 0.033749999999999836 0.07499999999999996
0 0.7668750000000001 0.038749999999999896 0.026250000000000016 0.05249999999999988
0 0.780625 0.007500000000000007 0.04375 0.015000000000000013
