0 0.04812499999999992 0.846875 0.09624999999999984 0.1137500000000001
0 0.22500000000000003 0.8400000000000001 0.12000000000000002 0.11250000000000009
0 0.635 0.664375 0.16999999999999993 0.16375
0 0.9112499999999999 0.7106250000000001 0.06750000000000007 0.06624999999999996
0 0.5125 0.701875 0.047499999999999966 0.06624999999999996
0 0.375625 0.653125 0.20124999999999993 0.13874999999999993
0 0.15562500000000007 0.645 0.22624999999999992 0.125
0 0.7537499999999999 0.625625 0.047499999999999966 0.06374999999999993
0 0.968125 0.59375 0.06374999999999993 0.10250000000000004
0 0.04375000000000001 0.56375 0.08750000000000002 0.13249999999999992
0 0.49812500000000004 0.521875 0.12374999999999989 0.13625000000000007
0 0.08187499999999992 0.4206250000000001 0.15625 0.1437500000000001
0 0.9368749999999999 0.44749999999999995 0.056250000000000175 0.08250000000000002
0 0.011875000000000024 0.38937499999999997 0.02375000000000005 0.07125
0 0.468125 0.28062499999999996 0.23375000000000012 0.17125
0 0.678125 0.2675 0.16625000000000006 0.1725
0 0.08437499999999998 0.27375 0.14375000000000004 0.13249999999999992
0 0.011249999999999982 0.28375000000000006 0.022499999999999964 0.07749999999999999
0 0.555625 0.11749999999999998 0.40625 0.23499999999999996
0 0.0012499999999999178 0.19312499999999994 0.0024999999999998357 0.08375000000000007
0 0.07 0.09624999999999995 0.09249999999999992 0.09749999999999992
0 0.01375000000000004 0.06562499999999988 0.02750000000000008 0.12374999999999992
0 0.350625 0.06312499999999999 0.0812499999999999 0.12624999999999997
0 0.241875 0.05499999999999999 0.14125 0.10999999999999999
0 0.09375 0.01749999999999996 0.11499999999999977 0.03499999999999992
