0 0.875 0.026250000000000002 0.18999999999999986 0.052500000000000005
0 0.051875000000000004 0.056874999999999995 0.10375000000000001 0.11374999999999999
0 0.9675 0.143125 0.06499999999999986 0.22875
0 0.3225 0.075 0.05249999999999995 0.06499999999999999
0 0.6431250000000001 0.12249999999999998 0.06125000000000007 0.05249999999999998
0 0.38125 0.11000000000000001 0.030000000000000027 0.01749999999999998
0 0.840625 0.16999999999999998 0.06875 0.1025
0 0.91625 0.18062499999999998 0.057499999999999926 0.09374999999999997
0 0.044999999999999984 0.17750000000000002 0.04749999999999999 0.07749999999999999
0 0.35375 0.2125 0.07499999999999991 0.08249999999999995
0 0.9887499999999999 0.31437499999999996 0.022499999999999964 0.11625
0 0.7649999999999999 0.421875 0.20999999999999996 0.32875000000000004
0 0.04437499999999994 0.41500000000000004 0.08874999999999988 0.16499999999999995
0 0.21937499999999996 0.41312499999999996 0.0762499999999999 0.10625
0 0.9443750000000002 0.48062499999999997 0.11124999999999989 0.16874999999999996
0 0.06374999999999992 0.72625 0.12749999999999984 0.4425
0 0.9375 0.571875 0.05500000000000007 0.06374999999999993
0 0.87375 0.616875 0.1200000000000001 0.1062500000000001
0 0.9756250000000002 0.6599999999999999 0.04874999999999989 0.1750000000000001
0 0.6443749999999999 0.67875 0.14625000000000013 0.125
0 0.250625 0.6975 0.09624999999999995 0.11749999999999998
0 0.8775000000000001 0.7300000000000001 0.08000000000000007 0.11000000000000006
0 0.7825 0.7306250000000001 0.03499999999999996 0.043749999999999914
0 0.62375 0.77125 0.0674999999999999 0.07000000000000002
0 0.9649999999999999 0.7975 0.0700000000000001 0.10749999999999993
0 0.1875 0.8143750000000001 0.04499999999999993 0.10125000000000002
0 0.13749999999999996 0.8318750000000001 0.04499999999999993 0.08375000000000003
0 0.896875 0.8412499999999999 0.07375000000000007 0.075
0 0.12687499999999996 0.8962499999999999 0.026250000000000107 0.05250000000000003
0 0.9481249999999999 0.9556250000000001 0.10374999999999997 0.08874999999999993
0 0.1131250000000001 0.9600000000000002 0.043749999999999845 0.07999999999999989
0 0.18812499999999996 0.994375 0.09374999999999997 0.01125000000000007
