0 0.37 0.045625 0.3225 0.09125
0 0.61 0.009375 0.1 0.01875
0 0.08750000000000002 0.14875 0.17500000000000004 0.20999999999999996
0 0.5106249999999999 0.22749999999999998 0.32875000000000004 0.3
0 0.023749999999999993 0.26 0.04749999999999999 0.22250000000000006
0 0.34375000000000006 0.38625000000000004 0.2899999999999999 0.21749999999999997
0 0.7706250000000001 0.34875 0.10874999999999994 0.13249999999999998
0 0.09625000000000006 0.393125 0.19250000000000012 0.12374999999999999
0 0.573125 0.459375 0.11624999999999996 0.17375000000000002
0 0.82 0.5118750000000001 0.17749999999999985 0.14875000000000008
0 0.5575 0.6887500000000001 0.615 0.395
0 0.761875 0.60375 0.14124999999999996 0.16999999999999993
0 0.17062500000000008 0.650625 0.20624999999999996 0.18375000000000014
0 0.03312499999999996 0.656875 0.06624999999999992 0.19625000000000004
0 0.959375 0.6962499999999999 0.08125 0.265
0 0.270625 0.890625 0.22875 0.19875000000000007
0 0.89375 0.923125 0.2125 0.15375000000000014
0 0.7681250000000001 0.9925 0.26375000000000004 0.015000000000000036
