0 0.028125 0.04999999999999999 0.05625 0.09999999999999998
0 0.026250000000000002 0.14312500000000006 0.052500000000000005 0.053750000000000187
0 0.0925 0.88375 0.185 0.18999999999999986
0 0.00875 0.41687499999999994 0.0175 0.07374999999999998
0 0.019375 0.26 0.03875 0.09749999999999988
0 0.01125 0.18187499999999995 0.0225 0.026249999999999996
0 0.04625 0.37625 0.0925 0.12749999999999995
0 0.15499999999999997 0.05625000000000002 0.1825 0.11250000000000004
0 0.275625 0.971875 0.22875000000000006 0.05625
0 0.20750000000000002 0.33125000000000004 0.06499999999999999 0.05249999999999995
0 0.255 0.6518750000000001 0.05249999999999999 0.061249999999999985
0 0.2425 0.39 0.01749999999999994 0.030000000000000072
0 0.3025 0.8493749999999999 0.10250000000000004 0.06875000000000017
0 0.313125 0.925 0.09375 0.057499999999999926
0 0.30999999999999994 0.05375000000000002 0.07749999999999999 0.04749999999999999
0 0.34500000000000003 0.3625 0.08249999999999998 0.07500000000000004
0 0.446875 0.9931249999999998 0.11625 0.013750000000000106
0 0.5543750000000001 0.7737499999999999 0.32875 0.20999999999999996
0 0.5475 0.04874999999999996 0.16499999999999995 0.09749999999999992
0 0.545625 0.2281249999999999 0.10625 0.07625000000000012
0 0.6131249999999999 0.9487500000000001 0.1687499999999999 0.10250000000000004
0 0.81875 0.06812500000000005 0.3625 0.1362500000000001
0 0.704375 0.94625 0.06375000000000001 0.05500000000000007
0 0.749375 0.8825 0.10625 0.1200000000000001
0 0.7925000000000001 0.9800000000000001 0.1750000000000001 0.040000000000000036
0 0.81125 0.653125 0.125 0.14625000000000013
0 0.8300000000000001 0.259375 0.11750000000000008 0.09624999999999995
0 0.8625 0.8862499999999999 0.11000000000000014 0.08000000000000007
0 0.8631250000000001 0.79125 0.043749999999999824 0.03500000000000014
0 0.9037499999999999 0.6325 0.06999999999999992 0.06749999999999998
0 0.93 0.969375 0.10750000000000011 0.06125000000000007
0 0.946875 0.19624999999999992 0.1012500000000001 0.04500000000000015
0 0.96125 0.14625 0.07750000000000004 0.04499999999999993
0 0.968125 0.905625 0.06374999999999993 0.07375000000000007
