0 0.929375 0.994375 0.07125000000000004 0.01125000000000007
0 0.00875 0.9631249999999998 0.0175 0.046250000000000034
0 0.52375 0.9381250000000001 0.039999999999999945 0.053749999999999964
0 0.110625 0.914375 0.09375 0.06624999999999996
0 0.9306249999999998 0.915 0.1387500000000001 0.06499999999999986
0 0.7737499999999999 0.840625 0.2425 0.18125
0 0.033125 0.889375 0.03375 0.03125
0 0.20812500000000003 0.8787500000000001 0.05125000000000004 0.05250000000000003
0 0.04187500000000001 0.8162499999999999 0.04875 0.057499999999999926
0 0.200625 0.819375 0.036250000000000004 0.04125000000000005
0 0.391875 0.753125 0.12625000000000003 0.13125
0 0.17375 0.726875 0.13749999999999998 0.12375000000000007
0 0.01875 0.709375 0.0375 0.13125
0 0.9974999999999999 0.70875 0.005000000000000071 0.09500000000000001
0 0.5974999999999999 0.644375 0.07750000000000004 0.10374999999999997
0 0.40374999999999994 0.6068749999999999 0.10499999999999998 0.13875
0 0.5231250000000001 0.603125 0.12625000000000003 0.12375000000000007
0 0.08 0.5231250000000001 0.16 0.21875000000000017
0 0.9375 0.50125 0.11499999999999985 0.10749999999999993
0 0.865 0.4025 0.27 0.07999999999999993
0 0.625625 0.3275 0.16625000000000006 0.13250000000000006
0 0.080625 0.28625 0.16125 0.20750000000000016
0 0.17375000000000002 0.31062500000000004 0.085 0.10874999999999999
0 0.46624999999999994 0.290625 0.08999999999999994 0.04125000000000001
0 0.3075 0.24500000000000002 0.09499999999999997 0.07499999999999996
