0 0.9949999999999999 0.825 0.009999999999999964 0.04750000000000014
0 0.9475000000000001 0.21937499999999996 0.08499999999999996 0.06624999999999992
0 0.8806249999999999 0.8587499999999999 0.16624999999999995 0.08499999999999996
0 0.7899999999999999 0.54625 0.2975 0.16249999999999992
0 0.9025000000000001 0.7050000000000001 0.03249999999999993 0.03749999999999991
0 0.745625 0.348125 0.20875000000000005 0.19874999999999993
0 0.731875 0.875 0.1762500000000001 0.17250000000000015
0 0.796875 0.9893750000000001 0.033749999999999857 0.021250000000000036
0 0.75 0.215625 0.06499999999999986 0.03874999999999993
0 0.7493749999999999 0.15999999999999998 0.04874999999999989 0.03749999999999998
0 0.74 0.015000000000000013 0.047499999999999966 0.030000000000000027
0 0.6487499999999999 0.656875 0.20250000000000004 0.20874999999999994
0 0.68125 0.20437500000000003 0.05 0.05874999999999999
0 0.66625 0.05499999999999999 0.05249999999999995 0.05499999999999983
0 0.65625 0.14687499999999992 0.047499999999999785 0.06625000000000003
0 0.6112500000000001 0.40875000000000006 0.06250000000000008 0.09499999999999993
0 0.5037499999999999 0.06937499999999996 0.07999999999999999 0.05374999999999974
0 0.47375 0.6537499999999999 0.1200000000000001 0.0875
0 0.393125 0.09687500000000004 0.08875000000000002 0.07125000000000004
0 0.370625 0.23312500000000003 0.12375000000000007 0.0887500000000001
0 0.335 0.79625 0.12000000000000002 0.12250000000000014
0 0.313125 0.8699999999999999 0.11125000000000007 0.08000000000000007
0 0.285625 0.9793749999999999 0.09624999999999995 0.038750000000000104
0 0.20625 0.17125000000000007 0.1024999999999999 0.05500000000000005
0 0.13937500000000003 0.896875 0.16625000000000004 0.12875000000000014
0 0.12374999999999999 0.618125 0.15000000000000024 0.11374999999999993
0 0.020625000000000004 0.6074999999999999 0.04125000000000001 0.04500000000000002
