0 0.8943749999999999 0.0075 0.11125000000000007 0.015
0 0.588125 0.08812500000000001 0.06875 0.053750000000000006
0 0.63375 0.24000000000000005 0.20749999999999993 0.2225
0 0.7725 0.203125 0.1 0.10124999999999998
0 0.813125 0.35812499999999997 0.10874999999999986 0.11624999999999996
0 0.08812499999999995 0.6362499999999999 0.1762499999999999 0.3574999999999998
0 0.558125 0.520625 0.07874999999999996 0.07624999999999993
0 0.755625 0.5824999999999999 0.13874999999999993 0.15
0 0.29999999999999993 0.699375 0.24750000000000005 0.22874999999999995
0 0.8743749999999999 0.6912499999999999 0.0887500000000001 0.09249999999999999
0 0.57375 0.7375 0.09000000000000004 0.10750000000000001
0 0.503125 0.70875 0.03375000000000004 0.032500000000000015
0 0.521875 0.840625 0.1587500000000001 0.16125000000000006
0 0.3037500000000001 0.8418749999999999 0.05500000000000003 0.06624999999999996
0 0.380625 0.8456249999999998 0.08374999999999995 0.06374999999999993
0 0.40812500000000007 0.9318750000000001 0.08875000000000002 0.12125000000000004
