0 0.994375 0.11624999999999996 0.01125000000000007 0.11750000000000016
0 0.9793749999999999 0.71875 0.04124999999999997 0.1325
0 0.9462499999999998 0.75375 0.09000000000000004 0.1174999999999999
0 0.8793749999999999 0.6593749999999999 0.12374999999999989 0.14625000000000005
0 0.8306250000000001 0.76 0.12625000000000003 0.10749999999999993
0 0.8118749999999999 0.07249999999999995 0.11124999999999989 0.09250000000000014
0 0.8025 0.273125 0.09750000000000006 0.12875
0 0.746875 0.656875 0.19375 0.22875000000000006
0 0.8006250000000001 0.52 0.08375000000000003 0.07750000000000004
0 0.7493749999999999 0.834375 0.1387500000000001 0.11124999999999999
0 0.676875 0.954375 0.20875000000000005 0.09125000000000014
0 0.6950000000000001 0.47874999999999995 0.14499999999999993 0.125
0 0.676875 0.15874999999999995 0.14874999999999988 0.21500000000000002
0 0.6725000000000001 0.33437500000000003 0.15250000000000002 0.12124999999999994
0 0.701875 0.01874999999999999 0.05125000000000002 0.03749999999999998
0 0.63125 0.018125000000000058 0.075 0.036250000000000115
0 0.48624999999999996 0.7931250000000001 0.19000000000000003 0.19375
0 0.53 0.69375 0.09749999999999996 0.06750000000000007
0 0.453125 0.006249999999999978 0.1587499999999999 0.012499999999999956
0 0.4774999999999999 0.545625 0.09249999999999989 0.06375000000000001
0 0.360625 0.17250000000000004 0.13624999999999998 0.1024999999999999
0 0.375 0.5025000000000001 0.10500000000000002 0.07250000000000005
0 0.32937500000000003 0.38437499999999997 0.11875 0.11124999999999999
0 0.25125 0.878125 0.2450000000000001 0.24375
0 0.176875 0.028749999999999942 0.27374999999999994 0.057499999999999885
0 0.20875000000000005 0.2675 0.19250000000000003 0.19000000000000006
0 0.231875 0.406875 0.07625000000000004 0.05875000000000012
0 0.14000000000000007 0.9962500000000001 0.1050000000000001 0.007499999999999929
0 0.06937499999999996 0.49312500000000004 0.13624999999999998 0.10125000000000002
0 0.0675 0.5987500000000001 0.135 0.17
0 0.023125000000000007 0.796875 0.04625000000000001 0.2587499999999999
0 0.03687500000000005 0.6856250000000002 0.0012499999999998623 0.0012500000000000178
