0 0.27874999999999994 0.02125 0.135 0.0425
0 0.22000000000000003 0.083125 0.22749999999999998 0.16625
0 0.136875 0.15437499999999998 0.19624999999999998 0.16874999999999996
0 0.395625 0.21125 0.03125 0.042500000000000024
0 0.34249999999999997 0.31062500000000004 0.05500000000000003 0.13124999999999995
0 0.14125000000000001 0.38937499999999997 0.095 0.08625000000000002
0 0.9556250000000001 0.475 0.08874999999999993 0.12749999999999995
0 0.8793750000000001 0.459375 0.04875000000000007 0.06624999999999996
0 0.44312500000000005 0.5518750000000001 0.08624999999999998 0.12374999999999999
0 0.796875 0.75625 0.39624999999999994 0.4875
0 0.360625 0.590625 0.12625000000000003 0.15124999999999994
0 0.263125 0.653125 0.08125 0.09375
0 0.5418749999999999 0.6525000000000001 0.028750000000000053 0.06999999999999992
0 0.478125 0.691875 0.12625000000000003 0.10374999999999997
0 0.575 0.768125 0.047499999999999966 0.06624999999999996
0 0.50625 0.7875000000000001 0.075 0.07750000000000004
0 0.11875 0.796875 0.05 0.05625
0 0.17687499999999998 0.840625 0.05625 0.12374999999999999
0 0.059375 0.8612500000000001 0.08625 0.1450000000000001
0 0.5743750000000001 0.8306250000000001 0.06875 0.036250000000000074
0 0.015 0.9262499999999999 0.03 0.11250000000000018
0 0.49437499999999995 0.8993749999999998 0.04875000000000007 0.05875000000000004
0 0.78 0.97875 0.1424999999999999 0.04250000000000007
0 0.5131249999999999 0.9962500000000001 0.1537499999999999 0.007499999999999929
