0 0.85625 0.9706250000000001 0.16499999999999987 0.05875000000000004
0 0.44375 0.925 0.3225 0.15
0 0.20374999999999996 0.96125 0.09999999999999995 0.07750000000000004
0 0.928125 0.881875 0.14375 0.09375
0 0.7831250000000001 0.7925 0.28875 0.20999999999999996
0 0.30312500000000003 0.7137499999999999 0.32875000000000004 0.3
0 0.883125 0.68125 0.23375000000000004 0.22249999999999986
0 0.47000000000000003 0.555 0.29000000000000004 0.21750000000000008
0 0.04875 0.5925 0.0975 0.13249999999999992
0 0.735625 0.548125 0.22875000000000006 0.12374999999999999
0 0.240625 0.48187499999999994 0.11625000000000003 0.17375
0 0.04125 0.42937499999999995 0.0825 0.14875
0 0.9568749999999999 0.39 0.08625000000000008 0.20750000000000002
0 0.281875 0.25250000000000006 0.56375 0.3949999999999999
0 0.061250000000000006 0.33749999999999997 0.12250000000000001 0.17
0 0.6431250000000001 0.290625 0.2062499999999999 0.18374999999999983
0 0.818125 0.284375 0.14125000000000004 0.1962499999999999
0 0.93 0.195625 0.13500000000000015 0.16125000000000003
0 0.5431250000000001 0.07500000000000001 0.22874999999999987 0.15000000000000002
0 0.013125000000000001 0.04749999999999999 0.026250000000000002 0.09499999999999997
