0 0.9793749999999999 0.0125 0.04124999999999997 0.025
0 0.5431250000000001 0.064375 0.06875000000000009 0.05375
0 0.5887499999999999 0.21625 0.20750000000000002 0.22250000000000006
0 0.7275 0.179375 0.09999999999999991 0.10125000000000002
0 0.7681250000000001 0.334375 0.10874999999999994 0.11625
0 0.06562499999999999 0.6125 0.13124999999999998 0.35749999999999993
0 0.5131249999999999 0.496875 0.07875000000000006 0.07625000000000001
0 0.7106250000000001 0.5587500000000001 0.1387500000000001 0.15
0 0.255 0.675625 0.24750000000000005 0.22874999999999995
0 0.8293750000000001 0.6675 0.08875000000000002 0.09250000000000007
0 0.990625 0.695 0.01875 0.13500000000000006
0 0.5287499999999999 0.71375 0.08999999999999994 0.10749999999999993
0 0.45812500000000006 0.6849999999999999 0.03374999999999995 0.032500000000000015
0 0.476875 0.8168749999999999 0.15875000000000003 0.16124999999999998
0 0.2587499999999999 0.818125 0.05500000000000003 0.06624999999999988
0 0.33562499999999995 0.821875 0.08374999999999999 0.06374999999999993
0 0.363125 0.9081250000000001 0.08874999999999993 0.12125000000000004
