0 0.023749999999999993 0.9425000000000001 0.04749999999999999 0.11500000000000003
0 0.06937500000000008 0.555 0.13875000000000015 0.32250000000000006
0 0.03312499999999996 0.31500000000000006 0.06624999999999992 0.09999999999999995
0 0.10687500000000016 0.98375 0.09375 0.03249999999999993
0 0.1962500000000001 0.875 0.20999999999999988 0.25
0 0.275 0.414375 0.3 0.32875
0 0.3075 0.93875 0.22249999999999998 0.12250000000000014
0 0.43374999999999997 0.58125 0.21750000000000003 0.28999999999999987
0 0.39625000000000005 0.15437499999999998 0.13249999999999992 0.10874999999999999
0 0.44062499999999993 0.846875 0.12375000000000003 0.22875000000000006
0 0.506875 0.351875 0.17375 0.11624999999999996
0 0.559375 0.10500000000000001 0.14875000000000008 0.1775
0 0.73625 0.3675 0.39500000000000013 0.615
0 0.65125 0.16312500000000002 0.16999999999999993 0.14125000000000004
0 0.698125 0.7543750000000001 0.18375000000000002 0.2062500000000001
0 0.704375 0.929375 0.19625000000000004 0.14124999999999996
0 0.74375 0.003125 0.26499999999999996 0.00625
0 0.7931250000000001 0.9868750000000001 0.16125000000000006 0.02624999999999993
0 0.9193749999999999 0.654375 0.16125000000000006 0.22874999999999995
0 0.946875 0.06875 0.10625 0.1375
