0 0.9481249999999999 0.9493749999999999 0.10374999999999997 0.1012500000000001
0 0.40125 0.98375 0.040000000000000036 0.03249999999999993
0 0.0175 0.96875 0.035 0.0625
0 0.811875 0.969375 0.14624999999999994 0.06125000000000007
0 0.65125 0.896875 0.24249999999999988 0.18125
0 0.08562499999999999 0.9349999999999999 0.051250000000000004 0.05250000000000021
0 0.9524999999999999 0.8793749999999999 0.07249999999999997 0.05125000000000011
0 0.078125 0.8756250000000001 0.036250000000000004 0.04124999999999997
0 0.26937500000000003 0.809375 0.12625000000000003 0.13125
0 0.06 0.7831249999999998 0.12 0.12374999999999999
0 0.9331250000000001 0.765 0.12124999999999986 0.09499999999999993
0 0.475 0.7006249999999999 0.07749999999999994 0.10375000000000005
0 0.28125 0.663125 0.10499999999999998 0.13874999999999993
0 0.40062499999999995 0.659375 0.12625000000000003 0.12374999999999999
0 0.01875 0.579375 0.0375 0.21875
0 0.8150000000000001 0.5575 0.11500000000000021 0.10750000000000011
0 0.7793750000000002 0.45875000000000005 0.3437500000000001 0.08000000000000007
0 0.503125 0.38375 0.16625000000000006 0.1325
0 0.019375 0.3425 0.03875 0.20750000000000002
0 0.05125 0.366875 0.08499999999999999 0.10875000000000004
0 0.34375 0.34687500000000004 0.08999999999999994 0.04125000000000005
0 0.185 0.30125 0.09500000000000001 0.075
0 0.890625 0.020000000000000018 0.21875 0.040000000000000036
