0 0.19500000000000006 0.9737500000000001 0.17999999999999997 0.05250000000000003
0 0.85 0.968125 0.11499999999999995 0.06374999999999993
0 0.9875 0.8237500000000001 0.025 0.10000000000000017
0 0.06062500000000004 0.748125 0.12125000000000008 0.14124999999999996
0 0.9199999999999999 0.75875 0.05250000000000003 0.057500000000000016
0 0.03437499999999999 0.625625 0.06874999999999998 0.24125000000000005
0 0.25125000000000003 0.60625 0.23499999999999996 0.20749999999999993
0 0.09437499999999993 0.615 0.05124999999999991 0.08499999999999996
0 0.07937499999999992 0.48 0.15874999999999984 0.15999999999999998
0 0.7181249999999999 0.506875 0.028749999999999963 0.026250000000000016
0 0.8087500000000001 0.43375 0.057499999999999926 0.057499999999999926
0 0.4093750000000001 0.30937500000000007 0.3212500000000001 0.2487499999999998
0 0.8962499999999999 0.341875 0.06500000000000003 0.06625000000000006
0 0.5112500000000001 0.130625 0.34500000000000003 0.26125
0 0.308125 0.17000000000000004 0.08125 0.07999999999999985
0 0.8693750000000001 0.085625 0.19625000000000004 0.17125
0 0.36624999999999996 0.11749999999999994 0.08249999999999998 0.07500000000000018
0 0.719375 0.08499999999999996 0.11624999999999996 0.13000000000000012
0 0.050624999999999976 0.06187500000000007 0.10124999999999995 0.09624999999999984
0 0.11062500000000015 0.011249999999999982 0.08625000000000005 0.022499999999999964
0 0.7493749999999999 0.0037499999999999756 0.1387500000000001 0.007499999999999951
0 0.008124999999999993 0.0025000000000000577 0.016249999999999987 0.0050000000000001155
