0 0.364375 0.0175 0.43875000000000003 0.035
0 0.078125 0.04 0.15625 0.08
0 0.215 0.096875 0.13499999999999998 0.13875
0 0.3125 0.084375 0.09250000000000007 0.10375000000000001
0 0.5231250000000001 0.06625 0.05625 0.052500000000000005
0 0.5275000000000001 0.20187500000000003 0.14000000000000004 0.23625000000000002
0 0.08625 0.19312500000000002 0.1725 0.14875000000000002
0 0.7393750000000001 0.275 0.30125 0.20749999999999993
0 0.610625 0.32937500000000003 0.15375000000000005 0.13874999999999998
0 0.43 0.279375 0.047499999999999966 0.03125
0 0.46187500000000004 0.3525 0.061249999999999985 0.06749999999999998
0 0.590625 0.49437499999999995 0.14124999999999996 0.14624999999999994
0 0.725625 0.570625 0.17375 0.16625000000000006
0 0.9637499999999999 0.5425 0.07249999999999997 0.08499999999999996
0 0.438125 0.66375 0.16375 0.12999999999999998
0 0.3775 0.8168749999999999 0.28500000000000003 0.36624999999999996
0 0.6275000000000001 0.694375 0.09500000000000001 0.08375000000000003
0 0.22312499999999996 0.7518750000000001 0.08124999999999998 0.1062500000000001
0 0.5275000000000001 0.79625 0.18000000000000008 0.15250000000000022
0 0.06 0.825 0.12 0.2
0 0.16499999999999998 0.7949999999999999 0.07999999999999999 0.06749999999999998
0 0.99875 0.8087500000000001 0.002499999999999858 0.04500000000000002
0 0.118125 0.900625 0.23625 0.19875000000000007
0 0.595 0.8962499999999999 0.11750000000000008 0.14999999999999983
