0 0.51318359375 0.99462890625 0.0380859375 0.0107421875
0 0.61962890625 0.9287109375 0.1201171875 0.1328125
0 0.28369140625 0.9443359375 0.1103515625 0.09375
0 0.90576171875 0.97607421875 0.0224609375 0.0302734375
0 0.9111328125 0.9345703125 0.015625 0.015625
0 0.90771484375 0.90380859375 0.0341796875 0.0263671875
0 0.9140625 0.8310546875 0.048828125 0.0859375
0 0.982421875 0.7861328125 0.03515625 0.09765625
0 0.43408203125 0.80859375 0.0146484375 0.044921875
0 0.9267578125 0.7490234375 0.0859375 0.099609375
0 0.33154296875 0.7724609375 0.0400390625 0.029296875
0 0.3759765625 0.6953125 0.05859375 0.076171875
0 0.16796875 0.6826171875 0.02734375 0.037109375
0 0.275390625 0.63525390625 0.087890625 0.1123046875
0 0.40869140625 0.63671875 0.0673828125 0.06640625
0 0.2041015625 0.55029296875 0.013671875 0.0244140625
0 0.69384765625 0.4169921875 0.0537109375 0.103515625
0 0.6171875 0.427734375 0.068359375 0.068359375
0 0.419921875 0.3681640625 0.1328125 0.158203125
0 0.83154296875 0.41943359375 0.0283203125 0.0224609375
0 0.29541015625 0.34716796875 0.1142578125 0.1318359375
0 0.115234375 0.3056640625 0.107421875 0.16015625
0 0.619140625 0.3408203125 0.1171875 0.08984375
0 0.84033203125 0.361328125 0.0185546875 0.041015625
0 0.8798828125 0.3369140625 0.029296875 0.0234375
0 0.84423828125 0.31591796875 0.0126953125 0.0263671875
0 0.7080078125 0.27294921875 0.068359375 0.0830078125
0 0.6220703125 0.2392578125 0.06640625 0.05859375
0 0.8427734375 0.25439453125 0.015625 0.0283203125
0 0.45703125 0.20654296875 0.068359375 0.0849609375
0 0.546875 0.2119140625 0.04296875 0.046875
0 0.3525390625 0.17333984375 0.10546875 0.1064453125
0 0.93115234375 0.19189453125 0.0595703125 0.0673828125
0 0.7109375 0.1787109375 0.0703125 0.072265625
0 0.0791015625 0.1494140625 0.09765625 0.103515625
0 0.46533203125 0.123046875 0.1279296875 0.10546875
0 0.5361328125 0.1357421875 0.064453125 0.0703125
0 0.96923828125 0.1533203125 0.0615234375 0.033203125
0 0.6259765625 0.12744140625 0.1015625 0.0439453125
0 0.20703125 0.0693359375 0.103515625 0.138671875
0 0.33349609375 0.06103515625 0.1767578125 0.1220703125
0 0.65966796875 0.09912109375 0.0322265625 0.0458984375
0 0.11083984375 0.087890625 0.0595703125 0.056640625
0 0.0341796875 0.0576171875 0.029296875 0.044921875
0 0.7333984375 0.0478515625 0.013671875 0.025390625
0 0.12841796875 0.02783203125 0.0654296875 0.0556640625
0 0.40576171875 0.0244140625 0.0888671875 0.048828125
0 0.88720703125 0.0166015625 0.0224609375 0.033203125
