0 0.495625 0.016875 0.15875000000000003 0.03375
0 0.971875 0.008125 0.05625 0.01625
0 0.625 0.13625 0.24750000000000014 0.2725
0 0.310625 0.1075 0.18374999999999994 0.16
0 0.370625 0.17687499999999998 0.001249999999999929 0.0012499999999999955
0 0.27874999999999994 0.301875 0.13249999999999998 0.23374999999999999
0 0.9931249999999998 0.3475 0.013750000000000106 0.06750000000000003
0 0.244375 0.45500000000000007 0.11375000000000002 0.05499999999999998
0 0.346875 0.45375 0.04874999999999994 0.047499999999999966
0 0.618125 0.478125 0.09624999999999986 0.04874999999999998
0 0.26187499999999997 0.586875 0.22875 0.19124999999999998
0 0.5862499999999999 0.57 0.15250000000000002 0.10249999999999995
0 0.2181249999999999 0.619375 0.0887500000000001 0.07125000000000004
0 0.51125 0.701875 0.1375 0.18624999999999997
0 0.615625 0.7050000000000001 0.07875000000000006 0.15000000000000008
0 0.350625 0.734375 0.09874999999999998 0.14375
0 0.42750000000000005 0.715625 0.05499999999999998 0.08874999999999993
0 0.19249999999999995 0.780625 0.12 0.13874999999999993
0 0.416875 0.8006249999999999 0.07125000000000004 0.06374999999999993
0 0.14500000000000002 0.889375 0.020000000000000018 0.013750000000000106
0 0.171875 0.945 0.1937500000000001 0.10999999999999996
0 0.45062500000000005 0.9712500000000001 0.34125 0.057499999999999926
