0 0.945 0.38 0.10999999999999996 0.1750000000000001
0 0.991875 0.22875 0.016249999999999966 0.05249999999999995
0 0.9662499999999999 0.12562499999999993 0.06750000000000007 0.09624999999999984
0 0.9643750000000001 0.57875 0.07125000000000004 0.10249999999999995
0 0.906875 0.1825 0.06624999999999978 0.09749999999999992
0 0.7606249999999999 0.5825 0.26625000000000004 0.5549999999999999
0 0.7862500000000001 0.9912500000000002 0.04500000000000002 0.017499999999999894
0 0.724375 0.06749999999999995 0.12374999999999999 0.12249999999999994
0 0.703125 0.24124999999999996 0.13625000000000007 0.1300000000000001
0 0.6368750000000001 0.8887499999999999 0.22375000000000006 0.22250000000000006
0 0.635 0.52625 0.02999999999999998 0.0674999999999999
0 0.58375 0.06312499999999993 0.10999999999999996 0.10124999999999995
0 0.599375 0.6025 0.04375 0.06499999999999986
0 0.5449999999999999 0.188125 0.12000000000000002 0.11875000000000013
0 0.565625 0.840625 0.028749999999999963 0.03125
0 0.429375 0.8193750000000002 0.05625 0.05875000000000004
0 0.379375 0.16437500000000008 0.11624999999999996 0.09375000000000003
0 0.410625 0.709375 0.05125000000000006 0.021249999999999946
0 0.29375 0.31124999999999997 0.1475000000000001 0.20499999999999993
0 0.34124999999999994 0.8006249999999999 0.029999999999999936 0.02624999999999993
0 0.33687500000000004 0.007500000000000007 0.021250000000000036 0.015000000000000013
0 0.27125 0.01749999999999996 0.07000000000000002 0.03499999999999992
0 0.28375000000000006 0.8537500000000001 0.025000000000000043 0.03750000000000018
0 0.17937499999999998 0.12250000000000005 0.19375000000000012 0.2174999999999998
0 0.21062500000000006 0.5181250000000001 0.053749999999999964 0.05874999999999995
0 0.21812499999999999 0.8237500000000001 0.03374999999999995 0.027499999999999858
0 0.16812500000000002 0.395 0.09875 0.175
0 0.15187499999999998 0.03374999999999995 0.03374999999999995 0.032500000000000195
0 0.12687499999999985 0.05812499999999998 0.03125 0.03875000000000006
0 0.10125000000000002 0.28062499999999996 0.05999999999999994 0.07874999999999996
0 0.08625 0.009999999999999953 0.05999999999999994 0.019999999999999907
0 0.05687499999999995 0.484375 0.1137499999999999 0.22374999999999998
0 0.03249999999999992 0.15187500000000004 0.06499999999999984 0.1562499999999999
