0 0.29124999999999995 0.05250000000000005 0.1125 0.1050000000000001
0 0.46687500000000004 0.45499999999999996 0.16374999999999998 0.16999999999999993
0 0.42062499999999997 0.73125 0.06624999999999996 0.06750000000000007
0 0.42874999999999996 0.930625 0.07000000000000002 0.033749999999999857
0 0.429375 0.3324999999999999 0.06625 0.04750000000000001
0 0.478125 0.195625 0.13874999999999993 0.20125000000000007
0 0.4725 0.88125 0.12249999999999997 0.08499999999999996
0 0.48624999999999996 0.04437499999999994 0.125 0.08874999999999988
0 0.505625 0.57375 0.06375000000000001 0.047499999999999966
0 0.5375 0.804375 0.10250000000000004 0.09625000000000003
0 0.609375 0.318125 0.13625000000000007 0.12374999999999999
0 0.6837500000000001 0.756875 0.08250000000000002 0.05625000000000009
0 0.8506250000000002 0.2881250000000001 0.17125000000000004 0.23375000000000004
0 0.8637499999999999 0.49812500000000004 0.17250000000000004 0.16624999999999995
0 0.8768749999999998 0.9162500000000001 0.06374999999999993 0.0674999999999999
0 0.9481249999999999 0.375625 0.10374999999999997 0.40625
