0 0.57875 0.061250000000000006 0.12250000000000005 0.12250000000000001
0 0.37374999999999997 0.065 0.1 0.11500000000000002
0 0.18187499999999998 0.1775 0.12875 0.15
0 0.9462499999999998 0.264375 0.10750000000000011 0.25125000000000003
0 0.121875 0.27999999999999997 0.11624999999999999 0.10749999999999997
0 0.21187499999999998 0.41187499999999994 0.11374999999999999 0.13124999999999995
0 0.7250000000000001 0.475 0.20250000000000004 0.22749999999999998
0 0.1575 0.6643749999999999 0.18249999999999997 0.19124999999999998
0 0.375 0.6537499999999999 0.09 0.13499999999999987
0 0.725 0.785 0.0875 0.08499999999999996
0 0.60625 0.8631249999999999 0.16000000000000006 0.20375000000000004
0 0.38375 0.821875 0.032500000000000015 0.046249999999999944
0 0.4625 0.825 0.02999999999999998 0.03500000000000014
0 0.751875 0.9275 0.10875000000000004 0.11999999999999993
0 0.8375 0.990625 0.05249999999999986 0.01875
