0 0.06689453125 0.9453125 0.1337890625 0.109375
0 0.14990234375 0.974609375 0.0771484375 0.05078125
0 0.43701171875 0.8642578125 0.1728515625 0.1875
0 0.8955078125 0.8984375 0.07421875 0.1015625
0 0.80712890625 0.88134765625 0.0947265625 0.1025390625
0 0.072265625 0.84765625 0.044921875 0.048828125
0 0.05224609375 0.77099609375 0.0888671875 0.0927734375
0 0.341796875 0.78662109375 0.03515625 0.0419921875
0 0.49609375 0.6259765625 0.205078125 0.25
0 0.95458984375 0.6943359375 0.0712890625 0.09765625
0 0.34423828125 0.716796875 0.0400390625 0.05078125
0 0.0791015625 0.7080078125 0.060546875 0.05078125
0 0.32958984375 0.4873046875 0.1904296875 0.353515625
0 0.77001953125 0.6064453125 0.0712890625 0.078125
0 0.11865234375 0.52978515625 0.1064453125 0.1650390625
0 0.94775390625 0.58251953125 0.0498046875 0.0576171875
0 0.55029296875 0.47607421875 0.1748046875 0.1748046875
0 0.22265625 0.458984375 0.111328125 0.154296875
0 0.806640625 0.46630859375 0.083984375 0.0771484375
0 0.970703125 0.451171875 0.05859375 0.08203125
0 0.87109375 0.46875 0.01953125 0.03125
0 0.14794921875 0.36279296875 0.0947265625 0.1083984375
0 0.24609375 0.31884765625 0.08203125 0.1669921875
0 0.3720703125 0.30810546875 0.15625 0.1669921875
0 0.525390625 0.30517578125 0.15234375 0.1611328125
0 0.15966796875 0.2451171875 0.0556640625 0.068359375
0 0.44775390625 0.19189453125 0.0810546875 0.0791015625
0 0.30029296875 0.1572265625 0.1962890625 0.146484375
0 0.5263671875 0.20458984375 0.0546875 0.0517578125
0 0.58837890625 0.08984375 0.1474609375 0.130859375
0 0.873046875 0.099609375 0.12890625 0.1015625
0 0.20556640625 0.06494140625 0.1591796875 0.1298828125
0 0.42919921875 0.0859375 0.0654296875 0.087890625
0 0.04248046875 0.03125 0.0751953125 0.0625
0 0.8818359375 0.01953125 0.07421875 0.0390625
0 0.95654296875 0.01123046875 0.0263671875 0.0224609375
0 0.4248046875 0.0126953125 0.04296875 0.017578125
