0 0.650625 0.021875 0.22125000000000003 0.04375
0 0.7725 0.025 0.04500000000000002 0.05
0 0.575 0.22874999999999995 0.2625 0.31999999999999995
0 0.016874999999999918 0.14125 0.033749999999999836 0.12499999999999996
0 0.7693749999999999 0.1125 0.05125000000000002 0.06499999999999999
0 0.788125 0.40625 0.24375 0.45249999999999996
0 0.224375 0.25375 0.09125000000000005 0.10000000000000005
0 0.9949999999999999 0.351875 0.009999999999999964 0.21125000000000002
0 0.014375000000000082 0.284375 0.028750000000000164 0.07374999999999998
0 0.505625 0.42062499999999997 0.22374999999999984 0.2237499999999999
0 0.925 0.4425 0.14250000000000007 0.19749999999999995
0 0.1775 0.433125 0.10749999999999993 0.09875000000000003
0 0.0025000000000000577 0.4525 0.0050000000000001155 0.10499999999999998
0 0.09500000000000003 0.43 0.025000000000000244 0.040000000000000036
0 0.9800000000000001 0.565625 0.040000000000000036 0.13874999999999993
0 0.8949999999999999 0.621875 0.1049999999999999 0.21374999999999994
0 0.73375 0.6356250000000001 0.2 0.21375000000000002
0 0.5375 0.639375 0.195 0.2062500000000001
0 0.985 0.7162499999999999 0.030000000000000072 0.0875
0 0.6368750000000001 0.784375 0.10374999999999987 0.10124999999999992
0 0.8256250000000002 0.82875 0.2512500000000001 0.1875
0 0.5362499999999999 0.768125 0.07000000000000002 0.06624999999999996
0 0.45687500000000003 0.915 0.18874999999999997 0.16750000000000007
0 0.09250000000000003 0.9025000000000001 0.16500000000000004 0.13000000000000006
0 0.9225 0.931875 0.15500000000000008 0.13625000000000007
0 0.660625 0.9199999999999999 0.08375000000000003 0.1125
0 0.08124999999999988 0.99 0.09500000000000008 0.019999999999999928
