0 0.06375 0.01875 0.1275 0.0375
0 0.515625 0.095625 0.22124999999999986 0.19125
0 0.9643750000000001 0.05750000000000001 0.07125000000000004 0.11500000000000002
0 0.04875 0.0925 0.057499999999999996 0.0625
0 0.04 0.190625 0.08 0.11875
0 0.39375 0.170625 0.04499999999999993 0.053750000000000006
0 0.59125 0.37625000000000003 0.2625 0.31999999999999995
0 0.396875 0.25999999999999995 0.05124999999999993 0.06499999999999999
0 0.057499999999999996 0.27125 0.0775 0.06500000000000003
0 0.378125 0.5537500000000001 0.24375 0.4525
0 0.9418749999999999 0.40125 0.09124999999999997 0.1
0 0.108125 0.499375 0.13624999999999998 0.21125
0 0.6606249999999999 0.568125 0.22374999999999998 0.22375000000000006
0 0.24125000000000002 0.5900000000000001 0.1425 0.19749999999999987
0 0.9675 0.5806250000000001 0.06499999999999986 0.09874999999999998
0 0.145625 0.713125 0.12125 0.13874999999999993
0 0.27125 0.7693749999999999 0.10499999999999998 0.21374999999999994
0 0.43249999999999994 0.7831250000000001 0.1999999999999999 0.21375000000000002
0 0.6287499999999999 0.786875 0.19499999999999992 0.2062500000000001
0 0.16062500000000002 0.8637499999999999 0.07125000000000001 0.0875
0 0.5293749999999999 0.9318750000000001 0.10375000000000005 0.1012500000000001
0 0.340625 0.9412499999999999 0.25125 0.11750000000000008
0 0.63 0.915625 0.0700000000000001 0.06625000000000014
0 0.709375 0.9893750000000001 0.18874999999999992 0.021250000000000036
0 0.9956250000000001 0.9925 0.008750000000000036 0.015000000000000036
