0 0.04124999999999995 0.341875 0.0824999999999999 0.11375000000000002
0 0.21124999999999994 0.34875 0.1200000000000001 0.11250000000000009
0 0.6212500000000001 0.524375 0.17 0.16375
0 0.8975 0.478125 0.06750000000000007 0.06624999999999996
0 0.4987500000000001 0.48687500000000006 0.047500000000000056 0.06625000000000006
0 0.361875 0.5356249999999999 0.20125 0.13875
0 0.14187500000000006 0.54375 0.22624999999999984 0.125
0 0.74 0.563125 0.047499999999999966 0.06374999999999993
0 0.96125 0.595 0.07750000000000004 0.10250000000000004
0 0.03687500000000005 0.625 0.0737500000000001 0.13250000000000012
0 0.484375 0.6668749999999999 0.12375000000000007 0.13624999999999998
0 0.073125 0.7681250000000001 0.14625 0.14375
0 0.923125 0.74125 0.056250000000000175 0.08249999999999993
0 0.0050000000000000044 0.7993750000000001 0.010000000000000009 0.07124999999999995
0 0.4543749999999999 0.9081250000000001 0.23374999999999996 0.17125000000000004
0 0.664375 0.9175000000000001 0.16625000000000006 0.16500000000000004
0 0.07124999999999992 0.915 0.14249999999999985 0.13249999999999992
0 0.004375000000000018 0.905 0.008750000000000036 0.07750000000000004
0 0.541875 0.976875 0.40625 0.046250000000000034
