0 0.6131249999999999 0.9962500000000001 0.04874999999999998 0.007499999999999929
0 0.749375 0.9149999999999998 0.15375000000000014 0.1700000000000001
0 0.3193750000000001 0.9349999999999999 0.14125000000000001 0.11999999999999993
0 0.5118750000000001 0.76125 0.01875000000000009 0.05750000000000011
0 0.380625 0.7150000000000001 0.05125000000000002 0.0375
0 0.4375 0.61625 0.075 0.09750000000000006
0 0.17125000000000007 0.6 0.03499999999999981 0.047500000000000056
0 0.30874999999999997 0.539375 0.11250000000000004 0.14375
0 0.479375 0.54125 0.0862499999999999 0.08499999999999996
0 0.21750000000000003 0.43062500000000004 0.01750000000000007 0.03125
0 0.8443750000000001 0.26 0.06874999999999983 0.13250000000000003
0 0.7462500000000001 0.27375 0.0875 0.0875
0 0.49375 0.19749999999999993 0.16999999999999993 0.20250000000000012
0 0.334375 0.17062500000000003 0.14624999999999994 0.16874999999999993
0 0.10374999999999997 0.11749999999999998 0.13750000000000007 0.205
0 0.74875 0.16250000000000003 0.15000000000000008 0.11499999999999988
0 0.8625 0.07562499999999994 0.0875 0.10624999999999996
0 0.7525000000000001 0.034999999999999976 0.08500000000000005 0.06999999999999995
0 0.54125 0.022500000000000075 0.0875 0.04500000000000015
0 0.65625 0.01375000000000004 0.054999999999999896 0.02750000000000008
0 0.40750000000000003 0.008124999999999993 0.13499999999999993 0.016249999999999987
0 0.8662500000000002 0.0006249999999999867 0.09000000000000004 0.0012499999999999734
