0 0.9521484375 0.75830078125 0.056640625 0.0576171875
0 0.8994140625 0.9814453125 0.115234375 0.037109375
0 0.91015625 0.87744140625 0.083984375 0.0869140625
0 0.81103515625 0.63818359375 0.0419921875 0.0537109375
0 0.6923828125 0.673828125 0.173828125 0.162109375
0 0.72119140625 0.7822265625 0.0791015625 0.078125
0 0.72021484375 0.0458984375 0.0810546875 0.06640625
0 0.60009765625 0.81396484375 0.0908203125 0.0849609375
0 0.3828125 0.158203125 0.279296875 0.31640625
0 0.47314453125 0.61474609375 0.0595703125 0.0615234375
0 0.4248046875 0.76904296875 0.1171875 0.1083984375
0 0.33349609375 0.4130859375 0.1787109375 0.193359375
0 0.33984375 0.86181640625 0.072265625 0.0693359375
0 0.318359375 0.990234375 0.10546875 0.01953125
0 0.3037109375 0.626953125 0.083984375 0.0703125
0 0.326171875 0.57177734375 0.025390625 0.0263671875
0 0.22314453125 0.58642578125 0.1259765625 0.1240234375
0 0.22216796875 0.416015625 0.0517578125 0.04296875
0 0.21923828125 0.47607421875 0.0498046875 0.0654296875
0 0.15185546875 0.49755859375 0.0947265625 0.0693359375
0 0.06884765625 0.07958984375 0.0849609375 0.0830078125
0 0.0498046875 0.64013671875 0.046875 0.0498046875
0 0.03466796875 0.525390625 0.0693359375 0.205078125
0 0.0322265625 0.82861328125 0.064453125 0.3427734375
0 0.03076171875 0.16259765625 0.0615234375 0.0693359375
