0 0.38312500000000005 0.004375 0.09125000000000005 0.00875
0 0.6025 0.040625 0.05250000000000003 0.05875000000000001
0 0.288125 0.138125 0.22374999999999998 0.24874999999999997
0 0.9099999999999999 0.08625000000000001 0.125 0.1275
0 0.12562500000000001 0.05125 0.03874999999999999 0.049999999999999996
0 0.03125 0.056874999999999995 0.035 0.03874999999999999
0 0.9862500000000001 0.134375 0.027500000000000035 0.12625000000000003
0 0.01125 0.113125 0.0225 0.06124999999999999
0 0.715625 0.16999999999999998 0.09625000000000003 0.09
0 0.8399999999999999 0.20687499999999998 0.11500000000000003 0.11374999999999998
0 0.17875000000000002 0.27999999999999997 0.08499999999999999 0.075
0 0.656875 0.306875 0.11375000000000002 0.12625000000000003
0 0.033125 0.276875 0.03624999999999999 0.05125000000000002
0 0.969375 0.308125 0.06125000000000007 0.06625
0 0.014375000000000002 0.34125 0.028750000000000005 0.04500000000000002
0 0.45875000000000005 0.390625 0.14000000000000007 0.12624999999999992
0 0.9737500000000001 0.366875 0.05250000000000003 0.04874999999999994
0 0.14875 0.409375 0.11749999999999998 0.11875
0 0.975 0.47750000000000004 0.05 0.14499999999999993
0 0.650625 0.47125000000000006 0.12374999999999999 0.11000000000000006
0 0.278125 0.469375 0.09875000000000003 0.09375
0 0.079375 0.55 0.05874999999999999 0.039999999999999855
0 0.67625 0.5737500000000001 0.040000000000000036 0.03500000000000005
0 0.9881249999999999 0.58125 0.02375000000000007 0.02250000000000014
0 0.40499999999999997 0.61375 0.05500000000000003 0.05
0 0.9550000000000001 0.6056250000000001 0.025 0.028749999999999963
0 0.084375 0.6743750000000001 0.08875000000000001 0.10874999999999994
0 0.19875 0.665 0.030000000000000027 0.03500000000000005
0 0.7175 0.678125 0.06499999999999995 0.06125000000000007
0 0.4731249999999999 0.6693749999999999 0.03875000000000002 0.04124999999999988
0 0.9568749999999999 0.75 0.08625000000000008 0.15749999999999992
0 0.42750000000000005 0.7075 0.047500000000000056 0.04249999999999989
0 0.8018750000000001 0.743125 0.09375000000000008 0.05625000000000009
0 0.5075000000000001 0.726875 0.025 0.021249999999999946
0 0.01125 0.7381249999999999 0.0225 0.036250000000000074
0 0.8150000000000001 0.875625 0.175 0.23125
0 0.9268750000000001 0.899375 0.14625000000000005 0.18625000000000008
0 0.65625 0.906875 0.2899999999999999 0.18625000000000008
0 0.4025 0.8556250000000001 0.06750000000000007 0.06875
0 0.42749999999999994 0.914375 0.13999999999999999 0.17125000000000004
0 0.20125 0.9075 0.017500000000000005 0.022499999999999964
0 0.005 0.960625 0.01 0.07125000000000004
0 0.33375 0.9800000000000001 0.09750000000000006 0.040000000000000036
