0 0.280625 0.03875 0.16625 0.0775
0 0.35374999999999995 0.21187500000000004 0.34250000000000014 0.23625000000000002
0 0.7162499999999999 0.17375000000000002 0.1375000000000001 0.14499999999999996
0 0.5606250000000002 0.2725000000000001 0.08125000000000009 0.13999999999999999
0 0.67125 0.2625 0.10249999999999995 0.0875
0 0.9875 0.27937500000000004 0.025 0.09124999999999997
0 0.15874999999999984 0.36187500000000006 0.0625 0.08125000000000004
0 0.960625 0.37374999999999997 0.07874999999999996 0.07749999999999999
0 0.63375 0.42125 0.10250000000000004 0.10750000000000001
0 0.860625 0.393125 0.046250000000000034 0.043749999999999914
0 0.985625 0.425625 0.028750000000000143 0.05624999999999995
0 0.8743749999999999 0.45562500000000006 0.06874999999999983 0.06375000000000001
0 0.14437500000000003 0.52375 0.18874999999999997 0.2000000000000001
0 0.95875 0.459375 0.08249999999999993 0.06375000000000001
0 0.974375 0.530625 0.05124999999999993 0.06374999999999993
0 0.89625 0.685 0.20750000000000002 0.37249999999999994
0 0.9075 0.5325 0.03499999999999996 0.06000000000000005
0 0.9506250000000002 0.5493750000000001 0.05875000000000004 0.08875000000000002
0 0.615 0.566875 0.14749999999999996 0.1137500000000001
0 0.8162499999999999 0.60625 0.09249999999999999 0.09500000000000011
0 0.6568750000000001 0.6056250000000001 0.03375000000000004 0.05625
0 0.593125 0.655625 0.04624999999999986 0.03875000000000002
0 0.64125 0.6975 0.11999999999999993 0.10499999999999998
0 0.809375 0.734375 0.09625000000000013 0.10374999999999997
0 0.734375 0.7462500000000001 0.046250000000000215 0.04249999999999998
0 0.9018749999999999 0.765625 0.04875000000000007 0.05625
0 0.8462500000000001 0.765 0.025 0.022499999999999964
0 0.96875 0.8556250000000001 0.0625 0.036250000000000074
0 0.963125 0.9331250000000001 0.07375000000000007 0.08375000000000003
0 0.944375 0.98375 0.07125000000000022 0.03249999999999993
