0 0.3075 0.133125 0.3424999999999999 0.23625
0 0.6700000000000002 0.095 0.1374999999999999 0.14500000000000002
0 0.97625 0.058125 0.04500000000000011 0.05125
0 0.975625 0.114375 0.04125000000000014 0.04625
0 0.5143749999999999 0.19375 0.0812499999999999 0.13999999999999996
0 0.625 0.18375 0.10250000000000004 0.08749999999999998
0 0.96125 0.200625 0.06500000000000003 0.09124999999999998
0 0.11250000000000004 0.28312499999999996 0.0625 0.08125
0 0.9181250000000001 0.29500000000000004 0.08625000000000008 0.07749999999999999
0 0.5875 0.34249999999999997 0.10249999999999995 0.10749999999999997
0 0.8143750000000001 0.31437499999999996 0.046250000000000034 0.04375
0 0.9493750000000001 0.346875 0.04875000000000007 0.05625
0 0.828125 0.37687499999999996 0.06875 0.06375000000000006
0 0.09812500000000002 0.445 0.1887500000000002 0.20000000000000004
0 0.91375 0.380625 0.08499999999999996 0.06375000000000001
0 0.92875 0.4518750000000001 0.05249999999999986 0.06375000000000001
0 0.8725000000000002 0.60625 0.25250000000000006 0.37249999999999994
0 0.8612500000000001 0.45375 0.03499999999999996 0.06000000000000005
0 0.9043749999999999 0.47062500000000007 0.05875000000000004 0.08875000000000002
0 0.56875 0.488125 0.14750000000000005 0.11375000000000002
0 0.7699999999999999 0.5275000000000001 0.09249999999999999 0.09500000000000001
0 0.610625 0.5268750000000001 0.03374999999999995 0.05625
0 0.546875 0.576875 0.046250000000000215 0.03874999999999993
0 0.595 0.61875 0.1200000000000001 0.10499999999999998
0 0.763125 0.655625 0.09625000000000003 0.10375000000000005
0 0.688125 0.6675 0.04624999999999986 0.04249999999999989
0 0.8556250000000001 0.6868749999999999 0.04875000000000007 0.05625
0 0.8 0.68625 0.025 0.022499999999999964
0 0.9262499999999999 0.7768750000000001 0.0700000000000001 0.036249999999999984
0 0.9381250000000001 0.8543749999999999 0.11624999999999996 0.08375000000000003
0 0.898125 0.93 0.07125000000000004 0.08249999999999975
