0 0.8275 0.01875 0.15250000000000022 0.0375
0 0.6900000000000001 0.006875000000000001 0.06749999999999998 0.013750000000000002
0 0.46187500000000004 0.035 0.14624999999999994 0.07
0 0.04749999999999999 0.015625 0.09499999999999997 0.03125
0 0.825 0.15499999999999997 0.35 0.3
0 0.9756250000000002 0.366875 0.04874999999999989 0.1387500000000001
0 0.92125 0.354375 0.09250000000000007 0.10375000000000001
0 0.7106250000000001 0.33625 0.05625 0.05249999999999999
0 0.70625 0.471875 0.14000000000000004 0.23624999999999993
0 0.49437499999999995 0.545 0.30125 0.2075000000000001
0 0.623125 0.599375 0.15374999999999997 0.13874999999999993
0 0.8037500000000002 0.549375 0.047499999999999966 0.03125
0 0.771875 0.6224999999999999 0.06125000000000007 0.06749999999999998
0 0.6431250000000001 0.764375 0.14125000000000004 0.14624999999999994
0 0.5081249999999999 0.840625 0.1737499999999999 0.16624999999999995
0 0.26687500000000003 0.8125 0.07874999999999996 0.08500000000000005
0 0.04249999999999998 0.931875 0.08499999999999996 0.13625000000000007
0 0.7956249999999999 0.9337500000000001 0.16374999999999984 0.13000000000000006
0 0.85625 0.951875 0.28500000000000003 0.09624999999999986
0 0.60625 0.96125 0.09500000000000001 0.07750000000000004
0 0.985 0.984375 0.030000000000000072 0.03125
0 0.09624999999999995 0.99 0.0924999999999998 0.019999999999999928
0 0.70625 0.9949999999999999 0.18000000000000008 0.009999999999999964
