0 0.015 0.328125 0.03 0.24375
0 0.05750000000000001 0.36375 0.11500000000000002 0.125
0 0.115625 0.473125 0.09375 0.1137500000000001
0 0.04625 0.528125 0.0925 0.09375
0 0.991875 0.616875 0.016249999999999966 0.17875000000000005
0 0.14625000000000002 0.653125 0.1975 0.23125
0 0.8768750000000001 0.6837500000000001 0.24624999999999994 0.205
0 0.258125 0.6912499999999999 0.11874999999999998 0.15
0 0.701875 0.755625 0.14624999999999994 0.16375
0 0.3525 0.7550000000000001 0.12749999999999995 0.1375
0 0.005625 0.778125 0.01125 0.11124999999999999
0 0.18125 0.8474999999999999 0.155 0.1849999999999999
0 0.321875 0.8724999999999999 0.10375000000000001 0.11500000000000021
0 0.083125 0.9349999999999999 0.16625 0.13000000000000006
0 0.1075 0.9068750000000001 0.07749999999999999 0.053749999999999964
0 0.29874999999999996 0.9625 0.11749999999999998 0.075
0 0.414375 0.976875 0.07375000000000002 0.046250000000000034
