0 0.23312499999999997 0.04 0.11625 0.08
0 0.40437500000000004 0.045625 0.15374999999999997 0.09125
0 0.701875 0.015 0.06375000000000001 0.03
0 0.72 0.085625 0.06499999999999995 0.13625
0 0.255 0.14937499999999998 0.15250000000000002 0.12125000000000001
0 0.40062499999999995 0.15125000000000002 0.09624999999999999 0.06999999999999999
0 0.7068749999999999 0.253125 0.061249999999999985 0.06624999999999996
0 0.93125 0.29000000000000004 0.07750000000000004 0.07500000000000004
0 0.0675 0.32875 0.06499999999999999 0.07749999999999999
0 0.98375 0.403125 0.03249999999999993 0.07375000000000002
0 0.5025000000000001 0.4525 0.15750000000000003 0.13999999999999996
0 0.34562499999999996 0.536875 0.11624999999999996 0.12125000000000004
0 0.05437499999999999 0.51875 0.06875 0.075
0 0.74 0.5831250000000001 0.16750000000000007 0.20375000000000004
0 0.496875 0.58125 0.16375 0.13000000000000006
0 0.9949999999999999 0.5725 0.009999999999999964 0.07750000000000004
0 0.027500000000000004 0.7056250000000001 0.05500000000000001 0.2162499999999999
0 0.5118750000000001 0.7993750000000001 0.22375000000000006 0.36875
0 0.881875 0.71125 0.053749999999999784 0.0625
0 0.15125 0.7775000000000001 0.11000000000000001 0.1275000000000001
0 0.059375 0.9106249999999999 0.11875 0.14874999999999988
0 0.719375 0.94375 0.06374999999999993 0.08499999999999996
0 0.9324999999999999 0.96875 0.08000000000000007 0.0625
0 0.745625 0.9931249999999998 0.07624999999999993 0.013750000000000106
