0 0.709375 0.95875 0.16625000000000006 0.08249999999999993
0 0.63625 0.783125 0.3424999999999999 0.2362499999999999
0 0.27375 0.82125 0.13750000000000004 0.14499999999999993
0 0.42937499999999995 0.7224999999999999 0.08125 0.13999999999999996
0 0.31875000000000003 0.7324999999999999 0.10249999999999995 0.08750000000000009
0 0.007500000000000007 0.715625 0.015000000000000013 0.09125000000000005
0 0.83125 0.633125 0.0625 0.08125
0 0.03437499999999999 0.6212500000000001 0.06874999999999998 0.07749999999999994
0 0.3562499999999999 0.57375 0.1025 0.10749999999999993
0 0.12937500000000002 0.601875 0.046250000000000124 0.04375000000000009
0 0.009375000000000022 0.569375 0.018750000000000044 0.05625
0 0.11562500000000005 0.539375 0.06874999999999998 0.06374999999999983
0 0.8456249999999998 0.47124999999999995 0.18874999999999992 0.2
0 0.036250000000000004 0.5356249999999999 0.07250000000000001 0.06375000000000001
0 0.020625000000000004 0.464375 0.04125000000000001 0.06374999999999993
0 0.09875 0.30999999999999994 0.1975 0.37249999999999994
0 0.0824999999999999 0.4625 0.03500000000000014 0.06000000000000005
0 0.03937499999999999 0.44562500000000005 0.05874999999999997 0.08875000000000002
0 0.375 0.428125 0.14749999999999996 0.11375000000000002
0 0.1737499999999999 0.38875000000000004 0.09250000000000014 0.09500000000000001
0 0.333125 0.38937499999999997 0.03375000000000008 0.05625
0 0.396875 0.339375 0.04624999999999999 0.038750000000000104
0 0.34875000000000006 0.2975 0.11999999999999997 0.10499999999999998
0 0.18062500000000004 0.260625 0.09624999999999995 0.10375000000000001
0 0.25562500000000005 0.24875000000000003 0.046250000000000034 0.04249999999999998
0 0.08812500000000001 0.22937499999999997 0.04875000000000007 0.05624999999999991
0 0.14375 0.22999999999999998 0.025000000000000022 0.022499999999999964
0 0.026249999999999996 0.13937500000000003 0.05249999999999999 0.03624999999999989
0 0.03187499999999999 0.06187499999999996 0.06374999999999997 0.0837500000000001
0 0.04562500000000003 0.01375000000000004 0.07125000000000004 0.02750000000000008
