0 0.7787499999999999 0.018125000000000058 0.23500000000000004 0.036250000000000115
0 0.796875 0.08374999999999999 0.08875000000000019 0.0625
0 0.740625 0.13812500000000016 0.13374999999999987 0.09375
0 0.7200000000000001 0.6825 0.1124999999999999 0.13250000000000012
0 0.70875 0.525625 0.10999999999999996 0.10375000000000005
0 0.705625 0.85125 0.1137500000000001 0.10999999999999996
0 0.698125 0.34062499999999996 0.12874999999999998 0.14624999999999994
0 0.6737499999999998 0.05687499999999984 0.09249999999999999 0.07874999999999999
0 0.568125 0.32 0.16625000000000006 0.20250000000000004
0 0.5118750000000001 0.19562500000000005 0.08125000000000009 0.13124999999999987
0 0.49312500000000004 0.024374999999999925 0.06875 0.04874999999999985
0 0.41624999999999995 0.3425 0.12749999999999995 0.11250000000000009
0 0.40499999999999997 0.006249999999999978 0.14000000000000004 0.012499999999999956
0 0.393125 0.06812500000000005 0.15125000000000002 0.1362500000000001
0 0.338125 0.17375000000000002 0.16375 0.16249999999999995
0 0.361875 0.4425 0.1062500000000001 0.1100000000000001
0 0.27812499999999996 0.678125 0.10375000000000005 0.07375000000000007
0 0.22437500000000007 0.2612500000000001 0.14124999999999985 0.15000000000000005
0 0.23687499999999995 0.89875 0.10875000000000012 0.10500000000000025
0 0.22687500000000008 0.37875 0.08624999999999994 0.057499999999999926
0 0.1843749999999999 0.473125 0.05125000000000013 0.04124999999999997
0 0.07687500000000008 0.13250000000000006 0.15375000000000016 0.2425
0 0.13187500000000002 0.2 0.028749999999999942 0.02749999999999999
0 0.10562499999999997 0.26375000000000004 0.07125000000000004 0.07250000000000001
