0 0.6449999999999999 0.9956250000000001 0.11750000000000008 0.008750000000000036
0 0.550625 0.95375 0.14625000000000005 0.09250000000000007
0 0.65125 0.920625 0.10750000000000011 0.12624999999999992
0 0.0050000000000000044 0.9018749999999999 0.010000000000000009 0.11125000000000007
0 0.164375 0.8925000000000001 0.12875000000000003 0.09749999999999996
0 0.548125 0.836875 0.22875000000000006 0.19375
0 0.41125000000000006 0.890625 0.07749999999999994 0.08374999999999985
0 0.725625 0.8393749999999999 0.11125000000000007 0.13874999999999985
0 0.9 0.766875 0.2 0.20875000000000005
0 0.37 0.785 0.125 0.1450000000000001
0 0.07874999999999999 0.7668750000000001 0.15749999999999997 0.14875000000000016
0 0.22562500000000002 0.7625 0.12124999999999994 0.15249999999999986
0 0.684375 0.57625 0.19375 0.19000000000000003
0 0.585 0.6199999999999999 0.06749999999999998 0.09750000000000006
0 0.436875 0.5675000000000001 0.06374999999999993 0.09249999999999999
0 0.06374999999999997 0.45062499999999994 0.10250000000000004 0.13625000000000007
0 0.39375000000000004 0.465 0.07250000000000005 0.10499999999999998
0 0.275625 0.41937499999999994 0.11125000000000007 0.11875
0 0.791875 0.34125 0.2887500000000001 0.24500000000000002
0 0.15875 0.29875 0.19000000000000009 0.19249999999999998
0 0.29812500000000003 0.32187499999999997 0.05874999999999999 0.07625000000000001
0 0.9724999999999999 0.26 0.05500000000000007 0.09249999999999999
0 0.9356249999999999 0.22999999999999998 0.10374999999999997 0.10499999999999998
0 0.384375 0.1593750000000001 0.10125000000000006 0.13624999999999987
0 0.49000000000000005 0.12062499999999998 0.16999999999999993 0.20875000000000005
0 0.6881250000000001 0.06812500000000005 0.25875000000000004 0.1362500000000001
0 0.576875 0.1268749999999999 0.0012500000000000178 0.0012499999999998623
0 0.951875 0.05499999999999999 0.09624999999999986 0.10999999999999999
0 0.8487500000000001 0.043125000000000024 0.1049999999999999 0.08625000000000005
0 0.376875 0.028749999999999942 0.1437499999999999 0.057499999999999885
