0 0.9824999999999999 0.146875 0.03499999999999996 0.08875000000000002
0 0.9418749999999999 0.203125 0.09375 0.13375
0 0.3975 0.22375000000000003 0.1325 0.11250000000000002
0 0.554375 0.23499999999999996 0.10375000000000005 0.11000000000000001
0 0.22874999999999995 0.23812499999999998 0.11000000000000001 0.11374999999999998
0 0.739375 0.24562499999999998 0.14625000000000005 0.12875
0 0.991875 0.26999999999999996 0.016249999999999966 0.09249999999999999
0 0.76 0.375625 0.20249999999999996 0.16625000000000006
0 0.884375 0.43187499999999995 0.13125 0.08125
0 0.7375 0.5275000000000001 0.1125 0.12750000000000003
0 0.971875 0.5506249999999999 0.05625 0.15124999999999994
0 0.90625 0.6056250000000001 0.1625 0.16374999999999992
0 0.6375 0.5818749999999999 0.10999999999999996 0.10624999999999991
0 0.401875 0.665625 0.07374999999999994 0.10375000000000005
0 0.81875 0.7193750000000001 0.15 0.14124999999999996
0 0.18125000000000002 0.7068749999999999 0.10500000000000002 0.10875000000000004
0 0.7012499999999999 0.7168749999999999 0.057500000000000016 0.08624999999999998
0 0.6068749999999999 0.759375 0.04124999999999988 0.05125000000000002
0 0.9131250000000002 0.8949999999999999 0.1737499999999999 0.20999999999999996
0 0.8800000000000001 0.811875 0.027500000000000035 0.028750000000000143
0 0.8162500000000001 0.8381250000000001 0.07249999999999997 0.07125000000000004
0 0.9881249999999999 0.971875 0.02375000000000007 0.05625
