0 0.681875 0.025625 0.15375000000000005 0.05125
0 0.25187499999999996 0.003125 0.14125000000000001 0.00625
0 0.44437499999999996 0.12 0.01875 0.05749999999999998
0 0.313125 0.16625 0.05125000000000002 0.03750000000000002
0 0.37 0.265 0.07499999999999991 0.09749999999999996
0 0.10374999999999998 0.28125 0.034999999999999996 0.047499999999999966
0 0.24124999999999996 0.34187500000000004 0.11249999999999996 0.14375
0 0.41187500000000005 0.33999999999999997 0.08624999999999998 0.08500000000000005
0 0.15 0.45062499999999994 0.017500000000000005 0.03125
0 0.7768750000000001 0.6212500000000001 0.06875 0.13249999999999992
0 0.67875 0.6074999999999999 0.08750000000000009 0.08750000000000009
0 0.42625 0.6837500000000001 0.16999999999999998 0.20250000000000004
0 0.953125 0.6181249999999999 0.03624999999999971 0.028749999999999963
0 0.26687500000000003 0.710625 0.14625000000000005 0.1687500000000001
0 0.052500000000000005 0.7637499999999999 0.10500000000000001 0.205
0 0.68125 0.71875 0.15 0.11500000000000003
0 0.9643750000000001 0.6925 0.023749999999999893 0.05250000000000003
0 0.9981249999999999 0.7237500000000001 0.0037499999999999643 0.02999999999999998
0 0.9693750000000001 0.750625 0.016249999999999966 0.03374999999999995
0 0.7949999999999999 0.805625 0.0875 0.1062500000000001
0 0.6849999999999999 0.8487500000000001 0.08500000000000005 0.075
0 0.9675 0.829375 0.020000000000000108 0.03624999999999989
0 0.47375 0.890625 0.0875 0.10874999999999986
0 0.58875 0.8837499999999998 0.054999999999999896 0.05999999999999996
0 0.33999999999999997 0.9324999999999999 0.13499999999999993 0.13499999999999995
0 0.7987500000000001 0.9262499999999999 0.08999999999999994 0.09249999999999989
0 0.026250000000000002 0.9487500000000001 0.052500000000000005 0.10250000000000004
0 0.484375 0.9650000000000001 0.16375 0.06999999999999992
0 0.575 0.968125 0.08250000000000002 0.06374999999999993
0 0.6900000000000001 0.9818749999999999 0.12999999999999998 0.036250000000000074
0 0.15375 0.9887499999999999 0.1325 0.022499999999999964
0 0.31562500000000004 0.999375 0.22625 0.001249999999999929
0 0.733125 0.999375 0.04125000000000005 0.001249999999999929
