0 0.6443749999999999 0.098125 0.22124999999999995 0.19625
0 0.05750000000000005 0.04875 0.09500000000000008 0.0975
0 0.17062499999999997 0.06 0.12124999999999997 0.12
0 0.7662500000000001 0.175625 0.04500000000000011 0.053750000000000055
0 0.56875 0.38125 0.2625 0.31999999999999995
0 0.01375000000000004 0.29375 0.02750000000000008 0.125
0 0.763125 0.265 0.05125000000000011 0.06499999999999995
0 0.7818750000000001 0.5587500000000001 0.2437500000000002 0.4525
0 0.21812499999999999 0.40625 0.09125000000000003 0.1
0 0.991875 0.5043749999999999 0.016249999999999966 0.21125
0 0.011249999999999982 0.436875 0.022499999999999964 0.07374999999999998
0 0.499375 0.573125 0.22375000000000012 0.22375000000000006
0 0.91875 0.595 0.14250000000000007 0.19749999999999995
0 0.17125000000000004 0.585625 0.10749999999999996 0.09874999999999998
0 0.08875000000000005 0.5825 0.0249999999999998 0.040000000000000036
0 0.976875 0.718125 0.046250000000000034 0.13874999999999993
0 0.8887499999999999 0.774375 0.10500000000000007 0.21375000000000002
0 0.7275 0.788125 0.2000000000000001 0.21374999999999994
0 0.53125 0.7918749999999999 0.195 0.20625
0 0.9818749999999999 0.86875 0.036250000000000074 0.0875
0 0.630625 0.936875 0.10375000000000005 0.10124999999999992
0 0.819375 0.94375 0.2512499999999999 0.1125
0 0.53 0.920625 0.07000000000000002 0.06624999999999996
0 0.45062499999999994 0.991875 0.18875000000000006 0.016249999999999966
0 0.08624999999999994 0.9949999999999999 0.16500000000000004 0.009999999999999964
