0 0.338125 0.0725 0.16625000000000006 0.145
0 0.41125 0.27937500000000004 0.3425 0.23625
0 0.77375 0.24124999999999996 0.1375 0.14499999999999996
0 0.618125 0.33999999999999997 0.0812499999999999 0.13999999999999996
0 0.72875 0.32999999999999996 0.10250000000000004 0.08750000000000005
0 0.2162500000000001 0.42937499999999995 0.06249999999999989 0.08124999999999996
0 0.9893750000000001 0.44125 0.021250000000000036 0.07749999999999994
0 0.6912499999999999 0.4887499999999999 0.10249999999999986 0.10750000000000001
0 0.9181249999999999 0.46062499999999995 0.046250000000000034 0.04375000000000009
0 0.9318750000000001 0.5231250000000001 0.06875000000000017 0.06375000000000001
0 0.20187500000000008 0.59125 0.1887499999999999 0.2
0 0.9875 0.526875 0.025 0.06374999999999993
0 0.925 0.7525000000000001 0.15 0.3724999999999999
0 0.9650000000000001 0.6 0.03500000000000014 0.06000000000000005
0 0.9893750000000001 0.616875 0.021250000000000036 0.08875000000000002
0 0.6725 0.634375 0.14750000000000005 0.11375000000000002
0 0.87375 0.6737499999999998 0.09250000000000007 0.09500000000000001
0 0.714375 0.673125 0.03375000000000004 0.05625
0 0.650625 0.723125 0.046250000000000124 0.038750000000000104
0 0.69875 0.765 0.1200000000000001 0.10500000000000007
0 0.866875 0.8018750000000001 0.09625000000000003 0.10374999999999997
0 0.7918749999999999 0.81375 0.04624999999999986 0.04249999999999998
0 0.959375 0.8331250000000001 0.04874999999999989 0.05624999999999982
0 0.9037499999999999 0.8324999999999999 0.025 0.022499999999999964
0 0.9974999999999999 0.923125 0.005000000000000071 0.03624999999999989
0 0.991875 0.9793749999999999 0.016249999999999966 0.04124999999999997
