0 0.4618749999999999 0.006875000000000001 0.22125000000000003 0.013750000000000002
0 0.9487500000000001 0.03625 0.10250000000000004 0.0725
0 0.58375 0.01 0.04499999999999993 0.02
0 0.38625 0.19875000000000004 0.2625 0.32
0 0.580625 0.0825 0.05125000000000011 0.06500000000000002
0 0.9199999999999999 0.09375 0.07750000000000004 0.06499999999999999
0 0.599375 0.37625000000000003 0.2437499999999999 0.4525
0 0.04062500000000002 0.22374999999999998 0.08125000000000004 0.1
0 0.869375 0.321875 0.13625000000000007 0.21125000000000002
0 0.31687499999999996 0.390625 0.22374999999999998 0.22374999999999995
0 0.73625 0.4125 0.1424999999999999 0.1975
0 0.021250000000000047 0.403125 0.04250000000000009 0.09875000000000003
0 0.8318749999999999 0.5356249999999999 0.12124999999999986 0.13875
0 0.70625 0.5918749999999999 0.10499999999999998 0.21375000000000002
0 0.5449999999999999 0.6056250000000001 0.2000000000000001 0.21374999999999994
0 0.34875 0.609375 0.19500000000000006 0.20625
0 0.8168749999999999 0.68625 0.07125000000000004 0.0875
0 0.448125 0.754375 0.10375000000000001 0.1012500000000001
0 0.6368750000000001 0.7987499999999998 0.25125000000000003 0.18749999999999992
0 0.3475 0.7381249999999999 0.06999999999999992 0.06625000000000006
0 0.26812499999999995 0.885 0.1887500000000002 0.16750000000000007
0 0.7581249999999999 0.9168749999999999 0.20374999999999996 0.16624999999999995
0 0.471875 0.89 0.08374999999999995 0.1125
0 0.959375 0.9600000000000002 0.08125 0.07999999999999989
0 0.47750000000000004 0.9837499999999999 0.05499999999999998 0.022499999999999964
