0 0.3175 0.000625 0.11749999999999998 0.00125
0 0.41187500000000005 0.0425 0.14624999999999994 0.085
0 0.31124999999999997 0.071875 0.10749999999999997 0.12625000000000003
0 0.97625 0.090625 0.047499999999999966 0.11124999999999999
0 0.798125 0.09999999999999999 0.12874999999999998 0.09749999999999999
0 0.41437500000000005 0.15562499999999999 0.22875000000000006 0.19375
0 0.5512499999999999 0.10187500000000001 0.07749999999999994 0.08375
0 0.236875 0.153125 0.11124999999999999 0.13875
0 0.08125 0.22562500000000002 0.1625 0.20875000000000005
0 0.5925 0.20750000000000002 0.125 0.14500000000000002
0 0.9025000000000001 0.22562500000000002 0.19499999999999992 0.14875
0 0.7368750000000001 0.22999999999999998 0.12124999999999994 0.1525
0 0.278125 0.41624999999999995 0.19375 0.19
0 0.3775 0.3725 0.06749999999999998 0.09750000000000006
0 0.525625 0.425 0.06375000000000001 0.09250000000000007
0 0.89875 0.5418749999999999 0.10250000000000004 0.13624999999999998
0 0.56875 0.5275000000000001 0.07250000000000005 0.10499999999999998
0 0.686875 0.5731249999999999 0.11125000000000007 0.11874999999999991
0 0.170625 0.6512500000000001 0.28874999999999995 0.24500000000000002
0 0.8037500000000002 0.69375 0.19000000000000003 0.19249999999999998
0 0.6643749999999999 0.670625 0.05875000000000004 0.07625000000000011
0 0.00875 0.7325000000000002 0.0175 0.09249999999999999
0 0.039375 0.7625 0.07875 0.1049999999999999
0 0.578125 0.8331250000000001 0.1012500000000001 0.1362499999999999
0 0.4725 0.871875 0.17 0.20874999999999994
0 0.274375 0.928125 0.2587499999999999 0.14375
0 0.385625 0.865625 0.0012499999999999734 0.001249999999999929
0 0.029374999999999995 0.9412499999999999 0.05874999999999999 0.11750000000000008
0 0.11375000000000002 0.953125 0.10500000000000001 0.09375
0 0.585625 0.9675 0.1437499999999999 0.06499999999999986
0 0.4675000000000001 0.9962500000000001 0.07250000000000005 0.007499999999999929
