0 0.8408203125 0.99169921875 0.01953125 0.0166015625
0 0.60498046875 0.97216796875 0.0888671875 0.0556640625
0 0.361328125 0.888671875 0.048828125 0.04296875
0 0.482421875 0.837890625 0.140625 0.080078125
0 0.16455078125 0.77294921875 0.1142578125 0.1123046875
0 0.97900390625 0.77001953125 0.0419921875 0.0302734375
0 0.13525390625 0.6572265625 0.0751953125 0.037109375
0 0.12255859375 0.5458984375 0.0576171875 0.068359375
0 0.14794921875 0.42626953125 0.1494140625 0.1494140625
0 0.65673828125 0.431640625 0.1220703125 0.115234375
0 0.7607421875 0.47265625 0.033203125 0.0234375
0 0.97412109375 0.3798828125 0.0419921875 0.046875
0 0.74658203125 0.35498046875 0.0498046875 0.0595703125
0 0.6865234375 0.30029296875 0.171875 0.1494140625
0 0.3232421875 0.30908203125 0.166015625 0.1240234375
0 0.15283203125 0.2783203125 0.1962890625 0.18359375
0 0.80908203125 0.310546875 0.0791015625 0.111328125
0 0.701171875 0.154296875 0.185546875 0.14453125
0 0.21240234375 0.1826171875 0.0341796875 0.03125
0 0.3115234375 0.15283203125 0.0703125 0.0791015625
0 0.2431640625 0.15771484375 0.05859375 0.0654296875
0 0.1552734375 0.14111328125 0.04296875 0.0498046875
0 0.03076171875 0.0859375 0.0615234375 0.064453125
0 0.22900390625 0.044921875 0.1181640625 0.08984375
0 0.68896484375 0.03369140625 0.1123046875 0.0673828125
0 0.3427734375 0.033203125 0.068359375 0.06640625
0 0.76611328125 0.02392578125 0.0439453125 0.0478515625
