0 0.03312499999999996 0.013125000000000001 0.06624999999999992 0.026250000000000002
0 0.49250000000000005 0.01875 0.05249999999999995 0.0375
0 0.8068750000000001 0.11500000000000002 0.2237499999999999 0.23000000000000004
0 0.1850000000000001 0.05874999999999999 0.12499999999999989 0.11749999999999998
0 0.969375 0.021875 0.03874999999999993 0.04375
0 0.06375000000000014 0.10187500000000001 0.11750000000000005 0.12625000000000003
0 0.379375 0.1375 0.09624999999999999 0.09
0 0.255 0.174375 0.11499999999999999 0.11375000000000002
0 0.9162500000000001 0.24749999999999997 0.08499999999999996 0.07499999999999996
0 0.438125 0.274375 0.11375000000000002 0.12625000000000003
0 0.121875 0.275625 0.06874999999999998 0.06625000000000006
0 0.63625 0.35812499999999997 0.14000000000000004 0.12625000000000006
0 0.11312499999999996 0.334375 0.06874999999999998 0.04875000000000003
0 0.94375 0.376875 0.1125 0.11875000000000009
0 0.08499999999999996 0.445 0.11999999999999988 0.14499999999999996
0 0.44437499999999996 0.43875000000000003 0.12375000000000007 0.11000000000000001
0 0.8168749999999999 0.436875 0.09874999999999998 0.09375
0 0.9931249999999998 0.5175 0.013750000000000106 0.040000000000000036
0 0.41875 0.54125 0.039999999999999855 0.03499999999999988
0 0.1050000000000001 0.5487500000000001 0.027499999999999858 0.022500000000000055
0 0.6900000000000001 0.58125 0.05500000000000007 0.05
0 0.13999999999999996 0.5731249999999999 0.025000000000000244 0.028750000000000053
0 0.983125 0.641875 0.033749999999999857 0.10875000000000004
0 0.89625 0.6325000000000001 0.030000000000000072 0.03499999999999996
0 0.37750000000000006 0.6456250000000001 0.06500000000000009 0.061249999999999985
0 0.621875 0.636875 0.03874999999999993 0.04124999999999997
0 0.10125000000000002 0.7175 0.16000000000000003 0.15750000000000003
0 0.6675 0.675 0.047499999999999966 0.04249999999999998
0 0.29312499999999997 0.7106250000000001 0.09375 0.05625
0 0.5875 0.694375 0.025 0.021250000000000036
0 0.00187499999999996 0.715625 0.00374999999999992 0.028749999999999963
0 0.2800000000000001 0.843125 0.17499999999999996 0.23125
0 0.16125 0.866875 0.15999999999999992 0.1862499999999999
0 0.43875000000000003 0.890625 0.2900000000000001 0.21875
0 0.6925000000000001 0.8231249999999999 0.06750000000000016 0.06875000000000017
0 0.6675 0.898125 0.14000000000000004 0.20374999999999996
0 0.026874999999999982 0.923125 0.053749999999999964 0.15375000000000014
0 0.89375 0.875 0.01750000000000007 0.02250000000000014
0 0.7612500000000001 0.9637499999999999 0.09750000000000014 0.07249999999999997
0 0.4887499999999999 0.9887499999999999 0.0875 0.022499999999999964
