0 0.15125 0.00625 0.135 0.0125
0 0.103125 0.068125 0.20625 0.13625
0 0.05375 0.12437499999999999 0.1075 0.16875
0 0.268125 0.18125000000000002 0.03125 0.042500000000000024
0 0.9412499999999999 0.230625 0.0375 0.053750000000000055
0 0.215 0.280625 0.05499999999999998 0.13125
0 0.030625000000000003 0.359375 0.061250000000000006 0.08625000000000008
0 0.8331249999999999 0.445 0.09874999999999998 0.12750000000000003
0 0.7518750000000001 0.429375 0.04874999999999998 0.06625
0 0.315625 0.521875 0.08625000000000002 0.12374999999999999
0 0.669375 0.74125 0.39625000000000005 0.5175
0 0.23312500000000003 0.5606249999999999 0.12625000000000003 0.15125000000000002
0 0.135625 0.623125 0.08125 0.09375
0 0.41437500000000005 0.6224999999999999 0.028750000000000053 0.06999999999999992
0 0.350625 0.661875 0.12625000000000003 0.10375000000000005
0 0.44749999999999995 0.7381249999999999 0.047500000000000056 0.06625000000000006
0 0.37875 0.7575000000000001 0.07499999999999996 0.07750000000000004
0 0.008125 0.766875 0.01625 0.05625
0 0.049375 0.8106250000000002 0.05625 0.12375000000000007
0 0.446875 0.8006249999999999 0.06875 0.036250000000000074
0 0.366875 0.8693750000000001 0.04874999999999994 0.05875000000000004
0 0.9550000000000001 0.93625 0.09000000000000004 0.12749999999999986
0 0.6525000000000001 0.9637499999999999 0.1425 0.07249999999999997
0 0.385625 0.98125 0.15374999999999997 0.0375
0 0.795625 0.9862500000000001 0.07125000000000004 0.027500000000000035
0 0.17062499999999997 0.9887499999999999 0.10124999999999999 0.022499999999999964
