0 0.015625 0.00375 0.03125 0.0075
0 0.8400000000000001 0.039375 0.09750000000000014 0.07875
0 0.018125 0.07062500000000001 0.03625 0.10625
0 0.8612500000000001 0.14562499999999998 0.06999999999999992 0.05625
0 0.768125 0.231875 0.09625000000000003 0.09625000000000003
0 0.8600000000000001 0.199375 0.040000000000000036 0.03125
0 0.504375 0.21187500000000004 0.05125000000000011 0.04125000000000001
0 0.983125 0.25 0.033749999999999857 0.0625
0 0.890625 0.236875 0.04375 0.03374999999999995
0 0.453125 0.40062499999999995 0.21125 0.22875000000000006
0 0.98125 0.36375 0.0375 0.13750000000000004
0 0.75625 0.378125 0.16000000000000006 0.13624999999999993
0 0.6131249999999999 0.3575 0.08874999999999993 0.08250000000000002
0 0.0725 0.41 0.13 0.10000000000000009
0 0.26749999999999996 0.4525 0.1525 0.15250000000000008
0 0.058124999999999996 0.5393749999999999 0.09124999999999998 0.07874999999999996
0 0.00125 0.5506249999999999 0.0025 0.07874999999999996
0 0.871875 0.5962500000000001 0.25625 0.13999999999999996
0 0.673125 0.6118750000000001 0.09624999999999995 0.11625000000000005
0 0.528125 0.6237499999999999 0.17875000000000013 0.12999999999999998
0 0.378125 0.62625 0.11125000000000003 0.11250000000000009
0 0.51875 0.76125 0.1625 0.13250000000000012
0 0.001875 0.7856250000000001 0.00375 0.17375000000000015
0 0.323125 0.804375 0.03375000000000004 0.028749999999999963
0 0.8143750000000001 0.9793749999999999 0.05874999999999995 0.04124999999999997
