0 0.05499999999999999 0.954375 0.10999999999999999 0.09125000000000014
0 0.42874999999999996 0.994375 0.08749999999999995 0.01125000000000007
0 0.614375 0.9149999999999998 0.19124999999999998 0.1700000000000001
0 0.934375 0.996875 0.04875000000000007 0.00625
0 0.8125 0.95625 0.06499999999999986 0.05500000000000007
0 0.9225 0.9525 0.04250000000000007 0.05
0 0.87625 0.96 0.02500000000000018 0.022499999999999788
0 0.9212499999999999 0.9043749999999999 0.022499999999999964 0.02375000000000007
0 0.521875 0.8350000000000002 0.046249999999999944 0.032500000000000105
0 0.9493750000000001 0.780625 0.10124999999999992 0.09125000000000014
0 0.521875 0.788125 0.026250000000000016 0.02624999999999993
0 0.08750000000000002 0.73125 0.11999999999999988 0.1375
0 0.559375 0.754375 0.03125 0.028749999999999963
0 0.9425000000000001 0.6368750000000001 0.11500000000000003 0.20125
0 0.5625 0.6762499999999999 0.05750000000000011 0.06999999999999992
0 0.755 0.6912499999999999 0.022499999999999964 0.0375
0 0.8143750000000001 0.6825 0.03624999999999989 0.03499999999999996
0 0.5025 0.65625 0.05999999999999996 0.047499999999999785
0 0.44437499999999996 0.645625 0.028750000000000143 0.03125
0 0.10875000000000001 0.6043749999999999 0.10749999999999993 0.11124999999999999
0 0.828125 0.458125 0.21625000000000014 0.11624999999999996
0 0.9887500000000001 0.495 0.01750000000000007 0.015000000000000036
0 0.6131249999999999 0.434375 0.03874999999999993 0.03874999999999993
0 0.98125 0.384375 0.0375 0.07125000000000004
0 0.584375 0.39624999999999994 0.03374999999999995 0.039999999999999994
0 0.843125 0.37125 0.06125000000000007 0.06999999999999992
0 0.6768750000000001 0.358125 0.046249999999999944 0.09125000000000005
0 0.334375 0.290625 0.04125000000000001 0.09375
0 0.2625 0.29625 0.06999999999999992 0.06000000000000005
0 0.915625 0.285625 0.04375 0.021250000000000036
0 0.18062500000000004 0.21812500000000004 0.09125000000000005 0.13124999999999987
0 0.725625 0.18750000000000006 0.07375000000000007 0.09749999999999984
0 0.9018750000000001 0.1868749999999999 0.053749999999999964 0.05625000000000011
0 0.44937499999999997 0.09437499999999999 0.51125 0.18874999999999997
0 0.8731249999999999 0.0956249999999999 0.10625 0.12375000000000014
0 0.9075 0.04124999999999995 0.18500000000000014 0.0824999999999999
0 0.7949999999999999 0.05625000000000002 0.05499999999999998 0.050000000000000044
0 0.74875 0.03187499999999999 0.125 0.06374999999999997
0 0.08187499999999998 0.025000000000000022 0.15125 0.050000000000000044
