0 0.0325 0.23124999999999996 0.065 0.13500000000000004
0 0.16625 0.14999999999999997 0.19750000000000004 0.23500000000000001
0 0.1525 0.29812500000000003 0.15 0.16125000000000003
0 0.27 0.9875 0.2475 0.025
0 0.27125 0.025624999999999953 0.12750000000000003 0.05124999999999991
0 0.22000000000000003 0.485 0.02250000000000001 0.022499999999999964
0 0.265625 0.11312500000000003 0.10374999999999997 0.14625
0 0.36312500000000003 0.30062500000000003 0.18624999999999997 0.13624999999999998
0 0.39187500000000003 0.41999999999999993 0.20875000000000005 0.16000000000000006
0 0.39375 0.15312499999999996 0.15749999999999997 0.16625000000000004
0 0.406875 0.55625 0.016249999999999966 0.014999999999999947
0 0.505 0.0675 0.18249999999999994 0.135
0 0.5650000000000001 0.438125 0.1124999999999999 0.18625000000000003
0 0.579375 0.0025000000000000577 0.10624999999999991 0.0050000000000001155
0 0.5481250000000001 0.620625 0.026250000000000016 0.028749999999999963
0 0.60875 0.23375000000000004 0.13500000000000006 0.20749999999999988
0 0.70625 0.10437500000000006 0.1875 0.15374999999999994
0 0.7206249999999998 0.4731249999999999 0.18624999999999997 0.28625
0 0.70875 0.248125 0.09249999999999999 0.09625000000000009
0 0.820625 0.295 0.15875000000000003 0.16000000000000006
0 0.8556249999999999 0.55375 0.07125000000000004 0.08500000000000005
0 0.8787500000000001 0.200625 0.07249999999999997 0.08875000000000002
0 0.9306249999999998 0.14250000000000002 0.1387500000000001 0.16249999999999995
0 0.9556250000000001 0.07999999999999996 0.08874999999999993 0.15999999999999992
0 0.94375 0.525 0.060000000000000143 0.05499999999999998
