0 0.425 0.985625 0.06249999999999996 0.028750000000000143
0 0.58 0.9337500000000001 0.17999999999999988 0.10249999999999986
0 0.17312499999999997 0.850625 0.14624999999999996 0.1437499999999999
0 0.13562500000000005 0.7025 0.09625000000000006 0.04750000000000014
0 0.11937499999999997 0.5599999999999999 0.0737500000000001 0.0875
0 0.15187500000000004 0.40687500000000004 0.19125000000000003 0.19125
0 0.803125 0.41374999999999995 0.15625 0.14750000000000005
0 0.93625 0.46624999999999994 0.04249999999999989 0.02999999999999998
0 0.9181250000000001 0.315625 0.06374999999999993 0.07625000000000007
0 0.8412500000000002 0.24562500000000004 0.2200000000000001 0.19125000000000003
0 0.37625000000000003 0.2568750000000001 0.2125 0.15875000000000009
0 0.15812499999999996 0.21749999999999997 0.25125 0.23499999999999996
0 0.9737500000000001 0.25875 0.05250000000000003 0.1425
0 0.86 0.07562499999999994 0.2375 0.15124999999999988
0 0.234375 0.09499999999999997 0.04375 0.040000000000000036
0 0.36125 0.056875000000000064 0.08999999999999994 0.10125000000000017
0 0.27375 0.06312500000000004 0.07500000000000004 0.0837500000000001
0 0.16125 0.04187500000000005 0.05499999999999994 0.06375000000000008
0 0.020625000000000004 0.006249999999999978 0.04125000000000001 0.012499999999999956
