0 0.03875 0.028749999999999942 0.0775 0.057499999999999885
0 0.040625 0.4031249999999999 0.08125 0.13374999999999998
0 0.074375 0.890625 0.14875 0.21875
0 0.01 0.490625 0.02 0.053749999999999964
0 0.0225 0.5481250000000001 0.045 0.036249999999999984
0 0.043125 0.725 0.08625 0.04249999999999998
0 0.114375 0.09562499999999996 0.18875 0.19124999999999992
0 0.053125 0.008749999999999925 0.061250000000000006 0.01749999999999985
0 0.0925 0.31562500000000004 0.1275 0.13375000000000004
0 0.128125 0.440625 0.17875 0.18125
0 0.100625 0.6431250000000001 0.07875000000000001 0.09874999999999998
0 0.148125 0.275 0.10375000000000001 0.09499999999999997
0 0.200625 0.548125 0.18125 0.15874999999999995
0 0.15625 0.681875 0.09000000000000001 0.12125000000000012
0 0.15499999999999997 0.88125 0.03749999999999998 0.040000000000000036
0 0.1925 0.9081250000000001 0.07250000000000001 0.06875
0 0.305625 0.6375 0.24874999999999997 0.17249999999999996
0 0.318125 0.25249999999999995 0.26125 0.34
0 0.265625 0.43499999999999994 0.06374999999999993 0.0625
0 0.26125 0.8625 0.03750000000000005 0.04499999999999993
0 0.39249999999999996 0.8418750000000002 0.22499999999999995 0.23875000000000002
0 0.32375 0.03749999999999998 0.06499999999999999 0.03500000000000014
0 0.46875 0.44875 0.29000000000000004 0.27249999999999996
0 0.5850000000000001 0.89 0.4525 0.21999999999999992
0 0.48375 0.085625 0.20000000000000004 0.17125
0 0.43562500000000004 0.27874999999999994 0.053749999999999964 0.09499999999999997
0 0.4675000000000001 0.68625 0.11749999999999998 0.14000000000000004
0 0.559375 0.2775 0.16375 0.1
0 0.5543750000000001 0.570625 0.11875 0.0812499999999999
0 0.5912499999999999 0.14562500000000006 0.027499999999999948 0.018749999999999933
0 0.639375 0.024374999999999925 0.11124999999999989 0.04874999999999985
0 0.7162499999999999 0.7212500000000001 0.2525000000000001 0.25749999999999995
0 0.649375 0.608125 0.11374999999999993 0.08625000000000008
0 0.6268750000000001 0.05312500000000003 0.036249999999999984 0.05124999999999991
0 0.765 0.46875 0.25 0.22500000000000003
0 0.6825 0.06500000000000011 0.05250000000000003 0.0724999999999999
0 0.704375 0.18624999999999997 0.09624999999999995 0.08250000000000013
0 0.684375 0.265625 0.053750000000000145 0.06875000000000009
0 0.8600000000000001 0.26125000000000004 0.24000000000000005 0.18000000000000005
0 0.843125 0.38062500000000005 0.15125000000000002 0.09375000000000004
0 0.85 0.06625000000000009 0.12749999999999995 0.10999999999999999
0 0.929375 0.6537499999999999 0.14124999999999996 0.28250000000000003
0 0.9287500000000002 0.45 0.07750000000000004 0.11499999999999985
0 0.969375 0.006249999999999978 0.06125000000000007 0.012499999999999956
0 0.9931249999999998 0.281875 0.013750000000000106 0.12375000000000003
0 0.994375 0.039375000000000104 0.01125000000000007 0.04125000000000012
0 0.994375 0.45499999999999996 0.01125000000000007 0.09249999999999989
