0 0.9375 0.058125 0.125 0.11625
0 0.55625 0.018125 0.0875 0.03625
0 0.37062500000000004 0.0975 0.19125000000000006 0.195
0 0.05062499999999992 0.015625 0.04875000000000007 0.03125
0 0.17250000000000001 0.06875 0.06499999999999997 0.05500000000000001
0 0.0625 0.07250000000000001 0.04249999999999998 0.05000000000000001
0 0.10874999999999994 0.06499999999999999 0.025000000000000244 0.0225
0 0.06374999999999997 0.12062500000000001 0.022499999999999964 0.023750000000000028
0 0.46312499999999995 0.19 0.046250000000000034 0.032500000000000015
0 0.043125000000000024 0.244375 0.08625000000000005 0.09124999999999998
0 0.46312499999999995 0.236875 0.02624999999999993 0.026250000000000016
0 0.8975 0.29375 0.11999999999999993 0.1375
0 0.42562500000000003 0.270625 0.03125 0.028749999999999963
0 0.04999999999999999 0.388125 0.09999999999999998 0.20125
0 0.42250000000000004 0.34875 0.057499999999999975 0.07000000000000002
0 0.22999999999999998 0.33375 0.022499999999999964 0.0375
0 0.17062500000000003 0.34249999999999997 0.03624999999999989 0.03499999999999996
0 0.48250000000000004 0.36875 0.05999999999999996 0.047500000000000056
0 0.540625 0.379375 0.028749999999999876 0.03125
0 0.87625 0.42062499999999997 0.10749999999999993 0.11125000000000003
0 0.15687499999999993 0.566875 0.2162500000000002 0.11624999999999996
0 0.0025000000000000577 0.53 0.0050000000000001155 0.015000000000000036
0 0.371875 0.590625 0.03874999999999993 0.03874999999999993
0 0.011249999999999982 0.640625 0.022499999999999964 0.07125000000000004
0 0.40062499999999995 0.62875 0.03374999999999995 0.040000000000000036
0 0.14187499999999992 0.6537499999999999 0.06125000000000014 0.06999999999999992
0 0.3081250000000001 0.6668749999999999 0.04624999999999999 0.09125000000000005
0 0.650625 0.734375 0.04125000000000005 0.09375
0 0.7225 0.72875 0.0700000000000001 0.06000000000000005
0 0.06937500000000008 0.739375 0.04375000000000018 0.021250000000000036
0 0.804375 0.8068750000000001 0.09124999999999997 0.13125000000000017
0 0.259375 0.8375 0.07374999999999998 0.09750000000000014
0 0.083125 0.8381250000000001 0.053749999999999964 0.05624999999999982
0 0.535625 0.9181250000000001 0.5112499999999999 0.16374999999999992
0 0.11187500000000006 0.929375 0.10624999999999996 0.12374999999999989
0 0.08500000000000008 0.9712500000000001 0.17000000000000015 0.057499999999999926
0 0.19 0.96875 0.05500000000000005 0.05
0 0.2362499999999999 0.9806250000000001 0.12500000000000014 0.03874999999999993
0 0.903125 0.9875 0.15124999999999994 0.025
