0 0.18625 0.11374999999999999 0.3725 0.22749999999999998
0 0.035625 0.28937500000000005 0.07125 0.13875
0 0.10124999999999999 0.276875 0.09249999999999999 0.10374999999999997
0 0.311875 0.25875 0.05625000000000004 0.05249999999999995
0 0.31625 0.39437500000000003 0.13999999999999999 0.23625
0 0.528125 0.4675000000000001 0.30124999999999996 0.20750000000000002
0 0.39937500000000004 0.521875 0.15375 0.13875
0 0.21875 0.471875 0.047499999999999966 0.03125
0 0.250625 0.5449999999999999 0.061249999999999985 0.06749999999999998
0 0.379375 0.686875 0.14124999999999996 0.14624999999999994
0 0.514375 0.7631249999999999 0.1737499999999999 0.1662499999999998
0 0.755625 0.735 0.07874999999999996 0.08499999999999996
0 0.96875 0.8675 0.0625 0.1625000000000001
0 0.22687500000000002 0.85625 0.16375000000000003 0.13000000000000006
0 0.16625 0.9131250000000002 0.28500000000000003 0.1737499999999999
0 0.41624999999999995 0.8868749999999999 0.09500000000000001 0.08375000000000003
0 0.026250000000000002 0.9443750000000002 0.052500000000000005 0.10625000000000018
0 0.9262499999999999 0.9512499999999999 0.09249999999999989 0.09749999999999996
0 0.31625000000000003 0.95625 0.18 0.0875
0 0.820625 0.9893750000000001 0.06875000000000009 0.021250000000000036
0 0.0125 0.996875 0.025 0.00625
