0 0.015625 0.06875 0.03125 0.1375
0 0.2525 0.02125 0.19249999999999998 0.0425
0 0.703125 0.011875 0.1612499999999999 0.02375
0 0.37687499999999996 0.070625 0.13374999999999998 0.14125
0 0.13562500000000002 0.00625 0.05625000000000002 0.0125
0 0.8775000000000001 0.104375 0.24500000000000002 0.20875
0 0.4643750000000001 0.053750000000000006 0.053750000000000055 0.052500000000000005
0 0.521875 0.07625 0.036249999999999984 0.05750000000000001
0 0.69875 0.103125 0.04249999999999989 0.08625
0 0.0825 0.174375 0.165 0.18875
0 0.289375 0.1525 0.13374999999999998 0.1275
0 0.414375 0.18812500000000001 0.18125 0.17875000000000002
0 0.616875 0.160625 0.09874999999999998 0.07875000000000001
0 0.24875000000000003 0.20812499999999998 0.09500000000000001 0.10375000000000001
0 0.521875 0.260625 0.15874999999999995 0.18125
0 0.655625 0.21625 0.12125000000000012 0.08999999999999997
0 0.8550000000000001 0.21500000000000002 0.040000000000000036 0.03750000000000002
0 0.881875 0.25250000000000006 0.06875 0.07250000000000001
0 0.61125 0.365625 0.17249999999999996 0.24875000000000003
0 0.22625 0.378125 0.33999999999999997 0.26125000000000004
0 0.40875000000000006 0.32562499999999994 0.06250000000000004 0.06374999999999997
0 0.83625 0.32125000000000004 0.04500000000000011 0.03750000000000005
0 0.815625 0.4525 0.2387500000000001 0.22499999999999992
0 0.014375000000000002 0.38375 0.028750000000000005 0.06499999999999995
0 0.4225 0.5287499999999999 0.27249999999999996 0.29
0 0.8768750000000001 0.645 0.24624999999999994 0.4525
0 0.0725 0.54375 0.145 0.2
0 0.2525 0.495625 0.09500000000000001 0.053749999999999964
0 0.6599999999999999 0.5275000000000001 0.14000000000000004 0.11750000000000008
0 0.25125000000000003 0.619375 0.1 0.16375
0 0.5443749999999999 0.6143750000000001 0.0812499999999999 0.11874999999999991
0 0.11937500000000001 0.65125 0.01875 0.027500000000000035
0 0.01125 0.6993750000000001 0.0225 0.11124999999999999
0 0.6950000000000001 0.77625 0.2575 0.25250000000000006
0 0.5818749999999999 0.709375 0.08625000000000008 0.11375000000000002
0 0.026875 0.686875 0.051250000000000004 0.036249999999999984
0 0.44250000000000006 0.825 0.22500000000000003 0.25
0 0.03875 0.7425 0.0725 0.05249999999999995
0 0.16 0.764375 0.08250000000000002 0.09624999999999995
0 0.23937499999999998 0.744375 0.06875 0.053749999999999964
0 0.23500000000000001 0.9 0.18 0.2
0 0.354375 0.903125 0.09375 0.15124999999999994
0 0.0475 0.9099999999999999 0.095 0.12750000000000022
0 0.6275000000000001 0.959375 0.28250000000000003 0.08125
0 0.42374999999999996 0.975 0.11499999999999999 0.05
