0 0.8387500000000001 0.9949999999999999 0.025 0.009999999999999964
0 0.536875 0.97 0.11375000000000002 0.060000000000000143
0 0.225 0.86875 0.06250000000000003 0.054999999999999896
0 0.38 0.80375 0.17999999999999988 0.10250000000000012
0 0.023125000000000007 0.7206249999999998 0.04625000000000001 0.1437500000000001
0 0.994375 0.716875 0.01125000000000007 0.038750000000000104
0 0.023749999999999993 0.27687500000000004 0.04749999999999999 0.19125000000000003
0 0.603125 0.28375 0.15625 0.14750000000000005
0 0.7362500000000001 0.33625 0.04250000000000007 0.029999999999999895
0 0.9912500000000002 0.21750000000000003 0.017499999999999894 0.06000000000000005
0 0.718125 0.18562499999999998 0.06374999999999993 0.07625000000000001
0 0.64125 0.115625 0.21999999999999992 0.19125000000000017
0 0.17624999999999996 0.12687500000000002 0.2125 0.15875000000000006
0 0.041874999999999996 0.1025 0.08374999999999999 0.205
0 0.7981250000000001 0.12874999999999992 0.10125000000000002 0.14250000000000007
0 0.6599999999999999 0.010624999999999996 0.2375000000000001 0.02124999999999999
