0 0.10687500000000001 0.038125 0.21375000000000002 0.07625
0 0.24437499999999995 0.019375 0.16125 0.03875
0 0.960625 0.1025 0.07874999999999996 0.205
0 0.43125 0.03125 0.022499999999999964 0.022500000000000003
0 0.06624999999999998 0.076875 0.13249999999999995 0.10375000000000001
0 0.24687499999999996 0.174375 0.13624999999999998 0.18625000000000003
0 0.36625 0.203125 0.16000000000000006 0.20875000000000005
0 0.09937499999999994 0.205 0.1662499999999999 0.1575
0 0.5025000000000001 0.21812500000000004 0.014999999999999947 0.016250000000000007
0 0.04062500000000002 0.31625 0.08125000000000004 0.18249999999999994
0 0.384375 0.37625000000000003 0.18625000000000003 0.1125
0 0.566875 0.359375 0.028749999999999963 0.026250000000000016
0 0.18000000000000005 0.42000000000000004 0.2074999999999998 0.135
0 0.06374999999999992 0.5175 0.12749999999999984 0.1875
0 0.41937499999999994 0.531875 0.28625 0.18625000000000008
0 0.19437500000000002 0.52 0.09625000000000009 0.09250000000000007
0 0.24125000000000005 0.6318750000000001 0.15999999999999992 0.15875000000000003
0 0.5 0.666875 0.08499999999999996 0.07125000000000004
0 0.14687499999999998 0.6900000000000001 0.08874999999999988 0.07249999999999987
0 0.08875000000000005 0.7568750000000001 0.1625000000000002 0.16875000000000018
0 0.05312499999999998 0.850625 0.10624999999999996 0.2562499999999999
0 0.47125000000000006 0.7550000000000001 0.05500000000000007 0.06000000000000005
0 0.285 0.9731249999999999 0.13249999999999992 0.053749999999999964
