0 0.8731250000000002 0.0025 0.09375 0.005
0 0.21000000000000002 0.00375 0.17 0.0075
0 0.914375 0.1125 0.17125000000000004 0.225
0 0.6074999999999999 0.065 0.19249999999999998 0.13
0 0.3675 0.033125 0.14499999999999993 0.06625
0 0.1568750000000001 0.055625 0.1612499999999999 0.11125
0 0.48312499999999997 0.123125 0.13375000000000004 0.21125000000000002
0 0.724375 0.07875000000000001 0.05624999999999991 0.042499999999999996
0 0.05250000000000005 0.19125 0.1050000000000001 0.21000000000000005
0 0.395625 0.14125000000000001 0.053749999999999964 0.05249999999999999
0 0.33812499999999995 0.16375 0.036250000000000025 0.057499999999999996
0 0.16124999999999995 0.190625 0.04249999999999987 0.08625000000000005
0 0.8006250000000001 0.26187499999999997 0.21124999999999988 0.18875
0 0.90625 0.200625 0.075 0.061249999999999985
0 0.5706249999999999 0.24 0.13375000000000004 0.1275
0 0.445625 0.275625 0.18125 0.17875
0 0.24312499999999998 0.248125 0.09875 0.07875000000000001
0 0.6112499999999998 0.29562499999999997 0.09500000000000001 0.10374999999999997
0 0.338125 0.34812499999999996 0.15874999999999995 0.1812499999999999
0 0.20437500000000003 0.30374999999999996 0.12125 0.09
0 0.96875 0.34500000000000003 0.0625 0.15999999999999998
0 0.012500000000000011 0.3025 0.025000000000000022 0.0375
0 0.006249999999999978 0.33999999999999997 0.012499999999999956 0.07249999999999997
0 0.24874999999999997 0.453125 0.1725 0.24875000000000008
0 0.63375 0.465625 0.33999999999999997 0.2612499999999999
0 0.45125000000000004 0.41312499999999996 0.0625 0.06375000000000001
0 0.023749999999999993 0.40875000000000006 0.04500000000000004 0.0375
0 0.08187499999999998 0.54 0.16374999999999995 0.22499999999999992
0 0.8487500000000001 0.47125000000000006 0.03499999999999996 0.06500000000000013
0 0.4375 0.61625 0.27249999999999996 0.2899999999999999
0 0.05312499999999998 0.7325 0.10624999999999996 0.4525
0 0.940625 0.5706249999999999 0.05874999999999986 0.08625000000000008
0 0.8025 0.63125 0.175 0.2
0 0.9887499999999999 0.5900000000000001 0.022499999999999964 0.06999999999999992
0 0.6075 0.583125 0.09500000000000011 0.053749999999999964
0 0.2000000000000001 0.615 0.1399999999999999 0.11749999999999998
0 0.60875 0.7068749999999999 0.09999999999999991 0.16374999999999992
0 0.98375 0.66875 0.03249999999999993 0.057499999999999926
0 0.315625 0.701875 0.08124999999999996 0.11875
0 0.9493749999999999 0.70875 0.04124999999999997 0.04499999999999993
0 0.740625 0.7387499999999999 0.01875 0.027499999999999948
0 0.903125 0.786875 0.13125 0.11125000000000007
0 0.16500000000000004 0.8637499999999999 0.25749999999999984 0.25250000000000006
0 0.278125 0.796875 0.08625000000000008 0.11374999999999993
0 0.8331250000000001 0.774375 0.05125000000000011 0.036249999999999984
0 0.4175000000000001 0.89375 0.225 0.2125
0 0.82125 0.8300000000000001 0.07250000000000005 0.05250000000000003
0 0.7 0.851875 0.08250000000000002 0.09625000000000003
0 0.620625 0.8318750000000001 0.06875000000000017 0.053749999999999964
0 0.625 0.94375 0.18000000000000008 0.1125
0 0.505625 0.9574999999999999 0.09375 0.08499999999999996
0 0.82 0.9668749999999999 0.10999999999999996 0.06624999999999996
