0 0.25875000000000004 0.05625 0.0625 0.05500000000000001
0 0.41374999999999995 0.12125 0.18 0.1025
0 0.039999999999999925 0.20437500000000003 0.07999999999999985 0.14375
0 0.008749999999999925 0.3524999999999999 0.01749999999999985 0.04750000000000001
0 0.04062500000000002 0.6481250000000001 0.08125000000000004 0.19124999999999998
0 0.6368750000000001 0.64125 0.15625 0.14749999999999996
0 0.77 0.5887499999999999 0.04249999999999989 0.02999999999999998
0 0.7518749999999998 0.739375 0.06375000000000001 0.07624999999999993
0 0.675 0.809375 0.22000000000000003 0.19125000000000006
0 0.21000000000000005 0.798125 0.21250000000000005 0.15874999999999986
0 0.058750000000000024 0.8375 0.11750000000000005 0.23499999999999996
0 0.8318750000000001 0.79625 0.1012500000000001 0.14250000000000007
0 0.69375 0.951875 0.2375 0.09624999999999986
0 0.06812500000000005 0.96 0.04375000000000007 0.040000000000000216
0 0.195 0.9737500000000001 0.08999999999999997 0.05250000000000003
0 0.10749999999999993 0.975 0.07499999999999996 0.05
0 0.011249999999999982 0.990625 0.022499999999999964 0.01875
