0 0.036875 0.08375000000000002 0.07375 0.1
0 0.9637499999999999 0.159375 0.07249999999999997 0.14125000000000004
0 0.12875 0.14875 0.05250000000000001 0.057499999999999996
0 0.99 0.281875 0.019999999999999928 0.24125000000000005
0 0.7975000000000001 0.30125 0.23499999999999996 0.20750000000000007
0 0.954375 0.2925 0.05125000000000011 0.085
0 0.945 0.42749999999999994 0.10999999999999996 0.15999999999999998
0 0.33062499999999995 0.40062499999999995 0.028750000000000008 0.026250000000000016
0 0.24 0.47375 0.057500000000000016 0.057499999999999926
0 0.00125 0.5131249999999999 0.0025 0.08125
0 0.639375 0.598125 0.32125000000000004 0.24875000000000008
0 0.1525 0.565625 0.06500000000000002 0.06625000000000006
0 0.003125 0.665 0.00625 0.22250000000000006
0 0.5375 0.8125 0.345 0.3324999999999999
0 0.740625 0.7375 0.08125 0.07999999999999999
0 0.179375 0.826875 0.19625000000000004 0.18125000000000008
0 0.6824999999999999 0.79 0.08250000000000002 0.0750000000000001
0 0.32937500000000003 0.8225 0.11625 0.13000000000000006
0 0.9737500000000001 0.8456250000000001 0.05250000000000003 0.09625000000000003
0 0.938125 0.9425000000000001 0.08625000000000008 0.11500000000000003
0 0.29937500000000006 0.95 0.13874999999999998 0.1
0 0.138125 0.9675 0.20375000000000001 0.06499999999999986
0 0.479375 0.9731249999999999 0.19125 0.053749999999999964
