0 0.7068749999999999 0.37124999999999997 0.18125 0.17
0 0.6125 0.6112500000000001 0.125 0.1325
0 0.46125 0.2118750000000001 0.05500000000000007 0.05374999999999985
0 0.415625 0.648125 0.07374999999999998 0.06374999999999993
0 0.34562499999999996 0.7849999999999999 0.06374999999999997 0.047500000000000056
0 0.2975 0.46312499999999995 0.15500000000000003 0.14375
0 0.304375 0.6293749999999999 0.13625000000000007 0.10124999999999992
0 0.345 0.744375 0.050000000000000086 0.03875000000000002
0 0.325 0.709375 0.06750000000000003 0.03875000000000002
0 0.25875000000000004 0.569375 0.022499999999999964 0.023749999999999983
0 0.23124999999999996 0.22875 0.04249999999999998 0.050000000000000086
0 0.21687499999999998 0.17562499999999992 0.04375000000000007 0.04875000000000007
0 0.22374999999999998 0.536875 0.012499999999999956 0.013749999999999929
0 0.09999999999999998 0.39 0.19999999999999996 0.29750000000000015
0 0.1281250000000001 0.480625 0.11375000000000013 0.08874999999999993
0 0.159375 0.03125 0.04375000000000007 0.04499999999999993
0 0.07000000000000006 0.67625 0.05750000000000011 0.03750000000000018
