0 0.34124999999999994 0.094375 0.24250000000000002 0.18875
0 0.05687499999999995 0.015625 0.08875 0.03125
0 0.318125 0.24375 0.18624999999999997 0.195
0 0.7418750000000001 0.32 0.08625000000000008 0.11499999999999999
0 0.29125 0.48312499999999997 0.16749999999999998 0.29874999999999996
0 0.3837499999999999 0.5525 0.13999999999999999 0.15750000000000003
0 0.5168750000000001 0.5856250000000001 0.1687500000000001 0.14124999999999996
0 0.65875 0.5512499999999999 0.040000000000000036 0.047500000000000056
0 0.654375 0.6325000000000001 0.07874999999999996 0.09249999999999989
0 0.535625 0.7299999999999999 0.15625 0.21749999999999997
0 0.8725000000000002 0.786875 0.12249999999999997 0.14874999999999988
0 0.728125 0.8631249999999999 0.2162499999999999 0.26625000000000004
0 0.21312500000000006 0.8462500000000001 0.18375 0.14250000000000007
0 0.418125 0.945 0.12124999999999994 0.10999999999999996
0 0.44375 0.994375 0.15999999999999986 0.01125000000000007
