0 0.9806250000000001 0.9806250000000001 0.03874999999999993 0.03874999999999993
0 0.8881249999999999 0.7106250000000001 0.053750000000000145 0.06875
0 0.73625 0.75625 0.22249999999999998 0.20749999999999993
0 0.7731250000000001 0.8949999999999999 0.1012500000000001 0.1
0 0.618125 0.9356249999999999 0.11625000000000005 0.10875000000000004
0 0.34 0.14937499999999998 0.3574999999999999 0.29874999999999996
0 0.45562500000000006 0.6806249999999999 0.07625000000000001 0.07874999999999996
0 0.39375 0.878125 0.15 0.13874999999999993
0 0.276875 0.4225 0.22874999999999995 0.24750000000000005
0 0.28500000000000003 0.97625 0.09250000000000003 0.047499999999999966
0 0.23875000000000007 0.69625 0.10749999999999982 0.08999999999999994
0 0.26749999999999996 0.6256250000000001 0.03249999999999997 0.03375000000000004
0 0.13562500000000005 0.6443749999999999 0.16125 0.15874999999999995
0 0.13437500000000002 0.42625 0.06625000000000014 0.054999999999999896
0 0.13062500000000005 0.503125 0.06374999999999986 0.08374999999999995
0 0.05250000000000005 0.530625 0.1050000000000001 0.08875000000000002
