0 0.688125 0.98125 0.08125 0.0375
0 0.2675 0.905 0.09750000000000006 0.09749999999999996
0 0.24625000000000002 0.789375 0.06999999999999992 0.05625000000000009
0 0.034999999999999976 0.711875 0.06999999999999995 0.13625000000000007
0 0.339375 0.703125 0.09624999999999995 0.09624999999999986
0 0.2475 0.735625 0.039999999999999945 0.03125
0 0.603125 0.723125 0.05124999999999993 0.04124999999999997
0 0.11062499999999993 0.685 0.06125000000000014 0.0625
0 0.21687499999999998 0.698125 0.04375000000000007 0.03375000000000004
0 0.6543749999999999 0.534375 0.21125 0.22874999999999987
0 0.07249999999999995 0.57125 0.1449999999999999 0.1375
0 0.35125 0.556875 0.16 0.13624999999999998
0 0.49437500000000006 0.5775 0.0887500000000001 0.08250000000000002
0 0.985 0.525 0.030000000000000072 0.1
0 0.8400000000000001 0.48250000000000004 0.15249999999999994 0.15250000000000002
0 0.2275000000000001 0.33875 0.27249999999999985 0.1399999999999999
0 0.04562499999999997 0.344375 0.07874999999999999 0.10624999999999996
0 0.434375 0.323125 0.09625000000000003 0.11624999999999996
0 0.579375 0.31124999999999997 0.17874999999999996 0.13000000000000003
0 0.7293750000000001 0.30874999999999997 0.11124999999999999 0.11250000000000004
0 0.58875 0.17375000000000007 0.1624999999999998 0.13249999999999984
0 0.038124999999999964 0.13375000000000004 0.06875000000000009 0.06750000000000012
0 0.784375 0.13062499999999994 0.03374999999999995 0.028749999999999942
