0 0.09749999999999992 0.97 0.0625 0.060000000000000143
0 0.016249999999999987 0.9375 0.03249999999999997 0.125
0 0.711875 0.9662499999999999 0.018749999999999913 0.057499999999999926
0 0.08124999999999999 0.89 0.11000000000000021 0.12749999999999986
0 0.843125 0.9199999999999999 0.05124999999999993 0.0375
0 0.7862500000000001 0.8212499999999998 0.075 0.09749999999999996
0 0.9149999999999998 0.744375 0.11249999999999982 0.14375
0 0.744375 0.7462500000000001 0.08625000000000008 0.08500000000000014
0 0.99875 0.635625 0.002499999999999858 0.03125
0 0.3793749999999999 0.465 0.06874999999999995 0.13249999999999992
0 0.47750000000000004 0.47875000000000006 0.08750000000000009 0.0875
0 0.7299999999999999 0.4025 0.16999999999999985 0.20249999999999996
0 0.20312500000000006 0.468125 0.03624999999999978 0.028750000000000053
0 0.889375 0.375625 0.14625000000000005 0.16874999999999996
0 0.475 0.36750000000000005 0.15 0.11499999999999995
0 0.19187500000000002 0.39375000000000004 0.023749999999999917 0.05249999999999995
0 0.14125000000000004 0.3625 0.037499999999999756 0.029999999999999895
0 0.18687499999999996 0.335625 0.016249999999999987 0.03375000000000004
0 0.36125 0.280625 0.08750000000000009 0.10624999999999996
0 0.47125000000000006 0.2375 0.08500000000000005 0.07500000000000004
0 0.18875000000000003 0.256875 0.02000000000000013 0.036249999999999984
0 0.6825 0.195625 0.08750000000000017 0.10875000000000001
0 0.5674999999999999 0.20249999999999999 0.05499999999999998 0.06000000000000003
0 0.8162500000000001 0.15312499999999996 0.13499999999999995 0.13624999999999998
0 0.07562499999999994 0.176875 0.07624999999999993 0.08624999999999994
0 0.3575 0.15999999999999998 0.08999999999999994 0.09250000000000014
0 0.671875 0.08875 0.16375 0.135
0 0.58125 0.1050000000000001 0.0825000000000001 0.08999999999999986
0 0.03312499999999996 0.1275 0.06624999999999992 0.04250000000000009
0 0.46624999999999994 0.09437500000000004 0.12999999999999998 0.056250000000000244
0 0.968125 0.05437500000000001 0.06374999999999993 0.10875000000000001
0 0.840625 0.04375000000000001 0.22624999999999992 0.08750000000000002
0 0.4231249999999999 0.05812500000000009 0.04125000000000005 0.05874999999999986
0 0.32875 0.004375000000000018 0.01750000000000007 0.008750000000000036
