0 0.6075 0.063125 0.12249999999999997 0.12625
0 0.4025 0.06875 0.10000000000000005 0.11499999999999999
0 0.210625 0.18125 0.12875 0.15
0 0.960625 0.268125 0.07874999999999996 0.25125000000000003
0 0.150625 0.28375000000000006 0.11624999999999999 0.10749999999999997
0 0.240625 0.415625 0.11374999999999998 0.13125
0 0.7537499999999999 0.47875000000000006 0.20250000000000012 0.2275000000000001
0 0.18625000000000003 0.6681250000000001 0.18250000000000005 0.19125000000000006
0 0.40374999999999994 0.6575 0.08999999999999994 0.13500000000000006
0 0.7537499999999999 0.78875 0.0875 0.08500000000000005
0 0.635 0.866875 0.15999999999999986 0.20374999999999996
0 0.4125 0.8256250000000002 0.032500000000000064 0.046250000000000034
0 0.49124999999999996 0.82875 0.02999999999999998 0.03499999999999979
0 0.7806249999999999 0.93125 0.10875000000000004 0.11999999999999993
0 0.86625 0.9925 0.05249999999999986 0.015000000000000036
