0 0.022500000000000075 0.01875 0.04500000000000015 0.0375
0 0.2899999999999999 0.065 0.24250000000000002 0.13
0 0.8556249999999999 0.013750000000000002 0.05125000000000011 0.027500000000000004
0 0.012500000000000011 0.05687500000000001 0.025000000000000022 0.051250000000000004
0 0.99875 0.06375 0.002499999999999858 0.057499999999999996
0 0.8631249999999999 0.060625 0.036250000000000074 0.041249999999999995
0 0.671875 0.12687500000000002 0.12624999999999992 0.13125
0 0.89 0.153125 0.1375 0.12374999999999999
0 0.03437499999999999 0.17124999999999999 0.06874999999999998 0.095
0 0.46624999999999994 0.23562500000000003 0.07749999999999994 0.10375000000000001
0 0.6599999999999999 0.273125 0.10500000000000007 0.13875000000000007
0 0.540625 0.276875 0.12624999999999992 0.12375000000000003
0 0.951875 0.35687499999999994 0.09624999999999986 0.21874999999999994
0 0.12625000000000003 0.37875000000000003 0.1150000000000001 0.10750000000000001
0 0.166875 0.47750000000000004 0.33375 0.07999999999999999
0 0.438125 0.5525 0.16625000000000006 0.1325
0 0.9512499999999999 0.59375 0.09749999999999996 0.20749999999999993
0 0.8899999999999999 0.5693750000000001 0.08499999999999996 0.10875000000000004
0 0.5975 0.589375 0.09000000000000004 0.04124999999999997
0 0.75625 0.635 0.09499999999999993 0.07499999999999991
0 0.07999999999999996 0.9481249999999999 0.15999999999999992 0.10374999999999997
