0 0.64 0.165625 0.16999999999999993 0.18125
0 0.4 0.26 0.13249999999999998 0.125
0 0.7993750000000001 0.41125 0.053750000000000145 0.05499999999999994
0 0.36312500000000003 0.456875 0.06375000000000001 0.07374999999999998
0 0.22625 0.526875 0.047499999999999966 0.06374999999999993
0 0.548125 0.575 0.14375 0.15499999999999997
0 0.381875 0.568125 0.10125000000000002 0.13624999999999998
0 0.26687500000000003 0.5275000000000001 0.03874999999999997 0.050000000000000086
0 0.301875 0.5475 0.03875000000000002 0.06749999999999998
0 0.4418749999999999 0.61375 0.023749999999999983 0.022499999999999964
0 0.7825 0.64125 0.05 0.04249999999999998
0 0.835625 0.655625 0.04874999999999989 0.04375
0 0.47437500000000005 0.64875 0.013749999999999929 0.01250000000000009
0 0.6212500000000001 0.835625 0.29750000000000004 0.3262500000000001
0 0.530625 0.744375 0.08875000000000002 0.11374999999999993
0 0.97875 0.713125 0.04250000000000007 0.043749999999999914
0 0.33499999999999996 0.8025 0.03750000000000005 0.057499999999999926
