0 0.09625000000000006 0.9331250000000001 0.19250000000000012 0.13375000000000004
0 0.41374999999999995 0.9806250000000001 0.19249999999999998 0.03874999999999993
0 0.8643749999999999 0.99 0.16124999999999998 0.019999999999999928
0 0.538125 0.93125 0.13374999999999995 0.1375
0 0.296875 0.9956250000000001 0.05624999999999991 0.008750000000000036
0 0.9581250000000001 0.8975 0.08375000000000003 0.205
0 0.625625 0.95 0.053749999999999964 0.05250000000000003
0 0.6831250000000001 0.9274999999999999 0.036249999999999984 0.05750000000000011
0 0.86 0.9006250000000001 0.04250000000000007 0.0862499999999999
0 0.220625 0.829375 0.21124999999999994 0.18874999999999992
0 0.11500000000000003 0.890625 0.07500000000000007 0.06125000000000007
0 0.45062499999999994 0.85125 0.13374999999999995 0.12750000000000003
0 0.5756249999999999 0.815625 0.18125 0.17874999999999996
0 0.778125 0.843125 0.09875000000000007 0.07875000000000014
0 0.41000000000000003 0.795625 0.09499999999999997 0.10374999999999997
0 0.683125 0.743125 0.15875000000000003 0.18125
0 0.8168749999999999 0.7874999999999999 0.12124999999999986 0.09000000000000004
0 0.041874999999999996 0.7462500000000001 0.08374999999999999 0.16000000000000014
0 0.9981249999999999 0.78875 0.0037499999999999643 0.03749999999999991
0 0.7725000000000001 0.6381249999999999 0.17249999999999996 0.24874999999999997
0 0.3875 0.625625 0.33999999999999997 0.26125
0 0.57 0.678125 0.0625 0.06374999999999993
0 0.9875 0.6825 0.025 0.037499999999999825
0 0.9287500000000002 0.55125 0.1424999999999999 0.22500000000000017
0 0.17249999999999993 0.62 0.03499999999999981 0.06500000000000003
0 0.58375 0.475 0.27249999999999996 0.29000000000000004
0 0.9574999999999999 0.35875 0.08499999999999996 0.4525000000000001
0 0.08062499999999995 0.520625 0.05875000000000008 0.0862499999999999
0 0.21875 0.45999999999999996 0.17500000000000002 0.2
0 0.021874999999999978 0.50125 0.043749999999999956 0.06999999999999992
0 0.41374999999999995 0.5081249999999999 0.09499999999999993 0.053749999999999964
0 0.8212499999999998 0.47624999999999995 0.14000000000000004 0.11749999999999998
0 0.4125 0.384375 0.09999999999999995 0.16375000000000006
0 0.03250000000000003 0.42250000000000004 0.04249999999999987 0.057499999999999975
0 0.7056250000000001 0.38937499999999997 0.0812499999999999 0.11875
0 0.07187499999999997 0.3825 0.04125000000000012 0.04500000000000011
0 0.280625 0.3525 0.018750000000000044 0.027499999999999948
0 0.11812500000000004 0.304375 0.1312500000000001 0.11124999999999993
0 0.85625 0.22749999999999998 0.25749999999999995 0.25250000000000006
0 0.743125 0.29437499999999994 0.08624999999999998 0.11374999999999988
0 0.18812500000000001 0.31687499999999996 0.05125000000000004 0.036249999999999984
0 0.60375 0.17874999999999996 0.225 0.25
0 0.2 0.26125 0.07249999999999993 0.05250000000000003
0 0.32125000000000004 0.23937499999999998 0.08250000000000002 0.09625000000000009
0 0.40062499999999995 0.259375 0.06875 0.053749999999999964
0 0.39625 0.10187499999999998 0.18 0.20374999999999996
0 0.515625 0.10062499999999996 0.09375 0.15124999999999988
0 0.20125 0.09375 0.11000000000000001 0.12749999999999995
0 0.7887500000000001 0.04249999999999998 0.2825000000000001 0.08499999999999996
0 0.585 0.026874999999999982 0.11500000000000003 0.053749999999999964
0 0.07374999999999998 0.0025000000000000577 0.14749999999999996 0.0050000000000001155
