0 0.0025 0.06 0.005 0.12
0 0.4175 0.013750000000000002 0.1275 0.027500000000000004
0 0.755 0.090625 0.14749999999999996 0.18125
0 0.4625 0.14250000000000002 0.05249999999999995 0.06499999999999999
0 0.141875 0.19 0.061249999999999985 0.05249999999999999
0 0.40374999999999994 0.1775 0.030000000000000027 0.017500000000000005
0 0.74 0.24500000000000002 0.047499999999999966 0.07749999999999999
0 0.43125 0.27999999999999997 0.075 0.08250000000000002
0 0.0625 0.48937500000000006 0.125 0.32875000000000004
0 0.906875 0.46187500000000004 0.09624999999999986 0.14875
0 0.784375 0.48249999999999993 0.1762500000000001 0.16499999999999995
0 0.565625 0.480625 0.07625000000000001 0.10624999999999991
0 0.768125 0.78625 0.22125000000000003 0.42750000000000005
0 0.91375 0.701875 0.09000000000000004 0.12625000000000003
0 0.140625 0.7462500000000001 0.14625000000000002 0.12500000000000008
0 0.534375 0.765 0.09625000000000003 0.11750000000000008
0 0.01 0.798125 0.02 0.043749999999999914
0 0.16125 0.8387499999999999 0.06750000000000003 0.0700000000000001
0 0.5974999999999999 0.881875 0.04500000000000002 0.10124999999999992
0 0.6475 0.899375 0.04500000000000002 0.08374999999999985
0 0.934375 0.9306249999999998 0.10874999999999986 0.1387500000000001
0 0.6581250000000001 0.9637499999999999 0.026250000000000016 0.05250000000000003
0 0.671875 0.99375 0.04375 0.0125
