0 0.008124999999999993 0.9806250000000001 0.016249999999999987 0.03874999999999993
0 0.4425 0.975 0.05250000000000003 0.05
0 0.756875 0.8787500000000001 0.22374999999999998 0.24249999999999988
0 0.135 0.9337500000000001 0.125 0.12750000000000022
0 0.9193749999999999 0.96875 0.03874999999999993 0.05
0 0.9981249999999999 0.9631250000000001 0.0037499999999999643 0.038750000000000104
0 0.036250000000000004 0.8856249999999999 0.07250000000000001 0.1262500000000001
0 0.329375 0.85 0.09624999999999995 0.09000000000000004
0 0.205 0.813125 0.11499999999999999 0.11374999999999993
0 0.86625 0.74 0.08499999999999978 0.07499999999999991
0 0.38812499999999994 0.713125 0.11374999999999988 0.12625000000000003
0 0.996875 0.743125 0.00625 0.05124999999999993
0 0.07187499999999997 0.711875 0.06874999999999998 0.06625000000000006
0 0.5862499999999999 0.6293749999999999 0.14000000000000004 0.12625000000000003
0 0.06312500000000004 0.653125 0.06874999999999976 0.04875000000000007
0 0.8962499999999999 0.610625 0.1174999999999999 0.11874999999999991
0 0.04749999999999999 0.5425 0.09499999999999997 0.1450000000000001
0 0.39437500000000003 0.54875 0.12374999999999999 0.10999999999999996
0 0.766875 0.5506249999999999 0.0987499999999999 0.09375
0 0.965625 0.47000000000000003 0.05874999999999986 0.040000000000000036
0 0.36875 0.44625000000000004 0.040000000000000036 0.03500000000000005
0 0.05499999999999999 0.43875000000000003 0.02749999999999997 0.022499999999999964
0 0.64 0.40625 0.05499999999999998 0.05
0 0.09000000000000002 0.414375 0.025000000000000022 0.028749999999999963
0 0.9581250000000001 0.34562499999999996 0.08375000000000003 0.10874999999999999
0 0.8462499999999998 0.35500000000000004 0.029999999999999895 0.03500000000000005
0 0.3275 0.34187500000000004 0.06499999999999995 0.06125000000000003
0 0.571875 0.35062499999999996 0.03874999999999993 0.04124999999999997
0 0.06562499999999999 0.2699999999999999 0.13124999999999998 0.15750000000000006
0 0.6174999999999999 0.3125 0.047499999999999966 0.04249999999999998
0 0.24312500000000004 0.2768750000000001 0.09375 0.05625000000000004
0 0.5375 0.29312499999999997 0.025 0.02124999999999999
0 0.2299999999999999 0.1443750000000001 0.17500000000000013 0.23124999999999982
0 0.11124999999999996 0.12062500000000005 0.15999999999999992 0.18624999999999994
0 0.38875000000000004 0.10312500000000002 0.29000000000000004 0.20625000000000004
0 0.6425000000000001 0.1643750000000001 0.06749999999999998 0.06874999999999998
0 0.6174999999999999 0.09562499999999996 0.14000000000000004 0.19124999999999992
0 0.00187499999999996 0.070625 0.00374999999999992 0.14125
0 0.84375 0.1125 0.01750000000000007 0.022500000000000075
0 0.7112499999999999 0.030000000000000082 0.09749999999999996 0.060000000000000164
0 0.43875000000000003 0.0050000000000000044 0.0875 0.010000000000000009
