0 0.038125 0.881875 0.07625 0.23625
0 0.015625 0.09500000000000003 0.03125 0.10750000000000004
0 0.11687499999999999 0.34375 0.05874999999999999 0.030000000000000072
0 0.181875 0.8424999999999999 0.18625 0.18
0 0.240625 0.16125000000000003 0.21125 0.2124999999999999
0 0.23875000000000002 0.5549999999999999 0.14500000000000002 0.15999999999999998
0 0.19125 0.4206250000000001 0.04500000000000002 0.06375000000000001
0 0.236875 0.34375 0.12625000000000003 0.1200000000000001
0 0.259375 0.69375 0.07125 0.07749999999999986
0 0.369375 0.891875 0.22625 0.21625000000000005
0 0.315 0.6925000000000001 0.04500000000000002 0.04249999999999998
0 0.396875 0.311875 0.18125 0.16874999999999996
0 0.37750000000000006 0.504375 0.07250000000000001 0.09124999999999997
0 0.41187500000000005 0.09874999999999995 0.028750000000000008 0.029999999999999916
0 0.48187499999999994 0.07750000000000001 0.12625000000000003 0.09250000000000003
0 0.46375 0.711875 0.08499999999999996 0.09375
0 0.5525 0.665625 0.07499999999999991 0.07875000000000014
0 0.6693749999999999 0.865625 0.24375 0.26875
0 0.629375 0.48625000000000007 0.1137500000000001 0.1325
0 0.641875 0.29 0.13375000000000004 0.10750000000000001
0 0.6837500000000001 0.03562500000000002 0.07499999999999991 0.061249999999999805
0 0.7112499999999999 0.49312500000000004 0.0375 0.04375000000000009
0 0.73125 0.015000000000000013 0.039999999999999855 0.030000000000000027
0 0.7393750000000001 0.294375 0.03374999999999995 0.036249999999999984
0 0.7681250000000001 0.515 0.061249999999999985 0.0625
0 0.85875 0.6431250000000001 0.175 0.08875000000000002
0 0.79125 0.0050000000000000044 0.040000000000000036 0.010000000000000009
0 0.889375 0.8318750000000001 0.22124999999999995 0.3362499999999999
0 0.8193750000000002 0.07125000000000004 0.07625000000000011 0.09250000000000003
0 0.95875 0.9956250000000001 0.08249999999999993 0.008750000000000036
0 0.96125 0.585 0.047499999999999966 0.039999999999999945
0 0.9774999999999998 0.635625 0.04500000000000011 0.07874999999999996
0 0.98375 0.999375 0.03249999999999993 0.001249999999999929
