0 0.594375 0.01 0.09125000000000005 0.02
0 0.375 0.051875000000000004 0.05250000000000003 0.058750000000000004
0 0.689375 0.14937499999999998 0.2237499999999999 0.24874999999999997
0 0.06750000000000012 0.0975 0.125 0.1275
0 0.851875 0.0625 0.038750000000000104 0.05
0 0.9462499999999998 0.068125 0.03499999999999996 0.03874999999999999
0 0.0025000000000000577 0.145625 0.0050000000000001155 0.12624999999999997
0 0.9774999999999998 0.12437499999999999 0.04500000000000011 0.061250000000000006
0 0.261875 0.18125 0.09625000000000003 0.09000000000000001
0 0.1374999999999999 0.21812499999999999 0.1150000000000001 0.11374999999999999
0 0.7987500000000001 0.29124999999999995 0.08500000000000014 0.075
0 0.320625 0.318125 0.11374999999999993 0.12625000000000003
0 0.944375 0.28812499999999996 0.036250000000000074 0.051249999999999976
0 0.019374999999999976 0.31937499999999996 0.03874999999999995 0.06625
0 0.9637499999999999 0.35250000000000004 0.029999999999999895 0.04499999999999997
0 0.51875 0.4018750000000001 0.14000000000000004 0.12625000000000003
0 0.015000000000000013 0.378125 0.030000000000000027 0.04875000000000003
0 0.82875 0.42062499999999997 0.11749999999999998 0.11874999999999995
0 0.01375000000000004 0.48875 0.02750000000000008 0.1450000000000001
0 0.326875 0.48250000000000004 0.12374999999999999 0.10999999999999996
0 0.6993750000000001 0.480625 0.09875000000000007 0.09374999999999992
0 0.99 0.503125 0.019999999999999928 0.07874999999999996
0 0.898125 0.56125 0.05875000000000004 0.040000000000000036
0 0.30125 0.585 0.040000000000000036 0.03500000000000005
0 0.0006249999999999867 0.5925 0.0012499999999999734 0.022499999999999964
0 0.5725 0.625 0.05499999999999998 0.05
0 0.022499999999999964 0.6168750000000001 0.02499999999999991 0.028749999999999963
0 0.8931250000000001 0.685625 0.08874999999999993 0.10875000000000004
0 0.7787499999999999 0.6762499999999999 0.02999999999999998 0.03500000000000005
0 0.26 0.6893749999999998 0.06499999999999995 0.061249999999999985
0 0.5043749999999999 0.680625 0.03874999999999993 0.04124999999999997
0 0.03187499999999999 0.7612500000000001 0.06374999999999997 0.15750000000000003
0 0.55 0.71875 0.047499999999999966 0.04250000000000007
0 0.17562499999999998 0.7543749999999999 0.09375000000000014 0.05625
0 0.47000000000000003 0.738125 0.025 0.021250000000000036
0 0.97 0.749375 0.030000000000000072 0.036249999999999984
0 0.16249999999999998 0.8856249999999999 0.17500000000000004 0.22874999999999995
0 0.06187500000000001 0.9087500000000001 0.12375000000000003 0.18249999999999994
0 0.32125 0.9125 0.29000000000000015 0.175
0 0.575 0.866875 0.06750000000000007 0.06875
0 0.55 0.9199999999999999 0.14000000000000004 0.15999999999999998
0 0.77625 0.91875 0.01750000000000007 0.02250000000000014
0 0.98375 0.968125 0.03249999999999993 0.06374999999999993
0 0.64375 0.985625 0.09750000000000006 0.028750000000000143
