0 0.21874999999999992 0.168125 0.24250000000000002 0.33625
0 0.195625 0.39125 0.1862499999999999 0.195
0 0.619375 0.46749999999999997 0.08624999999999998 0.11500000000000003
0 0.16874999999999996 0.630625 0.16749999999999998 0.29875000000000007
0 0.26125 0.7 0.14000000000000012 0.1575000000000001
0 0.39437500000000003 0.733125 0.1687499999999999 0.14124999999999996
0 0.53625 0.6987500000000001 0.040000000000000036 0.047500000000000056
0 0.531875 0.78 0.07874999999999988 0.09250000000000007
0 0.41312499999999996 0.8774999999999998 0.15625 0.2174999999999999
0 0.96125 0.850625 0.07750000000000004 0.11624999999999988
0 0.75 0.93 0.12250000000000014 0.14000000000000004
0 0.6056250000000001 0.93875 0.21624999999999997 0.12250000000000014
0 0.09124999999999994 0.96125 0.18249999999999988 0.07750000000000004
