0 0.005 0.9974999999999999 0.01 0.005000000000000071
0 0.260625 0.921875 0.06874999999999995 0.053750000000000145
0 0.215 0.7699999999999999 0.20750000000000002 0.22250000000000006
0 0.07625 0.8068750000000001 0.1 0.1012500000000001
0 0.9881249999999999 0.805625 0.02375000000000007 0.10375000000000005
0 0.045 0.651875 0.09 0.11624999999999996
0 0.83625 0.37374999999999997 0.3275 0.3575000000000001
0 0.290625 0.48937500000000006 0.07875000000000006 0.07625000000000001
0 0.093125 0.42750000000000005 0.13874999999999998 0.15
0 0.54875 0.31062500000000004 0.24749999999999997 0.22874999999999995
0 0.009375 0.31875 0.01875 0.09250000000000003
0 0.275 0.2725 0.09 0.10750000000000001
0 0.34562499999999996 0.30125 0.03375000000000004 0.03249999999999993
0 0.32687499999999997 0.16937499999999994 0.15875 0.16125000000000012
0 0.5449999999999999 0.16812500000000002 0.05499999999999998 0.06625
0 0.468125 0.164375 0.08374999999999995 0.06375000000000008
0 0.440625 0.078125 0.08874999999999997 0.1212500000000003
0 0.96125 0.013124999999999942 0.07750000000000004 0.026249999999999885
