0 0.805 0.9487500000000001 0.1575000000000001 0.10250000000000004
0 0.683125 0.9506249999999999 0.053749999999999964 0.09875000000000007
0 0.01875 0.884375 0.0375 0.23125
0 0.409375 0.968125 0.07374999999999994 0.06374999999999993
0 0.5662499999999999 0.951875 0.09750000000000006 0.0737499999999999
0 0.6443749999999999 0.946875 0.02624999999999993 0.03125
0 0.45 0.9112500000000001 0.12750000000000003 0.10000000000000017
0 0.7875 0.7987500000000001 0.14749999999999988 0.18250000000000002
0 0.495 0.7462500000000001 0.05250000000000003 0.06500000000000003
0 0.174375 0.69875 0.061249999999999985 0.05250000000000003
0 0.4362500000000001 0.7112499999999999 0.02999999999999998 0.017499999999999894
0 0.005625 0.65125 0.01125 0.10250000000000004
0 0.7725000000000001 0.64375 0.047499999999999966 0.07750000000000004
0 0.46374999999999994 0.60875 0.07499999999999991 0.08250000000000002
0 0.07875 0.3993749999999999 0.1575 0.32875
0 0.9393750000000001 0.426875 0.09625000000000003 0.14874999999999988
0 0.8168749999999999 0.40625 0.1762500000000001 0.16500000000000004
0 0.598125 0.40812500000000007 0.07624999999999993 0.1062500000000001
0 0.8006249999999999 0.15812500000000002 0.2212500000000001 0.31625000000000003
0 0.001875 0.20437499999999992 0.00375 0.10625000000000004
0 0.9462499999999998 0.186875 0.09000000000000004 0.12624999999999997
0 0.173125 0.1424999999999999 0.14625 0.12500000000000014
0 0.566875 0.12374999999999985 0.09625000000000003 0.11750000000000005
0 0.035 0.09062500000000001 0.034999999999999996 0.04375000000000007
0 0.19375 0.04999999999999999 0.06749999999999998 0.06999999999999995
0 0.63 0.028749999999999942 0.04499999999999993 0.057499999999999885
0 0.6799999999999999 0.015625 0.04500000000000011 0.03125
0 0.95625 0.01375000000000004 0.0875 0.02750000000000008
