0 0.109375 0.005625 0.07375 0.01125
0 0.00625 0.04125 0.0125 0.0825
0 0.26312499999999994 0.15562499999999999 0.06874999999999995 0.053749999999999985
0 0.21749999999999997 0.3075 0.20750000000000002 0.22249999999999998
0 0.07875000000000001 0.270625 0.1 0.10124999999999998
0 0.9893750000000001 0.271875 0.021250000000000036 0.10374999999999997
0 0.04625 0.425625 0.0925 0.11625000000000005
0 0.8375 0.70375 0.325 0.35749999999999993
0 0.29312499999999997 0.588125 0.07875000000000006 0.07624999999999993
0 0.095625 0.65 0.13875 0.15
0 0.55125 0.766875 0.24749999999999997 0.22875000000000006
0 0.010625 0.75875 0.02125 0.09250000000000007
0 0.2775 0.805 0.09 0.10750000000000011
0 0.348125 0.7762499999999999 0.03374999999999999 0.032500000000000015
0 0.32937500000000003 0.9081250000000001 0.15875000000000003 0.1612499999999999
0 0.5475 0.909375 0.05499999999999998 0.06625000000000014
0 0.47062500000000007 0.913125 0.08374999999999995 0.06374999999999993
0 0.44312500000000005 0.969375 0.08875000000000002 0.06125000000000007
