0 0.990625 0.999375 0.01875 0.001249999999999929
0 0.975 0.930625 0.05 0.09375
0 0.996875 0.8418749999999999 0.00625 0.07625000000000011
0 0.9737500000000001 0.26749999999999996 0.05250000000000003 0.17000000000000015
0 0.96125 0.011249999999999982 0.07750000000000004 0.022499999999999964
0 0.865 0.943125 0.27 0.11374999999999993
0 0.9125 0.665 0.175 0.19249999999999998
0 0.9443750000000002 0.425 0.11124999999999989 0.14500000000000002
0 0.91375 0.21437500000000004 0.14000000000000004 0.16124999999999998
0 0.8318750000000001 0.540625 0.21124999999999988 0.13374999999999995
0 0.87625 0.7818750000000001 0.04249999999999989 0.05625000000000009
0 0.7637499999999999 0.08124999999999999 0.21000000000000005 0.16249999999999998
0 0.81375 0.453125 0.05250000000000003 0.053749999999999964
0 0.79125 0.39562499999999995 0.05750000000000011 0.036249999999999984
0 0.7643749999999999 0.21875 0.08624999999999998 0.04249999999999998
0 0.693125 0.8581249999999999 0.18875000000000003 0.21125
0 0.754375 0.963125 0.06125000000000007 0.07375000000000007
0 0.7150000000000001 0.628125 0.12750000000000003 0.13375000000000004
0 0.6793750000000001 0.503125 0.17874999999999996 0.18125
0 0.7068749999999999 0.300625 0.07875000000000006 0.09875000000000003
0 0.6593749999999999 0.66875 0.10374999999999997 0.09500000000000001
0 0.6068749999999999 0.395625 0.18125 0.15874999999999995
0 0.65125 0.261875 0.09000000000000004 0.12125
0 0.61 0.9974999999999999 0.15999999999999986 0.005000000000000071
0 0.6525000000000001 0.0625 0.0375 0.039999999999999813
0 0.615 0.03562499999999996 0.07250000000000005 0.06874999999999998
0 0.5018749999999998 0.30625 0.24874999999999997 0.17250000000000001
0 0.48937500000000006 0.6912499999999999 0.26125 0.33999999999999986
0 0.5418749999999999 0.50875 0.06375000000000001 0.06249999999999991
0 0.54625 0.08125000000000004 0.0375 0.04499999999999993
0 0.41500000000000004 0.11062499999999997 0.22500000000000003 0.22124999999999995
0 0.48375 0.90625 0.06499999999999995 0.03499999999999979
0 0.33875 0.495 0.29000000000000004 0.27249999999999996
0 0.224375 0.08187499999999998 0.44875 0.16374999999999995
0 0.384375 0.984375 0.08624999999999998 0.03125
0 0.32375 0.86 0.2 0.175
0 0.371875 0.6649999999999999 0.053750000000000096 0.09500000000000011
0 0.34 0.2575 0.11750000000000008 0.14000000000000004
0 0.248125 0.66625 0.16374999999999998 0.10000000000000009
0 0.253125 0.373125 0.11875000000000002 0.0812499999999999
0 0.24625000000000002 0.9931249999999998 0.04500000000000006 0.013750000000000106
0 0.21625 0.798125 0.027499999999999948 0.018749999999999822
0 0.16812500000000002 0.9475 0.11124999999999993 0.10500000000000007
0 0.10875000000000001 0.22249999999999998 0.21750000000000003 0.25749999999999995
0 0.15812499999999993 0.335625 0.11374999999999999 0.08625000000000008
0 0.18062500000000004 0.890625 0.036250000000000115 0.05124999999999993
0 0.08375000000000005 0.475 0.1675000000000001 0.22499999999999995
0 0.125 0.8787500000000001 0.05249999999999977 0.07249999999999997
0 0.10312499999999995 0.7575000000000001 0.09624999999999984 0.08249999999999993
0 0.12312499999999993 0.678125 0.053750000000000187 0.06875
0 0.03375000000000006 0.6825 0.06750000000000012 0.17999999999999988
0 0.020000000000000018 0.563125 0.040000000000000036 0.09375
0 0.010624999999999996 0.8774999999999998 0.02124999999999999 0.10999999999999996
