0 0.9574999999999999 0.28874999999999995 0.08499999999999996 0.3225000000000001
0 0.99375 0.5287499999999999 0.0125 0.1
0 0.8574999999999999 0.046875 0.21000000000000005 0.09375
0 0.7787499999999999 0.429375 0.3 0.32875
0 0.6199999999999999 0.2625 0.21749999999999997 0.28999999999999987
0 0.6575 0.689375 0.1325 0.10875000000000004
0 0.6131249999999999 0.055624999999999925 0.12374999999999999 0.11124999999999985
0 0.546875 0.49187499999999995 0.17375000000000007 0.11625000000000005
0 0.49437499999999995 0.73875 0.14875 0.17750000000000005
0 0.3175 0.47624999999999995 0.39500000000000013 0.615
0 0.4025 0.6806249999999999 0.17 0.14124999999999996
0 0.35562499999999997 0.09625000000000006 0.18374999999999994 0.19250000000000012
0 0.30999999999999994 0.91875 0.265 0.1625
0 0.11562499999999995 0.18937499999999996 0.19874999999999995 0.22875
0 0.07999999999999996 0.828125 0.15999999999999992 0.24375
0 0.05125000000000002 0.9756250000000002 0.10250000000000004 0.04874999999999989
0 0.010624999999999996 0.6868749999999999 0.02124999999999999 0.2637500000000001
0 0.0006249999999999867 0.07124999999999992 0.0012499999999999734 0.14249999999999985
