0 0.99 0.835 0.019999999999999928 0.15749999999999992
0 0.991875 0.713125 0.016249999999999966 0.053749999999999964
0 0.9256250000000001 0.03375 0.14874999999999988 0.0675
0 0.99875 0.5962500000000001 0.002499999999999858 0.09750000000000006
0 0.971875 0.48 0.05625 0.12750000000000003
0 0.88125 0.8175000000000001 0.18249999999999994 0.14749999999999996
0 0.82875 0.525 0.06499999999999986 0.05249999999999995
0 0.78125 0.20437499999999997 0.05249999999999995 0.061249999999999985
0 0.79375 0.46624999999999994 0.01749999999999998 0.02999999999999998
0 0.73375 0.020625 0.10250000000000004 0.04125
0 0.7262500000000001 0.8025 0.07750000000000004 0.047500000000000056
0 0.6912499999999999 0.49375 0.08249999999999993 0.075
0 0.48187499999999994 0.09375 0.32875000000000004 0.1875
0 0.509375 0.960625 0.14875 0.07874999999999996
0 0.4887499999999999 0.846875 0.16499999999999995 0.1762500000000001
0 0.490625 0.628125 0.10625 0.07625000000000001
0 0.19937500000000002 0.8306249999999998 0.39875000000000005 0.22125000000000003
0 0.286875 0.016875 0.10624999999999991 0.03375
0 0.26937500000000003 0.965625 0.12624999999999997 0.06875
0 0.225 0.203125 0.12500000000000003 0.14625000000000002
0 0.20625 0.596875 0.11750000000000008 0.09625000000000003
0 0.17375000000000002 0.005 0.10999999999999999 0.01
0 0.17312499999999992 0.065 0.04375000000000007 0.03500000000000001
0 0.1325 0.22374999999999998 0.07000000000000017 0.06750000000000003
0 0.08937499999999998 0.6599999999999999 0.10125000000000006 0.04500000000000002
0 0.07187499999999997 0.71 0.08374999999999988 0.04500000000000002
0 0.05499999999999999 0.9712500000000001 0.10999999999999999 0.057499999999999926
0 0.016874999999999918 0.7206250000000001 0.033749999999999836 0.026250000000000016
