0 0.00537109375 0.48681640625 0.0107421875 0.0380859375
0 0.0712890625 0.38037109375 0.1328125 0.1201171875
0 0.0556640625 0.71630859375 0.09375 0.1103515625
0 0.02392578125 0.09423828125 0.0302734375 0.0224609375
0 0.0654296875 0.0888671875 0.015625 0.015625
0 0.09619140625 0.09228515625 0.0263671875 0.0341796875
0 0.1689453125 0.0859375 0.0859375 0.048828125
0 0.2138671875 0.017578125 0.09765625 0.03515625
0 0.19140625 0.56591796875 0.044921875 0.0146484375
0 0.2509765625 0.0732421875 0.099609375 0.0859375
0 0.2275390625 0.66845703125 0.029296875 0.0400390625
0 0.3046875 0.6240234375 0.076171875 0.05859375
0 0.3173828125 0.83203125 0.037109375 0.02734375
0 0.36474609375 0.724609375 0.1123046875 0.087890625
0 0.36328125 0.59130859375 0.06640625 0.0673828125
0 0.44970703125 0.7958984375 0.0244140625 0.013671875
0 0.5830078125 0.30615234375 0.103515625 0.0537109375
0 0.572265625 0.3828125 0.068359375 0.068359375
0 0.6318359375 0.580078125 0.158203125 0.1328125
0 0.58056640625 0.16845703125 0.0224609375 0.0283203125
0 0.65283203125 0.70458984375 0.1318359375 0.1142578125
0 0.6943359375 0.884765625 0.16015625 0.107421875
0 0.6591796875 0.380859375 0.08984375 0.1171875
0 0.638671875 0.15966796875 0.041015625 0.0185546875
0 0.6630859375 0.1201171875 0.0234375 0.029296875
0 0.68408203125 0.15576171875 0.0263671875 0.0126953125
0 0.72705078125 0.2919921875 0.0830078125 0.068359375
0 0.7607421875 0.3779296875 0.05859375 0.06640625
0 0.74560546875 0.1572265625 0.0283203125 0.015625
0 0.79345703125 0.54296875 0.0849609375 0.068359375
0 0.7880859375 0.453125 0.046875 0.04296875
0 0.82666015625 0.6474609375 0.1064453125 0.10546875
0 0.80810546875 0.06884765625 0.0673828125 0.0595703125
0 0.8212890625 0.2890625 0.072265625 0.0703125
0 0.8505859375 0.9208984375 0.103515625 0.09765625
0 0.876953125 0.53466796875 0.10546875 0.1279296875
0 0.8642578125 0.4638671875 0.0703125 0.064453125
0 0.8466796875 0.03076171875 0.033203125 0.0615234375
0 0.87255859375 0.3740234375 0.0439453125 0.1015625
0 0.9306640625 0.79296875 0.138671875 0.103515625
0 0.93896484375 0.66650390625 0.1220703125 0.1767578125
0 0.90087890625 0.34033203125 0.0458984375 0.0322265625
0 0.912109375 0.88916015625 0.056640625 0.0595703125
0 0.9423828125 0.9658203125 0.044921875 0.029296875
0 0.9521484375 0.2666015625 0.025390625 0.013671875
0 0.97216796875 0.87158203125 0.0556640625 0.0654296875
0 0.9755859375 0.59423828125 0.048828125 0.0888671875
0 0.9833984375 0.11279296875 0.033203125 0.0224609375
