0 0.946875 0.724375 0.10625 0.43875000000000003
0 0.9243750000000001 0.9662499999999999 0.15124999999999994 0.06750000000000007
0 0.8318749999999999 0.87375 0.13874999999999993 0.13499999999999995
0 0.844375 0.7762499999999999 0.10375000000000005 0.09249999999999999
0 0.8625 0.565625 0.05250000000000021 0.05625
0 0.7268749999999999 0.56125 0.2362499999999999 0.14000000000000004
0 0.7356250000000001 0.9581250000000001 0.14875000000000016 0.08375000000000003
0 0.65375 0.34937500000000005 0.2075000000000001 0.3012499999999999
0 0.599375 0.478125 0.13874999999999993 0.1537499999999999
0 0.649375 0.6587500000000001 0.03125 0.047500000000000056
0 0.5762499999999999 0.626875 0.06749999999999998 0.061249999999999895
0 0.434375 0.49812500000000004 0.14625000000000013 0.14124999999999996
0 0.358125 0.36312500000000003 0.16625000000000006 0.17375
0 0.38625 0.121875 0.08499999999999996 0.07875000000000021
0 0.26499999999999996 0.650625 0.13000000000000003 0.16374999999999992
0 0.14750000000000002 0.7112499999999999 0.29500000000000004 0.285
0 0.23437500000000008 0.4612499999999999 0.08374999999999991 0.09500000000000001
0 0.176875 0.865625 0.10624999999999996 0.08125
0 0.1325 0.56125 0.15249999999999997 0.18000000000000008
0 0.10374999999999994 0.984375 0.20000000000000004 0.03125
0 0.13375000000000004 0.9237500000000001 0.06750000000000012 0.07999999999999989
0 0.11999999999999988 0.056875000000000064 0.04499999999999993 0.0687500000000002
0 0.06374999999999992 0.9262499999999999 0.12749999999999984 0.14749999999999996
0 0.053750000000000075 0.49375 0.10750000000000015 0.11749999999999998
0 0.06625000000000009 0.020000000000000018 0.050000000000000155 0.040000000000000036
