0 0.8887499999999999 0.10874999999999999 0.22250000000000006 0.21749999999999997
0 0.55625 0.061250000000000006 0.19250000000000006 0.12250000000000001
0 0.31625000000000003 0.029374999999999995 0.14500000000000002 0.05874999999999999
0 0.10562500000000004 0.05187499999999999 0.16125 0.10374999999999998
0 0.43187500000000006 0.115625 0.1337500000000001 0.21125
0 0.673125 0.07125000000000001 0.05624999999999991 0.0425
0 0.026874999999999982 0.18375000000000002 0.053749999999999964 0.21000000000000002
0 0.344375 0.13374999999999998 0.053749999999999964 0.05250000000000001
0 0.28687500000000005 0.15625 0.036250000000000025 0.057500000000000016
0 0.10999999999999992 0.18312500000000004 0.04250000000000009 0.08625000000000001
0 0.749375 0.254375 0.21125000000000008 0.18874999999999997
0 0.8550000000000001 0.193125 0.07499999999999982 0.061249999999999985
0 0.5193749999999999 0.2325 0.13374999999999987 0.12750000000000003
0 0.394375 0.268125 0.18125 0.17875
0 0.1918749999999999 0.240625 0.09875000000000012 0.07875000000000001
0 0.5599999999999999 0.288125 0.09499999999999993 0.10375000000000005
0 0.286875 0.340625 0.15874999999999995 0.18125
0 0.153125 0.29625 0.12125 0.09000000000000004
0 0.943125 0.3375 0.11374999999999993 0.15999999999999998
0 0.1974999999999999 0.445625 0.1725000000000001 0.24874999999999994
0 0.5824999999999999 0.45812500000000006 0.33999999999999997 0.26125
0 0.4 0.405625 0.0625 0.06374999999999997
0 0.05625000000000002 0.5325 0.11250000000000004 0.225
0 0.7975 0.46375 0.03499999999999979 0.06500000000000003
0 0.38625000000000004 0.60875 0.2725000000000001 0.29000000000000004
0 0.027500000000000024 0.7250000000000001 0.05500000000000005 0.4525
0 0.889375 0.563125 0.05875000000000004 0.08624999999999998
0 0.75125 0.62375 0.17499999999999982 0.1999999999999999
0 0.9556249999999998 0.5825 0.05875000000000004 0.0700000000000001
0 0.55625 0.5756249999999999 0.09500000000000001 0.053750000000000055
0 0.14875 0.6074999999999999 0.14 0.11749999999999998
0 0.5575 0.6993750000000001 0.09999999999999983 0.16374999999999992
0 0.9375 0.6612499999999999 0.04250000000000007 0.057500000000000016
0 0.264375 0.694375 0.08125000000000009 0.11875000000000009
0 0.898125 0.7012499999999999 0.04125000000000014 0.04500000000000002
0 0.6893749999999998 0.73125 0.01875000000000009 0.027499999999999948
0 0.851875 0.7793749999999999 0.1312500000000001 0.11124999999999999
0 0.12125000000000004 0.85625 0.24250000000000008 0.2525000000000001
0 0.22687500000000008 0.7893749999999999 0.08624999999999994 0.11374999999999984
0 0.781875 0.7668750000000001 0.05124999999999993 0.036249999999999984
0 0.36625 0.89 0.22499999999999992 0.21999999999999992
0 0.77 0.8225000000000001 0.07249999999999997 0.05250000000000003
0 0.6487499999999999 0.844375 0.08250000000000002 0.09624999999999986
0 0.569375 0.8243749999999999 0.06875 0.053749999999999964
0 0.5737500000000001 0.9400000000000001 0.18000000000000008 0.11999999999999993
0 0.4543749999999999 0.95375 0.09375 0.09250000000000007
0 0.76875 0.963125 0.11000000000000006 0.07375000000000007
0 0.18125000000000002 0.999375 0.2825 0.001249999999999929
