0 0.75875 0.0175 0.18500000000000014 0.035
0 0.36250000000000004 0.015 0.32 0.03
0 0.89125 0.030625000000000003 0.125 0.061250000000000006
0 0.748125 0.16687500000000002 0.32875 0.24375
0 0.4125 0.144375 0.10250000000000004 0.18625
0 0.63875 0.356875 0.17750000000000005 0.17375
0 0.41500000000000004 0.44000000000000006 0.22749999999999995 0.3075
0 0.13562500000000002 0.43375 0.19625000000000006 0.2125
0 0.77125 0.46187500000000004 0.1125 0.15125000000000002
0 0.5756249999999999 0.5625 0.14375 0.15250000000000002
0 0.3524999999999999 0.765625 0.13999999999999999 0.24375
0 0.516875 0.740625 0.14625000000000005 0.19125000000000006
0 0.6475 0.7731250000000001 0.21250000000000008 0.2012500000000001
0 0.8418749999999999 0.7625 0.15374999999999997 0.15249999999999986
0 0.03125 0.8012499999999999 0.0625 0.1674999999999999
0 0.9793749999999999 0.806875 0.04124999999999997 0.12374999999999999
0 0.6812500000000001 0.9112500000000001 0.2575000000000001 0.17750000000000005
0 0.8474999999999999 0.914375 0.11000000000000006 0.13375000000000004
0 0.465 0.9287500000000002 0.17 0.1424999999999999
