0 0.025000000000000022 0.960625 0.050000000000000044 0.07874999999999996
0 0.021874999999999978 0.890625 0.043749999999999956 0.10875000000000004
0 0.38875000000000004 0.8699999999999999 0.07249999999999997 0.08499999999999996
0 0.799375 0.829375 0.19625000000000004 0.13874999999999993
0 0.1449999999999999 0.8831249999999999 0.0625 0.03125
0 0.5756249999999999 0.8524999999999998 0.06374999999999993 0.07500000000000018
0 0.47874999999999995 0.8568749999999999 0.03499999999999988 0.03874999999999993
0 0.29125 0.82125 0.07499999999999991 0.1
0 0.20812500000000006 0.8225 0.07624999999999979 0.08749999999999991
0 0.66125 0.8175000000000001 0.07999999999999989 0.075
0 0.89875 0.775625 0.042500000000000246 0.06374999999999993
0 0.016249999999999987 0.53 0.03249999999999997 0.13499999999999995
0 0.563125 0.5449999999999999 0.021249999999999946 0.019999999999999928
0 0.9806250000000001 0.46312499999999995 0.03874999999999993 0.15374999999999997
0 0.496875 0.4731249999999999 0.05874999999999995 0.05625
0 0.7000000000000001 0.4050000000000001 0.17750000000000005 0.17749999999999994
0 0.007500000000000007 0.38937499999999997 0.015000000000000013 0.12125000000000004
0 0.9375 0.22937500000000002 0.125 0.41624999999999995
0 0.865625 0.40875000000000006 0.07874999999999996 0.04500000000000002
0 0.994375 0.35875 0.01125000000000007 0.09499999999999997
0 0.735625 0.30125 0.06375000000000001 0.0625
0 0.665 0.2675 0.06749999999999998 0.0750000000000001
0 0.026874999999999982 0.17624999999999996 0.053749999999999964 0.15000000000000002
0 0.6856250000000002 0.19437500000000002 0.061249999999999985 0.05874999999999995
0 0.8168749999999999 0.12187499999999996 0.10624999999999991 0.11125000000000007
0 0.696875 0.08375000000000005 0.1587500000000001 0.13
0 0.5574999999999999 0.07249999999999984 0.09500000000000001 0.10999999999999999
0 0.009999999999999953 0.016874999999999918 0.019999999999999907 0.033749999999999836
0 0.724375 0.015625 0.07374999999999998 0.03125
0 0.9706250000000001 0.012500000000000011 0.05875000000000004 0.025000000000000022
0 0.86625 0.009375000000000022 0.14499999999999993 0.018750000000000044
