0 0.18 0.978125 0.15750000000000008 0.04375
0 0.301875 0.9800000000000001 0.053749999999999964 0.040000000000000036
0 0.9737500000000001 0.91375 0.05250000000000003 0.17249999999999996
0 0.575625 0.9974999999999999 0.0737499999999999 0.005000000000000071
0 0.41875 0.9868750000000001 0.09750000000000006 0.02624999999999993
0 0.340625 0.9949999999999999 0.026249999999999975 0.009999999999999964
0 0.5349999999999999 0.9600000000000002 0.12750000000000003 0.07999999999999989
0 0.1975 0.8574999999999999 0.14749999999999996 0.1825000000000001
0 0.49000000000000005 0.805 0.05249999999999995 0.06500000000000003
0 0.8106250000000002 0.7575 0.06125000000000007 0.05249999999999995
0 0.54875 0.77 0.029999999999999895 0.01750000000000007
0 0.9868750000000001 0.71 0.02624999999999993 0.10250000000000004
0 0.2125 0.7025 0.04750000000000001 0.07749999999999986
0 0.52125 0.6675 0.075 0.0825000000000001
0 0.91375 0.458125 0.17249999999999996 0.3287500000000001
0 0.046875 0.4856249999999999 0.09375 0.14875
0 0.1681249999999999 0.46499999999999997 0.17625000000000016 0.16500000000000004
0 0.38687499999999997 0.46687499999999993 0.07625000000000001 0.1062500000000001
0 0.18437500000000004 0.1875 0.22124999999999995 0.375
0 0.990625 0.263125 0.01875 0.1062500000000001
0 0.041874999999999996 0.2456249999999999 0.08374999999999999 0.12625000000000006
0 0.811875 0.2012500000000001 0.14624999999999994 0.12499999999999986
0 0.418125 0.1825 0.09625000000000003 0.11749999999999994
0 0.95 0.14937499999999992 0.03500000000000014 0.04375000000000018
0 0.79125 0.10875000000000008 0.0674999999999999 0.06999999999999995
0 0.355 0.06562499999999999 0.04499999999999993 0.10124999999999995
0 0.305 0.04812500000000003 0.04500000000000006 0.0837500000000001
0 0.036250000000000004 0.043125000000000024 0.07250000000000001 0.08625000000000005
0 0.294375 0.0050000000000000044 0.026250000000000016 0.010000000000000009
