0 0.991875 0.579375 0.016249999999999966 0.061249999999999985
0 0.9712500000000001 0.8037500000000002 0.057499999999999926 0.07750000000000004
0 0.866875 0.875 0.07375000000000025 0.06999999999999992
0 0.8175000000000001 0.375 0.13999999999999996 0.15749999999999992
0 0.733125 0.21812499999999996 0.12125000000000004 0.1162500000000001
0 0.686875 0.6125 0.20375000000000004 0.16749999999999998
0 0.6887500000000001 0.369375 0.12999999999999998 0.16375
0 0.6975 0.889375 0.07750000000000012 0.053749999999999964
0 0.47062500000000007 0.384375 0.3687500000000001 0.22375000000000006
0 0.5587500000000001 0.754375 0.0625 0.053749999999999964
0 0.4925 0.03937499999999999 0.12750000000000003 0.07874999999999999
0 0.34562499999999996 0.9574999999999999 0.06874999999999995 0.047499999999999966
0 0.32625 0.5918750000000002 0.08500000000000005 0.06375000000000001
0 0.294375 0.805 0.07625000000000001 0.07999999999999989
0 0.21687499999999998 0.618125 0.13374999999999992 0.07625000000000001
0 0.17062500000000003 0.37062500000000004 0.17874999999999996 0.20125
0 0.203125 0.10687500000000001 0.10874999999999987 0.10124999999999995
0 0.18249999999999997 0.6849999999999999 0.10000000000000006 0.09249999999999999
0 0.185 0.786875 0.09500000000000006 0.08874999999999993
0 0.14312499999999995 0.8862499999999999 0.09125000000000005 0.10749999999999993
0 0.12312499999999997 0.590625 0.07374999999999987 0.08374999999999995
0 0.04937500000000006 0.6125 0.09875000000000012 0.075
0 0.02812500000000001 0.8862500000000001 0.05625000000000002 0.08499999999999996
0 0.009999999999999953 0.68125 0.019999999999999907 0.08250000000000002
0 0.0037499999999999756 0.7575000000000001 0.007499999999999951 0.025
