0 0.35875 0.01875 0.16749999999999998 0.0375
0 0.978125 0.026250000000000002 0.04375 0.052500000000000005
0 0.4125 0.04125 0.13249999999999998 0.0825
0 0.37750000000000006 0.095 0.11750000000000008 0.09000000000000001
0 0.471875 0.161875 0.14625000000000005 0.12374999999999999
0 0.37124999999999997 0.21062499999999998 0.10750000000000001 0.12625
0 0.858125 0.23875000000000002 0.12874999999999998 0.0975
0 0.47437500000000005 0.29437499999999994 0.22875000000000006 0.19374999999999995
0 0.61125 0.240625 0.07750000000000004 0.08374999999999996
0 0.296875 0.291875 0.11124999999999999 0.13875
0 0.11125 0.364375 0.2225 0.20875
0 0.6525 0.34625 0.125 0.14500000000000002
0 0.9324999999999999 0.364375 0.13499999999999995 0.14874999999999994
0 0.796875 0.36875 0.12125000000000012 0.15250000000000002
0 0.33812499999999995 0.555 0.19374999999999995 0.18999999999999995
0 0.4375 0.5112500000000001 0.06750000000000007 0.09750000000000006
0 0.5856250000000001 0.56375 0.06375000000000011 0.09249999999999999
0 0.95375 0.680625 0.09250000000000007 0.13625000000000007
0 0.62875 0.66625 0.07249999999999997 0.10499999999999998
0 0.746875 0.711875 0.11124999999999999 0.11875000000000009
0 0.230625 0.79 0.28875 0.24500000000000002
0 0.8637499999999999 0.8324999999999999 0.19000000000000003 0.19249999999999998
0 0.724375 0.809375 0.05875000000000012 0.07624999999999993
0 0.03875 0.8712500000000001 0.0775 0.09250000000000007
0 0.08687500000000001 0.9012499999999999 0.10375000000000001 0.1049999999999999
0 0.6381249999999999 0.951875 0.10124999999999992 0.09624999999999986
0 0.5325 0.953125 0.1700000000000001 0.09375
0 0.334375 0.9974999999999999 0.25875000000000004 0.005000000000000071
