0 0.22000000000000003 0.045 0.09750000000000003 0.09
0 0.19874999999999998 0.15687500000000001 0.07000000000000009 0.05625
0 0.011249999999999982 0.234375 0.022499999999999964 0.13624999999999998
0 0.291875 0.24312500000000004 0.09624999999999995 0.09624999999999999
0 0.2 0.210625 0.039999999999999925 0.03125
0 0.555625 0.22312500000000002 0.05124999999999993 0.04124999999999997
0 0.06312499999999999 0.26125 0.06125000000000003 0.06249999999999996
0 0.16937499999999994 0.248125 0.043749999999999956 0.03375000000000004
0 0.6068749999999999 0.41187500000000005 0.21125000000000008 0.22875000000000006
0 0.04874999999999996 0.375 0.09749999999999992 0.1375
0 0.30375 0.38937499999999997 0.16000000000000006 0.13625000000000004
0 0.446875 0.36875 0.08875000000000002 0.08249999999999993
0 0.96125 0.42125 0.07750000000000004 0.1
0 0.7925000000000001 0.46375 0.15249999999999994 0.15250000000000002
0 0.978125 0.5506249999999999 0.04375 0.07874999999999996
0 0.18 0.6075 0.2725000000000001 0.14000000000000004
0 0.01874999999999999 0.601875 0.03749999999999998 0.1062500000000001
0 0.386875 0.6231249999999999 0.09625000000000003 0.11625000000000005
0 0.531875 0.635 0.17875000000000005 0.13000000000000006
0 0.681875 0.6375 0.11125000000000007 0.1125
0 0.54125 0.7725 0.1625000000000001 0.13249999999999992
0 0.012500000000000011 0.8125 0.025000000000000022 0.06749999999999981
0 0.7368750000000001 0.815625 0.03375000000000013 0.028749999999999963
0 0.24562500000000004 0.985 0.05874999999999995 0.030000000000000072
