0 0.985625 0.001875 0.026250000000000107 0.00375
0 0.631875 0.04875 0.11124999999999999 0.0975
0 0.68625 0.445 0.6275 0.8299999999999998
0 0.30999999999999994 0.16062500000000002 0.10500000000000012 0.23125
0 0.00187499999999996 0.31875 0.00374999999999992 0.06500000000000003
0 0.27 0.32 0.06499999999999995 0.057499999999999975
0 0.046875 0.335625 0.05624999999999991 0.05125000000000002
0 0.10874999999999994 0.409375 0.09999999999999976 0.06125000000000007
0 0.185625 0.49312500000000004 0.09874999999999987 0.13875
0 0.260625 0.5081249999999999 0.06624999999999992 0.07625000000000011
0 0.9925 0.6637500000000001 0.015000000000000036 0.19499999999999992
0 0.920625 0.795625 0.15874999999999986 0.3262500000000001
0 0.011249999999999982 0.714375 0.022499999999999964 0.06374999999999993
0 0.20500000000000002 0.8068750000000001 0.23499999999999996 0.20875000000000005
0 0.999375 0.7875 0.001249999999999929 0.15249999999999986
0 0.09062500000000012 0.7768749999999999 0.061249999999999916 0.061249999999999985
0 0.265 0.766875 0.03499999999999992 0.03374999999999995
0 0.5725 0.9287500000000002 0.29499999999999993 0.1424999999999999
0 0.1125 0.9349999999999999 0.225 0.13000000000000006
0 0.78625 0.9550000000000001 0.2174999999999999 0.09000000000000004
0 0.3125 0.971875 0.08749999999999991 0.05625
