0 0.9949999999999999 0.9625 0.009999999999999964 0.075
0 0.495 0.996875 0.040000000000000036 0.00625
0 0.081875 0.9818749999999999 0.09375 0.036250000000000074
0 0.9056249999999999 0.9824999999999999 0.14625000000000005 0.03499999999999996
0 0.745 0.91625 0.24249999999999988 0.16750000000000007
0 0.010625 0.971875 0.02125 0.03125
0 0.179375 0.96125 0.051249999999999976 0.05249999999999986
0 0.01875 0.89875 0.0375 0.05750000000000011
0 0.171875 0.9018750000000001 0.036249999999999984 0.04124999999999997
0 0.36312500000000003 0.835625 0.12625000000000003 0.13124999999999992
0 0.14500000000000002 0.809375 0.1375 0.12374999999999999
0 0.004375 0.7918750000000001 0.00875 0.13125
0 0.983125 0.79125 0.033749999999999857 0.09499999999999993
0 0.56875 0.726875 0.07749999999999994 0.10375000000000005
0 0.375 0.6893750000000001 0.10500000000000002 0.13875
0 0.49437499999999995 0.6856250000000002 0.12625000000000003 0.12374999999999999
0 0.065625 0.6056250000000001 0.13125 0.21875000000000008
0 0.9087500000000001 0.58375 0.11500000000000021 0.10749999999999993
0 0.850625 0.485 0.29874999999999996 0.08000000000000007
0 0.596875 0.41 0.16625000000000006 0.13249999999999992
0 0.06625 0.36875 0.1325 0.20750000000000002
0 0.145 0.393125 0.085 0.10874999999999994
0 0.4375 0.37312500000000004 0.09 0.04125000000000001
0 0.27874999999999994 0.3275 0.09499999999999997 0.07499999999999996
0 0.9375 0.03312499999999996 0.125 0.06624999999999992
