0 0.9731249999999999 0.62625 0.053749999999999964 0.23500000000000004
0 0.89875 0.6443749999999999 0.0625 0.08874999999999993
0 0.844375 0.588125 0.09375 0.13375000000000004
0 0.3 0.5675000000000001 0.13249999999999998 0.11250000000000009
0 0.45687500000000003 0.55625 0.10374999999999997 0.11000000000000014
0 0.13125 0.553125 0.11000000000000001 0.11375000000000002
0 0.641875 0.545625 0.14624999999999994 0.12874999999999998
0 0.9256250000000001 0.52125 0.07874999999999996 0.09249999999999999
0 0.9925 0.4725 0.015000000000000036 0.06750000000000007
0 0.6625 0.415625 0.20249999999999996 0.16625000000000006
0 0.786875 0.359375 0.1312500000000001 0.08125
0 0.9668749999999999 0.340625 0.06624999999999996 0.06875
0 0.64 0.26375000000000004 0.1125 0.12750000000000009
0 0.985 0.25249999999999995 0.030000000000000072 0.14000000000000012
0 0.9162499999999998 0.24062500000000003 0.14000000000000004 0.15125000000000002
0 0.8087500000000001 0.18562499999999998 0.1625 0.16374999999999998
0 0.5399999999999999 0.209375 0.10999999999999996 0.10624999999999996
0 0.304375 0.12562500000000004 0.07374999999999998 0.1037499999999999
0 0.7212500000000001 0.07187499999999991 0.15 0.14124999999999988
0 0.08375 0.08437500000000009 0.10500000000000001 0.10875000000000012
0 0.60375 0.07437500000000002 0.057499999999999926 0.08625000000000005
0 0.509375 0.03187499999999993 0.04125000000000005 0.05124999999999991
0 0.85 0.0006249999999999867 0.24249999999999988 0.0012499999999999734
