0 0.40380859375 0.04150390625 0.0732421875 0.0830078125
0 0.73828125 0.04296875 0.017578125 0.0234375
0 0.39892578125 0.14599609375 0.1298828125 0.1259765625
0 0.4560546875 0.31396484375 0.267578125 0.1845703125
0 0.7392578125 0.2841796875 0.107421875 0.11328125
0 0.978515625 0.25537109375 0.03515625 0.0400390625
0 0.97802734375 0.29931640625 0.0322265625 0.0361328125
0 0.61767578125 0.361328125 0.0634765625 0.109375
0 0.7041015625 0.353515625 0.080078125 0.068359375
0 0.966796875 0.36669921875 0.05078125 0.0712890625
0 0.3037109375 0.43115234375 0.048828125 0.0634765625
0 0.93310546875 0.4404296875 0.0673828125 0.060546875
0 0.6748046875 0.4775390625 0.080078125 0.083984375
0 0.85205078125 0.45556640625 0.0361328125 0.0341796875
0 0.95751953125 0.48095703125 0.0380859375 0.0439453125
0 0.86279296875 0.50439453125 0.0537109375 0.0498046875
0 0.29248046875 0.5576171875 0.1474609375 0.15625
0 0.9296875 0.50732421875 0.06640625 0.0498046875
0 0.94140625 0.56298828125 0.041015625 0.0498046875
0 0.8974609375 0.68359375 0.197265625 0.291015625
0 0.888671875 0.564453125 0.02734375 0.046875
0 0.92236328125 0.57763671875 0.0458984375 0.0693359375
0 0.66015625 0.59130859375 0.115234375 0.0888671875
0 0.8173828125 0.6220703125 0.072265625 0.07421875
0 0.69287109375 0.62158203125 0.0263671875 0.0439453125
0 0.64306640625 0.66064453125 0.0361328125 0.0302734375
0 0.6806640625 0.693359375 0.09375 0.08203125
0 0.81201171875 0.72216796875 0.0751953125 0.0810546875
0 0.75341796875 0.7314453125 0.0361328125 0.033203125
0 0.88427734375 0.74658203125 0.0380859375 0.0439453125
0 0.8408203125 0.74609375 0.01953125 0.017578125
0 0.939453125 0.81689453125 0.0546875 0.0283203125
0 0.94873046875 0.87744140625 0.0908203125 0.0654296875
0 0.91748046875 0.9365234375 0.0556640625 0.064453125
