0 0.460625 0.9949999999999999 0.15374999999999997 0.009999999999999964
0 0.08374999999999999 0.9475 0.0625 0.10500000000000007
0 0.009375000000000022 0.8924999999999998 0.018750000000000044 0.125
0 0.6981249999999999 0.9212499999999999 0.01875000000000009 0.05750000000000011
0 0.06750000000000006 0.845 0.11000000000000021 0.12749999999999986
0 0.829375 0.875 0.05125000000000011 0.0375
0 0.7725000000000001 0.77625 0.07500000000000018 0.09749999999999996
0 0.9012499999999999 0.6993750000000001 0.1125 0.1437500000000001
0 0.730625 0.7012499999999999 0.0862499999999999 0.08500000000000005
0 0.991875 0.590625 0.016249999999999966 0.03125
0 0.365625 0.42000000000000004 0.06874999999999995 0.13249999999999998
0 0.4637500000000001 0.43375 0.08750000000000009 0.0875
0 0.7162499999999999 0.35750000000000004 0.16999999999999993 0.20250000000000004
0 0.18937500000000002 0.4231249999999999 0.036250000000000004 0.028750000000000053
0 0.8756250000000001 0.330625 0.14625000000000005 0.1687500000000001
0 0.46125 0.3225 0.15 0.11499999999999995
0 0.17812499999999992 0.34875 0.023749999999999827 0.05249999999999999
0 0.1275 0.3175 0.03749999999999998 0.030000000000000027
0 0.17312500000000003 0.290625 0.016249999999999987 0.03374999999999995
0 0.3475 0.23562499999999992 0.0875 0.10625000000000004
0 0.4575 0.1925 0.08499999999999996 0.07499999999999996
0 0.1750000000000001 0.21187499999999998 0.02000000000000013 0.036250000000000004
0 0.66875 0.15062499999999993 0.0875 0.10875000000000015
0 0.55375 0.15749999999999992 0.05499999999999998 0.060000000000000164
0 0.8024999999999999 0.10812499999999999 0.13499999999999995 0.13624999999999987
0 0.06187500000000001 0.13187499999999996 0.07624999999999993 0.08625000000000016
0 0.34375 0.11500000000000003 0.09000000000000004 0.09250000000000014
0 0.6581250000000001 0.055624999999999925 0.16375 0.11124999999999985
0 0.5675000000000001 0.06000000000000005 0.08250000000000002 0.09000000000000008
0 0.026249999999999996 0.08250000000000002 0.05249999999999999 0.04249999999999998
0 0.45249999999999996 0.049375 0.13000000000000003 0.05625000000000002
0 0.96125 0.03187499999999999 0.07750000000000004 0.06374999999999997
0 0.8268749999999999 0.021250000000000047 0.22624999999999984 0.04250000000000009
0 0.409375 0.021250000000000047 0.04125000000000005 0.04250000000000009
