0 0.48681640625 0.99462890625 0.0380859375 0.0107421875
0 0.38037109375 0.9287109375 0.1201171875 0.1328125
0 0.71630859375 0.9443359375 0.1103515625 0.09375
0 0.09423828125 0.97607421875 0.0224609375 0.0302734375
0 0.0888671875 0.9345703125 0.015625 0.015625
0 0.09228515625 0.90380859375 0.0341796875 0.0263671875
0 0.0859375 0.8310546875 0.048828125 0.0859375
0 0.017578125 0.7861328125 0.03515625 0.09765625
0 0.56591796875 0.80859375 0.0146484375 0.044921875
0 0.0732421875 0.7490234375 0.0859375 0.099609375
0 0.66845703125 0.7724609375 0.0400390625 0.029296875
0 0.6240234375 0.6953125 0.05859375 0.076171875
0 0.83203125 0.6826171875 0.02734375 0.037109375
0 0.724609375 0.63525390625 0.087890625 0.1123046875
0 0.59130859375 0.63671875 0.0673828125 0.06640625
0 0.7958984375 0.55029296875 0.013671875 0.0244140625
0 0.30615234375 0.4169921875 0.0537109375 0.103515625
0 0.3828125 0.427734375 0.068359375 0.068359375
0 0.580078125 0.3681640625 0.1328125 0.158203125
0 0.16845703125 0.41943359375 0.0283203125 0.0224609375
0 0.70458984375 0.34716796875 0.1142578125 0.1318359375
0 0.884765625 0.3056640625 0.107421875 0.16015625
0 0.380859375 0.3408203125 0.1171875 0.08984375
0 0.15966796875 0.361328125 0.0185546875 0.041015625
0 0.1201171875 0.3369140625 0.029296875 0.0234375
0 0.15576171875 0.31591796875 0.0126953125 0.0263671875
0 0.2919921875 0.27294921875 0.068359375 0.0830078125
0 0.3779296875 0.2392578125 0.06640625 0.05859375
0 0.1572265625 0.25439453125 0.015625 0.0283203125
0 0.54296875 0.20654296875 0.068359375 0.0849609375
0 0.453125 0.2119140625 0.04296875 0.046875
0 0.6474609375 0.17333984375 0.10546875 0.1064453125
0 0.06884765625 0.19189453125 0.0595703125 0.0673828125
0 0.2890625 0.1787109375 0.0703125 0.072265625
0 0.9208984375 0.1494140625 0.09765625 0.103515625
0 0.53466796875 0.123046875 0.1279296875 0.10546875
0 0.4638671875 0.1357421875 0.064453125 0.0703125
0 0.03076171875 0.1533203125 0.0615234375 0.033203125
0 0.3740234375 0.12744140625 0.1015625 0.0439453125
0 0.79296875 0.0693359375 0.103515625 0.138671875
0 0.66650390625 0.06103515625 0.1767578125 0.1220703125
0 0.34033203125 0.09912109375 0.0322265625 0.0458984375
0 0.88916015625 0.087890625 0.0595703125 0.056640625
0 0.9658203125 0.0576171875 0.029296875 0.044921875
0 0.2666015625 0.0478515625 0.013671875 0.025390625
0 0.87158203125 0.02783203125 0.0654296875 0.0556640625
0 0.59423828125 0.0244140625 0.0888671875 0.048828125
0 0.11279296875 0.0166015625 0.0224609375 0.033203125
