0 0.08250000000000002 0.029374999999999995 0.08499999999999996 0.05874999999999999
0 0.3949999999999999 0.1075 0.16249999999999995 0.215
0 0.593125 0.110625 0.19874999999999998 0.20875
0 0.07625000000000004 0.12437499999999999 0.15250000000000008 0.17625
0 0.725625 0.10625 0.03875000000000002 0.06500000000000003
0 0.78125 0.10687500000000001 0.0375 0.048749999999999995
0 0.9331250000000001 0.11625 0.043749999999999824 0.04750000000000001
0 0.28437500000000004 0.20750000000000002 0.20874999999999994 0.20250000000000004
0 0.7368750000000001 0.175 0.05874999999999995 0.05
0 0.8862500000000001 0.19 0.05500000000000007 0.05249999999999999
0 0.7943749999999999 0.2 0.06625000000000006 0.04749999999999999
0 0.5325 0.24500000000000002 0.09500000000000001 0.0625
0 0.871875 0.35250000000000004 0.053749999999999964 0.08000000000000003
0 0.2875 0.3825 0.08750000000000005 0.11999999999999997
0 0.8443750000000001 0.46312499999999995 0.07125000000000004 0.08874999999999993
0 0.7081250000000001 0.4856249999999999 0.08874999999999984 0.12374999999999999
0 0.14500000000000002 0.52125 0.12250000000000005 0.12000000000000002
0 0.07124999999999992 0.5431250000000001 0.07999999999999985 0.11124999999999999
0 0.7699999999999999 0.65 0.05500000000000007 0.10250000000000004
0 0.05437500000000001 0.716875 0.10875000000000001 0.16624999999999995
0 0.323125 0.7324999999999999 0.11375000000000002 0.15
0 0.9925 0.796875 0.015000000000000036 0.05124999999999993
0 0.33375 0.8393749999999999 0.04499999999999993 0.04875000000000007
0 0.7612499999999999 0.9287500000000002 0.16999999999999985 0.1424999999999999
0 0.621875 0.9337500000000001 0.05874999999999995 0.08999999999999986
0 0.29625 0.9737500000000001 0.13250000000000006 0.05250000000000003
0 0.8481249999999999 0.9806250000000001 0.09625000000000003 0.03874999999999993
0 0.585625 0.9912500000000002 0.09125000000000005 0.017499999999999894
