0 0.3581249999999999 0.105625 0.09874999999999998 0.14625
0 0.41624999999999995 0.25875 0.12250000000000005 0.1325
0 0.6212500000000001 0.26749999999999996 0.10000000000000009 0.11499999999999999
0 0.813125 0.38 0.12874999999999978 0.15
0 0.05125000000000002 0.46687500000000004 0.10250000000000004 0.2512500000000001
0 0.8731249999999999 0.48250000000000004 0.11625000000000014 0.10749999999999993
0 0.7831250000000001 0.6143750000000001 0.11374999999999993 0.1312500000000001
0 0.2699999999999999 0.6775 0.20249999999999999 0.22750000000000004
0 0.8375 0.866875 0.18249999999999994 0.19124999999999998
0 0.62 0.85625 0.09000000000000004 0.13499999999999995
0 0.2699999999999999 0.9724999999999999 0.08750000000000005 0.05500000000000007
0 0.38875 0.9818749999999999 0.16000000000000006 0.036250000000000074
