0 0.984375 0.99375 0.026250000000000284 0.0125
0 0.630625 0.944375 0.11125000000000007 0.10124999999999992
0 0.6856249999999999 0.54625 0.62875 0.8300000000000001
0 0.30874999999999997 0.8306250000000001 0.10499999999999998 0.23125
0 0.0012499999999999178 0.6725000000000001 0.0024999999999998357 0.06500000000000003
0 0.26875 0.67125 0.06500000000000003 0.057499999999999926
0 0.04562499999999997 0.655625 0.056250000000000244 0.05125000000000002
0 0.10749999999999993 0.5818749999999999 0.10000000000000009 0.061249999999999985
0 0.184375 0.49812499999999993 0.09875000000000003 0.13875
0 0.25937499999999997 0.48312499999999997 0.06625000000000006 0.07625000000000011
0 0.991875 0.3275 0.016249999999999966 0.195
0 0.9199999999999999 0.195625 0.15999999999999998 0.32625000000000004
0 0.010624999999999996 0.276875 0.02124999999999999 0.06374999999999993
0 0.20375000000000004 0.1843749999999999 0.23499999999999996 0.20875000000000007
0 0.99875 0.20374999999999993 0.002499999999999858 0.1525000000000002
0 0.08937499999999998 0.21437500000000007 0.061249999999999805 0.061249999999999936
0 0.26375 0.224375 0.03500000000000005 0.03374999999999995
0 0.57125 0.06687500000000002 0.29500000000000004 0.13375000000000004
0 0.11187499999999999 0.06062500000000004 0.22374999999999998 0.12125000000000008
0 0.7849999999999999 0.04062500000000002 0.21749999999999997 0.08125000000000004
0 0.31124999999999997 0.023749999999999993 0.0875 0.04749999999999999
