0 0.013124999999999942 0.790625 0.026249999999999885 0.11374999999999993
0 0.15499999999999997 0.7837500000000001 0.11999999999999997 0.1125
0 0.5650000000000001 0.608125 0.17 0.16374999999999992
0 0.8412499999999999 0.654375 0.06750000000000007 0.06624999999999996
0 0.44250000000000006 0.645625 0.047500000000000056 0.06624999999999996
0 0.305625 0.596875 0.20125 0.13874999999999993
0 0.974375 0.6025 0.05124999999999993 0.12250000000000014
0 0.09937500000000005 0.58875 0.1987500000000001 0.125
0 0.6837500000000001 0.5693750000000001 0.047500000000000056 0.06375000000000011
0 0.914375 0.5375 0.09625000000000003 0.10250000000000004
0 0.008749999999999925 0.5075000000000001 0.01749999999999985 0.13249999999999992
0 0.428125 0.465625 0.12375000000000007 0.13625000000000007
0 0.04500000000000004 0.364375 0.09000000000000008 0.1437500000000001
0 0.866875 0.39125 0.05625 0.08250000000000002
0 0.398125 0.22437500000000013 0.23375000000000004 0.1712499999999999
0 0.608125 0.21125 0.16624999999999995 0.17249999999999996
0 0.043125000000000024 0.2174999999999999 0.08625000000000005 0.13250000000000006
0 0.9962500000000001 0.198125 0.007499999999999929 0.06374999999999997
0 0.4856249999999999 0.08937499999999998 0.40625 0.17874999999999996
0 0.023125000000000007 0.04437499999999994 0.04625000000000001 0.08874999999999988
0 0.280625 0.034999999999999976 0.08125000000000004 0.06999999999999995
0 0.171875 0.026874999999999982 0.14125000000000013 0.053749999999999964
0 0.984375 0.006249999999999978 0.03125 0.012499999999999956
