0 0.00625 0.516875 0.0125 0.24375
0 0.04875 0.5525 0.0975 0.125
0 0.09812499999999999 0.661875 0.09375 0.11375000000000002
0 0.0375 0.716875 0.075 0.09375
0 0.983125 0.805625 0.033749999999999857 0.17874999999999988
0 0.12874999999999998 0.8418749999999999 0.19749999999999998 0.23125
0 0.8668750000000001 0.8724999999999999 0.26125000000000015 0.205
0 0.240625 0.8800000000000001 0.11875 0.14999999999999983
0 0.684375 0.93125 0.14624999999999994 0.1375
0 0.33499999999999996 0.9375 0.1275 0.125
0 0.16375 0.971875 0.15500000000000003 0.05625
