0 0.3725 0.990625 0.18749999999999992 0.01875
0 0.6849999999999999 0.914375 0.1749999999999999 0.17125000000000004
0 0.83625 0.96125 0.05249999999999986 0.07750000000000004
0 0.9393750000000001 0.9225000000000001 0.09625000000000003 0.10250000000000004
0 0.48624999999999996 0.913125 0.10250000000000004 0.09125000000000014
0 0.8825 0.8456250000000001 0.09749999999999996 0.06624999999999996
0 0.48249999999999993 0.699375 0.5549999999999999 0.26625
0 0.04437499999999994 0.725 0.07624999999999993 0.04500000000000002
0 0.968125 0.6631250000000001 0.06374999999999993 0.12374999999999989
0 0.8237500000000001 0.641875 0.13000000000000006 0.13624999999999998
0 0.14375 0.5756249999999999 0.2875 0.22374999999999998
0 0.53875 0.5737500000000001 0.06749999999999998 0.02999999999999998
0 0.9756250000000002 0.5225000000000001 0.04874999999999989 0.10999999999999996
0 0.4625 0.538125 0.06500000000000013 0.04375
0 0.8768750000000001 0.48375 0.11875 0.12000000000000002
0 0.224375 0.504375 0.03125 0.028749999999999963
0 0.24562500000000004 0.3681249999999999 0.05874999999999995 0.05625000000000004
0 0.900625 0.318125 0.09375 0.11624999999999996
0 0.35562499999999997 0.349375 0.02124999999999999 0.05125000000000002
0 0.7537499999999999 0.23249999999999993 0.205 0.14750000000000016
0 0.264375 0.28 0.026250000000000107 0.02999999999999998
0 0.016874999999999918 0.24562499999999998 0.033749999999999836 0.038750000000000104
0 0.21125000000000008 0.22249999999999998 0.03749999999999987 0.025
0 0.9168749999999999 0.11812499999999997 0.16624999999999995 0.19374999999999995
0 0.546875 0.14937500000000004 0.05875000000000004 0.05374999999999974
0 0.24125000000000002 0.15687499999999993 0.027499999999999948 0.033749999999999836
0 0.6699999999999999 0.10687499999999994 0.1749999999999999 0.09875000000000012
0 0.99375 0.06562500000000004 0.0125 0.03125
0 0.784375 0.03999999999999998 0.07875000000000006 0.05999999999999994
0 0.5806250000000001 0.026249999999999996 0.22374999999999998 0.05249999999999999
0 0.913125 0.00187499999999996 0.15625 0.00374999999999992
