0 0.19625 0.04375 0.2475 0.0875
0 0.510625 0.00125 0.18375000000000002 0.0025
0 0.5425000000000001 0.11687500000000002 0.1325 0.23375000000000004
0 0.576875 0.26999999999999996 0.11375000000000002 0.05499999999999998
0 0.47437500000000005 0.26875 0.04875000000000007 0.047499999999999966
0 0.203125 0.29312499999999997 0.09624999999999997 0.04874999999999998
0 0.559375 0.401875 0.22874999999999995 0.19124999999999998
0 0.23500000000000001 0.38500000000000006 0.15250000000000002 0.10250000000000008
0 0.603125 0.434375 0.08875000000000002 0.07124999999999995
0 0.30999999999999994 0.516875 0.13749999999999996 0.18624999999999997
0 0.20562500000000003 0.5199999999999999 0.07875000000000001 0.1499999999999999
0 0.47062500000000007 0.549375 0.09874999999999998 0.14375
0 0.39375 0.530625 0.05500000000000003 0.08875000000000002
0 0.6287499999999999 0.5956250000000001 0.11999999999999993 0.13875
0 0.40437500000000004 0.615625 0.07125000000000004 0.06374999999999993
0 0.67625 0.704375 0.020000000000000108 0.013750000000000106
0 0.649375 0.845 0.19374999999999992 0.27999999999999997
0 0.370625 0.8787499999999999 0.34124999999999994 0.24250000000000008
0 0.718125 0.9556250000000001 0.10125000000000002 0.08874999999999993
