0 0.08124999999999999 0.0175 0.08500000000000008 0.035
0 0.39375 0.095625 0.1625 0.19125
0 0.591875 0.095625 0.1987499999999999 0.19125
0 0.07562499999999994 0.100625 0.15124999999999988 0.17625
0 0.724375 0.0825 0.03874999999999993 0.06500000000000002
0 0.78 0.08312499999999999 0.0375 0.04875
0 0.931875 0.0925 0.04375 0.04750000000000001
0 0.28312499999999996 0.18375 0.20875 0.20249999999999996
0 0.735625 0.15125 0.05875000000000004 0.05
0 0.8850000000000001 0.16625 0.054999999999999896 0.05249999999999999
0 0.7931250000000001 0.17625 0.06625000000000014 0.04750000000000001
0 0.53125 0.22125 0.09499999999999993 0.0625
0 0.8706250000000001 0.32875 0.053749999999999964 0.07999999999999999
0 0.28625 0.35875 0.08749999999999991 0.11999999999999997
0 0.8431249999999999 0.43937500000000007 0.07125000000000004 0.08875000000000002
0 0.7068749999999999 0.46187500000000004 0.08874999999999993 0.12375000000000007
0 0.14374999999999996 0.49749999999999994 0.12250000000000008 0.12000000000000002
0 0.07 0.5193749999999999 0.07999999999999996 0.11124999999999999
0 0.76875 0.62625 0.05500000000000007 0.10250000000000004
0 0.053750000000000075 0.693125 0.10750000000000015 0.16625000000000006
0 0.321875 0.70875 0.11375000000000002 0.1499999999999999
0 0.991875 0.7731250000000001 0.016249999999999966 0.05124999999999993
0 0.3325 0.815625 0.04499999999999993 0.04875000000000007
0 0.76 0.914375 0.16999999999999993 0.1612499999999999
0 0.620625 0.9099999999999999 0.05875000000000004 0.08999999999999986
0 0.29500000000000004 0.9618749999999998 0.13249999999999998 0.07625000000000011
0 0.846875 0.96875 0.09624999999999995 0.0625
0 0.584375 0.9793749999999999 0.09124999999999987 0.04124999999999997
