0 0.9481249999999999 0.490625 0.10374999999999997 0.24375
0 0.87375 0.52625 0.125 0.125
0 0.8106250000000002 0.6356249999999999 0.09375000000000008 0.11375000000000002
0 0.8850000000000001 0.690625 0.10250000000000004 0.09375
0 0.78 0.815625 0.19749999999999995 0.23125
0 0.08625 0.8462500000000001 0.1725 0.20500000000000007
0 0.6681250000000001 0.85375 0.11875 0.1499999999999999
0 0.9974999999999999 0.8462500000000001 0.005000000000000071 0.07249999999999979
0 0.22437499999999994 0.9181250000000001 0.14625000000000007 0.16374999999999992
0 0.57375 0.9175000000000001 0.12750000000000003 0.13749999999999982
0 0.9574999999999999 0.940625 0.08499999999999996 0.11125000000000007
0 0.7449999999999999 0.95875 0.15499999999999997 0.08249999999999993
0 0.604375 0.9887499999999999 0.10374999999999997 0.022499999999999964
