0 0.25375000000000003 0.9668749999999999 0.16749999999999984 0.06624999999999996
0 0.9099999999999999 0.959375 0.11750000000000008 0.08125
0 0.3075 0.9443750000000002 0.13250000000000006 0.11124999999999989
0 0.2725000000000001 0.87625 0.11750000000000002 0.09000000000000004
0 0.366875 0.809375 0.14625000000000007 0.12374999999999999
0 0.26625000000000004 0.760625 0.10750000000000007 0.1262500000000001
0 0.95375 0.7418750000000001 0.09250000000000007 0.11124999999999989
0 0.753125 0.7325 0.12875000000000014 0.09749999999999996
0 0.369375 0.6768749999999999 0.22875000000000006 0.19374999999999992
0 0.50625 0.730625 0.07749999999999994 0.08375000000000003
0 0.19187500000000007 0.6793750000000001 0.11124999999999996 0.1387500000000001
0 0.05874999999999997 0.6068749999999999 0.11749999999999994 0.20874999999999985
0 0.5475 0.625 0.125 0.14499999999999993
0 0.8675 0.6068749999999999 0.21500000000000002 0.14875000000000008
0 0.6918749999999999 0.6025 0.12124999999999994 0.15249999999999994
0 0.994375 0.631875 0.01125000000000007 0.05124999999999993
0 0.9949999999999999 0.5612499999999999 0.009999999999999964 0.0750000000000001
0 0.23312500000000008 0.41624999999999995 0.19374999999999998 0.18999999999999995
0 0.3325 0.45999999999999996 0.0674999999999999 0.09749999999999996
0 0.480625 0.4074999999999999 0.06375000000000001 0.09249999999999999
0 0.8537500000000001 0.290625 0.10250000000000004 0.13624999999999998
0 0.52375 0.305 0.07250000000000005 0.10500000000000007
0 0.641875 0.259375 0.11124999999999989 0.11875000000000005
0 0.135 0.18125000000000002 0.27 0.24499999999999988
0 0.984375 0.121875 0.03125 0.24375
0 0.7587499999999999 0.13875 0.19000000000000003 0.19249999999999987
0 0.619375 0.161875 0.05875000000000012 0.07624999999999993
0 0.016874999999999918 0.07 0.033749999999999836 0.10500000000000032
0 0.5331250000000001 0.03375000000000006 0.10125000000000002 0.06750000000000012
0 0.42750000000000005 0.03249999999999992 0.16999999999999998 0.06499999999999984
