0 0.8887499999999999 0.98375 0.1299999999999999 0.03249999999999993
0 0.70125 0.99 0.12750000000000003 0.019999999999999928
0 0.019375 0.9712500000000001 0.03875 0.05
0 0.2925 0.943125 0.07249999999999997 0.06374999999999993
0 0.35250000000000004 0.9225 0.08749999999999995 0.04499999999999993
0 0.309375 0.8356250000000001 0.11125000000000003 0.10125000000000002
0 0.284375 0.4375 0.56875 0.8300000000000001
0 0.63125 0.721875 0.10499999999999998 0.23125
0 0.9981249999999999 0.5706249999999999 0.0037499999999999643 0.05625
0 0.96125 0.56375 0.047499999999999966 0.06500000000000003
0 0.67125 0.5625 0.06499999999999995 0.057499999999999926
0 0.8943749999999999 0.546875 0.05625 0.05124999999999993
0 0.8324999999999999 0.4731249999999999 0.1 0.061249999999999985
0 0.755625 0.38937499999999997 0.09875000000000007 0.1387500000000001
0 0.680625 0.374375 0.06625000000000006 0.07624999999999993
0 0.05 0.125 0.1 0.25
0 0.945 0.16812500000000002 0.05249999999999986 0.06374999999999986
0 0.73625 0.09000000000000002 0.23499999999999996 0.18000000000000005
0 0.850625 0.10562500000000004 0.06125000000000007 0.06125000000000014
0 0.6762499999999999 0.11562500000000005 0.03500000000000005 0.033749999999999836
0 0.36875 0.012500000000000011 0.295 0.025000000000000022
0 0.83625 0.006249999999999978 0.23999999999999994 0.012499999999999956
