0 0.865625 0.99875 0.02624999999999993 0.002499999999999858
0 0.5118750000000001 0.951875 0.11124999999999999 0.09624999999999986
0 0.62625 0.5562499999999999 0.7475 0.8299999999999998
0 0.19 0.840625 0.10500000000000012 0.23125
0 0.14999999999999997 0.68125 0.06499999999999984 0.057499999999999926
0 0.019374999999999976 0.5918750000000002 0.03874999999999995 0.061249999999999985
0 0.06562499999999999 0.5081249999999999 0.09875 0.1387500000000001
0 0.140625 0.49312500000000004 0.0662499999999997 0.07625000000000001
0 0.9324999999999999 0.3375 0.13499999999999995 0.19500000000000006
0 0.860625 0.20562500000000003 0.27875000000000005 0.32624999999999993
0 0.10125000000000002 0.19437500000000002 0.20250000000000004 0.2087499999999999
0 0.9393750000000001 0.21375000000000002 0.12125000000000004 0.15250000000000008
0 0.0006249999999999867 0.224375 0.0012499999999999734 0.061250000000000006
0 0.1449999999999999 0.234375 0.03500000000000014 0.03374999999999995
0 0.4525 0.07187500000000002 0.29499999999999993 0.14375000000000004
0 0.05250000000000005 0.06562499999999999 0.1050000000000001 0.13124999999999998
0 0.66625 0.04562500000000008 0.21749999999999997 0.09125000000000016
0 0.19250000000000003 0.028749999999999942 0.08749999999999994 0.057499999999999885
