0 0.32875 0.000625 0.16749999999999998 0.00125
0 0.963125 0.008125 0.07375000000000007 0.01625
0 0.38249999999999995 0.023125 0.1325 0.04625
0 0.34750000000000003 0.05874999999999999 0.11749999999999998 0.09
0 0.441875 0.12562500000000001 0.14625000000000005 0.12375
0 0.34125 0.174375 0.10750000000000001 0.12625
0 0.9912500000000002 0.193125 0.017499999999999894 0.11124999999999999
0 0.828125 0.20249999999999999 0.12874999999999986 0.09749999999999996
0 0.44437499999999996 0.258125 0.22874999999999993 0.19374999999999998
0 0.58125 0.20437500000000003 0.07750000000000004 0.08374999999999999
0 0.26687500000000003 0.255625 0.11125000000000003 0.13874999999999998
0 0.09625 0.328125 0.1925 0.20875000000000005
0 0.6225 0.31 0.125 0.14500000000000002
0 0.9175000000000001 0.328125 0.16500000000000004 0.14875000000000008
0 0.766875 0.3325 0.12125000000000004 0.15250000000000002
0 0.30812500000000004 0.51875 0.1937500000000001 0.19000000000000003
0 0.40750000000000003 0.475 0.06749999999999994 0.09750000000000006
0 0.555625 0.5275000000000001 0.06374999999999993 0.09249999999999999
0 0.92875 0.6443749999999999 0.10250000000000022 0.13624999999999998
0 0.59875 0.6300000000000001 0.07249999999999997 0.10499999999999998
0 0.7168749999999999 0.6756249999999999 0.11124999999999999 0.11875
0 0.20062499999999997 0.7537499999999999 0.28874999999999995 0.24499999999999994
0 0.83375 0.7962499999999999 0.18999999999999995 0.1924999999999999
0 0.694375 0.7731250000000001 0.05874999999999995 0.07625000000000011
0 0.02375 0.835 0.0475 0.09250000000000007
0 0.056874999999999995 0.865 0.10374999999999998 0.10500000000000007
0 0.608125 0.9337500000000001 0.10124999999999992 0.13249999999999992
0 0.5025000000000001 0.9349999999999999 0.17 0.13000000000000006
0 0.304375 0.9793749999999999 0.25875000000000004 0.04124999999999997
0 0.415625 0.968125 0.0012500000000000178 0.001249999999999929
0 0.044375 0.9925 0.08875 0.015000000000000036
