0 0.6396484375 0.0263671875 0.11328125 0.052734375
0 0.30859375 0.171875 0.189453125 0.34375
0 0.0234375 0.14306640625 0.03515625 0.0478515625
0 0.08642578125 0.17919921875 0.0693359375 0.0830078125
0 0.03857421875 0.1728515625 0.0341796875 0.04296875
0 0.29052734375 0.38671875 0.1455078125 0.15234375
0 0.62158203125 0.4462890625 0.0673828125 0.08984375
0 0.9794921875 0.50439453125 0.041015625 0.1533203125
0 0.26953125 0.57373046875 0.130859375 0.2333984375
0 0.341796875 0.6279296875 0.109375 0.123046875
0 0.44580078125 0.65380859375 0.1318359375 0.1103515625
0 0.556640625 0.626953125 0.03125 0.037109375
0 0.55322265625 0.6904296875 0.0615234375 0.072265625
0 0.46044921875 0.7666015625 0.1220703125 0.169921875
0 0.9033203125 0.74560546875 0.08984375 0.0908203125
0 0.7236328125 0.81103515625 0.095703125 0.1162109375
0 0.61083984375 0.87060546875 0.1689453125 0.2080078125
0 0.20849609375 0.857421875 0.1435546875 0.111328125
0 0.36865234375 0.93798828125 0.0947265625 0.0927734375
0 0.388671875 0.984375 0.125 0.03125
