0 0.175625 0.025 0.07374999999999998 0.05
0 0.039375 0.06749999999999999 0.07875 0.1075
0 0.32937500000000003 0.19437500000000002 0.06875000000000005 0.053749999999999985
0 0.28375 0.34625 0.20750000000000002 0.22250000000000006
0 0.14500000000000002 0.309375 0.10000000000000002 0.10124999999999998
0 0.104375 0.464375 0.10874999999999999 0.11624999999999996
0 0.8706250000000001 0.7424999999999999 0.25875000000000004 0.3575000000000001
0 0.359375 0.6268750000000001 0.07874999999999996 0.07625000000000001
0 0.161875 0.68875 0.13874999999999998 0.15
0 0.6174999999999999 0.805625 0.24749999999999997 0.22875000000000006
0 0.04375 0.7975 0.0875 0.09250000000000007
0 0.34375 0.84375 0.08999999999999994 0.10749999999999993
0 0.414375 0.8150000000000001 0.03374999999999999 0.032500000000000015
0 0.395625 0.9331250000000001 0.15875000000000003 0.13375000000000004
0 0.61375 0.9481249999999999 0.054999999999999896 0.06624999999999996
0 0.536875 0.951875 0.08374999999999995 0.06374999999999993
0 0.509375 0.9887499999999999 0.08874999999999993 0.022499999999999964
