0 0.72625 0.8825 0.2425 0.23499999999999996
0 0.983125 0.96125 0.033749999999999857 0.07750000000000004
0 0.749375 0.71 0.18625000000000008 0.19499999999999992
0 0.32562499999999994 0.63375 0.08625000000000002 0.11499999999999995
0 0.7762499999999999 0.47062500000000007 0.16749999999999998 0.29874999999999996
0 0.6837500000000001 0.40125 0.14000000000000004 0.15749999999999997
0 0.5506249999999999 0.3681249999999999 0.16875 0.14124999999999996
0 0.40875000000000006 0.4025 0.040000000000000126 0.047499999999999966
0 0.4131250000000001 0.32125000000000004 0.07875000000000001 0.09250000000000007
0 0.531875 0.22374999999999998 0.15625 0.21750000000000003
0 0.011249999999999982 0.25062500000000004 0.022499999999999964 0.11624999999999983
0 0.195 0.166875 0.12249999999999997 0.14874999999999994
0 0.339375 0.11187499999999999 0.21625 0.22374999999999998
0 0.8543749999999999 0.10750000000000004 0.18375000000000002 0.14249999999999985
0 0.649375 0.03187499999999999 0.12124999999999994 0.06374999999999997
