0 0.75125 0.027500000000000024 0.23499999999999996 0.05500000000000005
0 0.7693749999999999 0.10250000000000004 0.08874999999999993 0.0625
0 0.713125 0.15687499999999996 0.13375000000000004 0.09374999999999997
0 0.6925000000000001 0.7012499999999999 0.11250000000000009 0.1325
0 0.68125 0.544375 0.11000000000000014 0.10374999999999997
0 0.678125 0.8699999999999999 0.11374999999999993 0.11000000000000014
0 0.670625 0.359375 0.12874999999999998 0.14625000000000005
0 0.64625 0.07562500000000005 0.09249999999999999 0.07874999999999988
0 0.5974999999999999 0.008124999999999993 0.06750000000000007 0.016249999999999987
0 0.540625 0.33875 0.16625000000000006 0.2024999999999999
0 0.484375 0.21437500000000004 0.08125 0.13124999999999998
0 0.465625 0.03375000000000006 0.06875 0.06750000000000012
0 0.38875000000000004 0.36125 0.12750000000000009 0.1124999999999999
0 0.3775 0.015625 0.13999999999999996 0.03125
0 0.36562500000000003 0.08500000000000002 0.15125000000000002 0.14
0 0.31062500000000004 0.19249999999999995 0.16374999999999998 0.16250000000000023
0 0.334375 0.46125 0.10624999999999996 0.10999999999999996
0 0.25062500000000004 0.696875 0.1037499999999999 0.07375000000000007
0 0.19687499999999997 0.27999999999999997 0.14125000000000001 0.15
0 0.209375 0.9175000000000001 0.10874999999999999 0.1049999999999999
0 0.19937500000000002 0.3975 0.08625000000000008 0.057500000000000016
0 0.15687499999999993 0.49187499999999995 0.05124999999999991 0.04125000000000005
0 0.06312499999999999 0.15125 0.12624999999999997 0.24249999999999994
0 0.10437500000000006 0.21875 0.028749999999999942 0.027500000000000035
0 0.078125 0.2825 0.07124999999999981 0.07250000000000005
0 0.03125 0.00187499999999996 0.0625 0.00374999999999992
