0 0.9 0.7993750000000001 0.2 0.40125
0 0.7381249999999999 0.95 0.13874999999999993 0.1
0 0.750625 0.8699999999999999 0.10375000000000005 0.09249999999999989
0 0.76875 0.659375 0.05250000000000012 0.05625
0 0.6331249999999999 0.655 0.2362499999999999 0.13999999999999996
0 0.56 0.44312500000000005 0.2075000000000001 0.30125
0 0.505625 0.571875 0.13874999999999993 0.1537499999999999
0 0.5556249999999999 0.7525000000000001 0.03125 0.047500000000000056
0 0.48249999999999993 0.7206249999999998 0.06749999999999998 0.061249999999999985
0 0.34062499999999996 0.591875 0.14624999999999994 0.14124999999999996
0 0.264375 0.456875 0.16625000000000004 0.17375
0 0.2925 0.21562499999999996 0.08499999999999996 0.07875000000000007
0 0.15999999999999998 0.016874999999999918 0.16249999999999998 0.033749999999999836
0 0.17124999999999996 0.744375 0.13000000000000003 0.16375000000000012
0 0.100625 0.805 0.20125 0.285
0 0.140625 0.555 0.08374999999999977 0.09499999999999993
0 0.08312500000000006 0.959375 0.10625000000000007 0.08125
0 0.0625 0.04562500000000008 0.125 0.09125000000000016
0 0.057499999999999996 0.655 0.11499999999999999 0.18
0 0.040000000000000036 0.9887499999999999 0.06750000000000012 0.022499999999999964
0 0.026249999999999885 0.15062500000000006 0.04499999999999993 0.0687500000000002
0 0.016874999999999918 0.9731249999999999 0.033749999999999836 0.053749999999999964
0 0.0068750000000000755 0.5875 0.013750000000000151 0.11750000000000008
