0 0.9425000000000001 0.058125 0.11500000000000003 0.11625
0 0.8543750000000001 0.039375 0.16125000000000006 0.07875
0 0.08875 0.12250000000000001 0.1775 0.24500000000000002
0 0.6675 0.07125000000000001 0.022499999999999964 0.02250000000000001
0 0.983125 0.11687499999999999 0.033749999999999857 0.10375000000000001
0 0.851875 0.21437499999999998 0.13625000000000015 0.18625000000000003
0 0.7324999999999999 0.24312499999999998 0.16000000000000006 0.20874999999999994
0 0.9581250000000001 0.24500000000000002 0.08375000000000003 0.15749999999999997
0 0.5962500000000001 0.258125 0.014999999999999947 0.016249999999999966
0 0.7143749999999999 0.41624999999999995 0.18624999999999997 0.1125
0 0.531875 0.399375 0.028750000000000053 0.026250000000000016
0 0.9075 0.45999999999999996 0.18500000000000014 0.13499999999999993
0 0.985625 0.5575 0.028750000000000143 0.1875
0 0.679375 0.571875 0.28625 0.18625000000000008
0 0.9043749999999999 0.5599999999999999 0.09625000000000003 0.09249999999999999
0 0.8574999999999999 0.671875 0.16000000000000006 0.15874999999999986
0 0.59875 0.706875 0.08499999999999996 0.07125000000000004
0 0.951875 0.73 0.0887500000000001 0.07249999999999997
0 0.9643750000000001 0.796875 0.07125000000000004 0.16875
0 0.9962500000000001 0.88125 0.007499999999999929 0.2375
0 0.6275000000000001 0.795 0.05500000000000007 0.05999999999999996
0 0.8137500000000001 0.9931249999999998 0.1325 0.013750000000000106
