0 0.68375 0.9974999999999999 0.0625 0.005000000000000071
0 0.5287499999999999 0.953125 0.18000000000000008 0.09375
0 0.93125 0.874375 0.1375 0.14375
0 0.9625 0.7262500000000001 0.075 0.047499999999999966
0 0.97625 0.58375 0.047499999999999966 0.0875
0 0.9306249999999998 0.43062500000000004 0.1387500000000001 0.19125000000000006
0 0.305625 0.4375 0.15625 0.14749999999999996
0 0.17250000000000001 0.49000000000000005 0.0425 0.02999999999999998
0 0.190625 0.339375 0.06375000000000001 0.07624999999999993
0 0.26749999999999996 0.2693749999999999 0.22000000000000003 0.19125000000000014
0 0.7324999999999999 0.280625 0.2125 0.15874999999999995
0 0.9125 0.24125000000000005 0.175 0.23500000000000001
0 0.110625 0.28250000000000003 0.10125000000000002 0.14249999999999993
0 0.24874999999999997 0.08750000000000002 0.2375 0.17500000000000004
0 0.874375 0.11875000000000013 0.04375 0.040000000000000036
0 0.7474999999999999 0.080625 0.08999999999999994 0.10124999999999995
0 0.8350000000000002 0.08687500000000004 0.07500000000000018 0.08374999999999977
0 0.9475000000000001 0.06562499999999988 0.054999999999999896 0.06375000000000008
