0 0.48562500000000003 0.058750000000000004 0.01875 0.057499999999999996
0 0.354375 0.10500000000000001 0.05125000000000002 0.03750000000000001
0 0.41125 0.20375000000000001 0.07499999999999996 0.09749999999999999
0 0.145 0.22000000000000003 0.03500000000000001 0.04749999999999999
0 0.28250000000000003 0.280625 0.1125 0.14375
0 0.453125 0.27874999999999994 0.08625000000000008 0.085
0 0.19125 0.3893750000000001 0.017500000000000005 0.03125000000000004
0 0.818125 0.5599999999999999 0.06875000000000009 0.13249999999999992
0 0.72 0.5462499999999999 0.0875 0.0875
0 0.4675000000000001 0.6224999999999999 0.17 0.20249999999999996
0 0.9881249999999999 0.556875 0.02375000000000007 0.028750000000000053
0 0.308125 0.649375 0.14625000000000005 0.1687500000000001
0 0.07749999999999999 0.7025 0.1375 0.20500000000000007
0 0.7224999999999999 0.6575 0.15 0.11499999999999995
0 0.996875 0.63125 0.00625 0.05249999999999995
0 0.83625 0.744375 0.08750000000000009 0.10624999999999991
0 0.72625 0.7875 0.08500000000000005 0.075
0 0.999375 0.7681250000000001 0.001249999999999929 0.036249999999999984
0 0.515 0.829375 0.08749999999999991 0.10875000000000004
0 0.63 0.8225 0.054999999999999896 0.06000000000000005
0 0.38125 0.871875 0.135 0.1362499999999999
0 0.8400000000000001 0.865 0.08999999999999994 0.09250000000000007
0 0.046875 0.9025000000000001 0.09375 0.13249999999999992
0 0.525625 0.934375 0.16375 0.13125
0 0.61625 0.9199999999999999 0.08249999999999993 0.09000000000000004
0 0.73125 0.930625 0.13000000000000006 0.05625
0 0.195 0.9581250000000001 0.13249999999999998 0.08375000000000003
0 0.35687499999999994 0.96875 0.22624999999999992 0.0625
0 0.774375 0.9668749999999999 0.04124999999999997 0.05875000000000004
0 0.071875 0.9724999999999999 0.07625000000000001 0.05500000000000007
