0 0.08837890625 0.32958984375 0.0771484375 0.0888671875
0 0.2275390625 0.3349609375 0.09375 0.087890625
0 0.5478515625 0.47216796875 0.1328125 0.1279296875
0 0.763671875 0.43603515625 0.052734375 0.0517578125
0 0.91943359375 0.4423828125 0.0263671875 0.0546875
0 0.4521484375 0.44287109375 0.037109375 0.0517578125
0 0.34521484375 0.48095703125 0.1572265625 0.1083984375
0 0.880859375 0.4765625 0.06640625 0.095703125
0 0.17333984375 0.4873046875 0.1767578125 0.09765625
0 0.640625 0.50244140625 0.037109375 0.0498046875
0 0.82080078125 0.52734375 0.0751953125 0.080078125
0 0.06591796875 0.55078125 0.1083984375 0.103515625
0 0.00390625 0.54736328125 0.0078125 0.0361328125
0 0.44091796875 0.58349609375 0.0966796875 0.1064453125
0 0.11572265625 0.66259765625 0.1220703125 0.1123046875
0 0.78369140625 0.6416015625 0.0439453125 0.064453125
0 0.03515625 0.68701171875 0.0703125 0.0556640625
0 0.41748046875 0.77197265625 0.1826171875 0.1337890625
0 0.58154296875 0.7822265625 0.1298828125 0.134765625
0 0.11767578125 0.77734375 0.1123046875 0.103515625
0 0.03466796875 0.76953125 0.0693359375 0.060546875
0 0.908203125 0.79248046875 0.052734375 0.0498046875
0 0.48583984375 0.90380859375 0.3173828125 0.1923828125
0 0.02685546875 0.84033203125 0.0537109375 0.0654296875
0 0.1064453125 0.916015625 0.072265625 0.076171875
0 0.03662109375 0.93994140625 0.0732421875 0.0966796875
0 0.32568359375 0.9462890625 0.0634765625 0.107421875
0 0.24072265625 0.95263671875 0.1103515625 0.0947265625
0 0.890625 0.96875 0.0546875 0.0625
0 0.125 0.98193359375 0.08984375 0.0361328125
