0 0.890625 0.384375 0.09874999999999971 0.11374999999999993
0 0.7125 0.39125 0.12000000000000002 0.11249999999999996
0 0.3025 0.566875 0.17 0.16375000000000012
0 0.03 0.520625 0.06 0.06624999999999996
0 0.425 0.529375 0.047499999999999966 0.06624999999999996
0 0.561875 0.578125 0.20125 0.13874999999999993
0 0.781875 0.58625 0.22624999999999992 0.125
0 0.18375 0.6056250000000001 0.047499999999999966 0.06375000000000001
0 0.000625 0.6375 0.00125 0.10249999999999986
0 0.9193749999999999 0.6675 0.13874999999999993 0.13250000000000012
0 0.996875 0.6631250000000001 0.00625 0.046250000000000034
0 0.43937499999999996 0.709375 0.12374999999999994 0.13624999999999998
0 0.8556250000000001 0.8106249999999999 0.15625000000000008 0.1437499999999999
0 0.014375000000000002 0.7837500000000001 0.028750000000000005 0.08249999999999993
0 0.9568749999999999 0.8418749999999999 0.08625000000000008 0.07124999999999986
0 0.46937500000000004 0.9324999999999999 0.23375000000000007 0.13499999999999995
0 0.259375 0.93875 0.16625000000000004 0.12250000000000014
0 0.853125 0.945625 0.14375 0.10875000000000004
0 0.9574999999999999 0.9474999999999998 0.08499999999999996 0.07750000000000004
0 0.38187499999999996 0.9981249999999999 0.40625 0.0037499999999999643
0 0.9675 0.9981249999999999 0.06499999999999986 0.0037499999999999643
