0 0.20125 0.060625 0.2475 0.12125
0 0.515625 0.018125 0.18375000000000002 0.03625
0 0.45562500000000006 0.025625 0.0012500000000000178 0.0012500000000000011
0 0.5475 0.150625 0.1325 0.23375000000000004
0 0.5818749999999999 0.30375 0.11375000000000002 0.05499999999999998
0 0.479375 0.3025 0.04875000000000007 0.047499999999999966
0 0.20812499999999998 0.32687499999999997 0.09624999999999999 0.04875000000000003
0 0.564375 0.43562500000000004 0.22874999999999995 0.19124999999999998
0 0.24 0.41875 0.15249999999999994 0.10249999999999995
0 0.6081249999999999 0.468125 0.08875000000000002 0.07125000000000004
0 0.315 0.5506249999999999 0.1375 0.18624999999999997
0 0.210625 0.55375 0.07874999999999999 0.15000000000000008
0 0.47562499999999996 0.5831250000000001 0.09874999999999998 0.1437500000000001
0 0.39875000000000005 0.5643750000000001 0.05499999999999998 0.08875000000000002
0 0.63375 0.629375 0.12000000000000002 0.13874999999999993
0 0.409375 0.649375 0.07125 0.06374999999999993
0 0.68125 0.7381249999999999 0.020000000000000018 0.013750000000000017
0 0.6543749999999999 0.869375 0.19374999999999992 0.26125
0 0.375625 0.8956250000000001 0.34125000000000005 0.20875000000000005
0 0.723125 0.9724999999999999 0.1012500000000001 0.05500000000000007
