0 0.85791015625 0.94970703125 0.1025390625 0.1005859375
0 0.5576171875 0.97900390625 0.068359375 0.0341796875
0 0.41259765625 0.91650390625 0.1494140625 0.1572265625
0 0.16259765625 0.98046875 0.0380859375 0.029296875
0 0.2578125 0.9365234375 0.05078125 0.04296875
0 0.171875 0.93359375 0.033203125 0.0390625
0 0.2080078125 0.939453125 0.01953125 0.017578125
0 0.1728515625 0.89599609375 0.017578125 0.0185546875
0 0.48486328125 0.841796875 0.0361328125 0.025390625
0 0.14794921875 0.79931640625 0.0849609375 0.0712890625
0 0.48486328125 0.80517578125 0.0205078125 0.0205078125
0 0.82421875 0.7607421875 0.09375 0.107421875
0 0.45556640625 0.77880859375 0.0244140625 0.0224609375
0 0.13671875 0.68701171875 0.12890625 0.1572265625
0 0.453125 0.7177734375 0.044921875 0.0546875
0 0.302734375 0.7294921875 0.017578125 0.029296875
0 0.25634765625 0.72265625 0.0283203125 0.02734375
0 0.5 0.7021484375 0.046875 0.037109375
0 0.54541015625 0.69384765625 0.0224609375 0.0244140625
0 0.8076171875 0.66162109375 0.083984375 0.0869140625
0 0.24560546875 0.54736328125 0.1689453125 0.0908203125
0 0.05712890625 0.56884765625 0.0244140625 0.0478515625
0 0.1201171875 0.576171875 0.013671875 0.01171875
0 0.09521484375 0.5634765625 0.0205078125 0.017578125
0 0.41357421875 0.52880859375 0.0302734375 0.0302734375
0 0.05322265625 0.5126953125 0.0419921875 0.033203125
0 0.11474609375 0.48974609375 0.0517578125 0.0556640625
0 0.43603515625 0.4990234375 0.0263671875 0.03125
0 0.23388671875 0.4794921875 0.0478515625 0.0546875
0 0.36376953125 0.46923828125 0.0361328125 0.0712890625
0 0.052734375 0.453125 0.05859375 0.078125
0 0.63134765625 0.41650390625 0.0322265625 0.0732421875
0 0.6875 0.4208984375 0.0546875 0.046875
0 0.17724609375 0.41259765625 0.0341796875 0.0166015625
0 0.75146484375 0.35986328125 0.0712890625 0.1025390625
0 0.32568359375 0.3359375 0.0576171875 0.076171875
0 0.18798828125 0.33544921875 0.0419921875 0.0439453125
0 0.54150390625 0.2001953125 0.3994140625 0.2734375
0 0.21044921875 0.26416015625 0.0830078125 0.0966796875
0 0.04736328125 0.26025390625 0.0224609375 0.0185546875
0 0.0869140625 0.23779296875 0.033203125 0.0439453125
0 0.18212890625 0.21337890625 0.1474609375 0.0810546875
0 0.271484375 0.2333984375 0.04296875 0.0390625
0 0.3076171875 0.19091796875 0.09765625 0.0966796875
0 0.82861328125 0.16015625 0.1181640625 0.13671875
