0 0.9824999999999999 0.6118750000000001 0.03499999999999996 0.12625000000000003
0 0.923125 0.321875 0.06624999999999996 0.08125000000000004
0 0.8324999999999999 0.7424999999999999 0.09750000000000006 0.09749999999999996
0 0.7168749999999999 0.7637499999999999 0.05625000000000009 0.07000000000000002
0 0.639375 0.97 0.13625000000000007 0.060000000000000143
0 0.630625 0.670625 0.09624999999999995 0.09624999999999995
0 0.663125 0.7625 0.03125 0.039999999999999855
0 0.650625 0.406875 0.04125000000000005 0.05125000000000002
0 0.6125 0.899375 0.0625 0.06125000000000007
0 0.6256250000000001 0.793125 0.03375000000000004 0.043749999999999824
0 0.46187500000000004 0.35562499999999997 0.22874999999999995 0.21124999999999988
0 0.4987500000000001 0.9324999999999999 0.1374999999999999 0.13499999999999995
0 0.484375 0.6587500000000001 0.13625000000000007 0.16000000000000006
0 0.5050000000000001 0.515625 0.08250000000000002 0.08875000000000002
0 0.4525 0.020000000000000018 0.10000000000000009 0.040000000000000036
0 0.41 0.16999999999999998 0.1525 0.15249999999999994
0 0.323125 0.003124999999999989 0.0787500000000001 0.006249999999999978
0 0.26625000000000004 0.7825 0.14000000000000004 0.27249999999999996
0 0.271875 0.9625 0.10624999999999996 0.075
0 0.25062500000000004 0.5756249999999999 0.11624999999999983 0.09625000000000013
0 0.23874999999999993 0.43062500000000004 0.13000000000000012 0.17874999999999996
0 0.23625000000000002 0.28062499999999996 0.11249999999999993 0.11124999999999993
0 0.10125000000000002 0.42125 0.13250000000000017 0.16249999999999987
0 0.06125000000000003 0.96875 0.0674999999999999 0.0625
0 0.05812499999999998 0.22562499999999996 0.028750000000000053 0.03374999999999995
