0 0.5125 0.9962500000000001 0.09750000000000006 0.007499999999999929
0 0.5206249999999999 0.9793749999999999 0.023749999999999983 0.01875
0 0.275625 0.905 0.04875000000000007 0.05750000000000011
0 0.38875 0.8931250000000001 0.04999999999999991 0.036250000000000074
0 0.209375 0.796875 0.043749999999999956 0.03125
0 0.6512499999999999 0.656875 0.1999999999999999 0.10125000000000002
0 0.08625 0.5962500000000001 0.01749999999999996 0.027499999999999948
0 0.61 0.525625 0.13999999999999996 0.16374999999999992
0 0.15375000000000005 0.5493750000000001 0.07750000000000012 0.07625000000000001
0 0.32875 0.52 0.18500000000000005 0.1174999999999999
0 0.08124999999999999 0.5599999999999999 0.025000000000000022 0.02999999999999998
0 0.10250000000000004 0.55 0.022499999999999742 0.03500000000000005
0 0.37937499999999996 0.5425000000000001 0.036249999999999984 0.039999999999999945
0 0.4800000000000001 0.53875 0.0375 0.03249999999999984
0 0.08124999999999988 0.5037499999999999 0.032500000000000084 0.04249999999999998
0 0.42625 0.40374999999999994 0.14749999999999996 0.16249999999999995
0 0.7918749999999999 0.385 0.20625 0.19750000000000006
0 0.96875 0.3425 0.04250000000000007 0.032500000000000015
0 0.015625 0.300625 0.03125 0.05625
0 0.5349999999999999 0.285625 0.06499999999999995 0.04375
0 0.9356249999999999 0.254375 0.06624999999999996 0.07374999999999998
0 0.745625 0.2575 0.05624999999999982 0.04500000000000006
0 0.37875 0.23312500000000003 0.05999999999999996 0.043749999999999914
0 0.523125 0.20687500000000006 0.07374999999999998 0.09124999999999983
0 0.22125 0.11562499999999998 0.4425 0.23124999999999996
0 0.9568750000000001 0.153125 0.0862499999999999 0.12125
0 0.27375 0.14187500000000003 0.13750000000000004 0.14124999999999996
0 0.41374999999999995 0.07437500000000002 0.11499999999999999 0.14875000000000005
0 0.94375 0.04874999999999996 0.1125 0.09749999999999992
0 0.874375 0.009375000000000022 0.06374999999999993 0.018750000000000044
0 0.48 0.009375000000000022 0.1049999999999999 0.018750000000000044
