0 0.7236328125 0.96435546875 0.10546875 0.0712890625
0 0.787109375 0.849609375 0.18359375 0.154296875
0 0.67138671875 0.8603515625 0.1259765625 0.1171875
0 0.0712890625 0.7685546875 0.142578125 0.193359375
0 0.9189453125 0.767578125 0.109375 0.099609375
0 0.525390625 0.8076171875 0.017578125 0.017578125
0 0.81591796875 0.77197265625 0.1142578125 0.0810546875
0 0.66943359375 0.69580078125 0.1064453125 0.1455078125
0 0.576171875 0.67333984375 0.125 0.1630859375
0 0.78466796875 0.671875 0.1298828125 0.123046875
0 0.4697265625 0.66162109375 0.01171875 0.0126953125
0 0.86083984375 0.5849609375 0.1240234375 0.142578125
0 0.56201171875 0.5380859375 0.1455078125 0.087890625
0 0.93017578125 0.52685546875 0.0595703125 0.0830078125
0 0.41943359375 0.55126953125 0.0224609375 0.0205078125
0 0.7216796875 0.50390625 0.162109375 0.10546875
0 0.82275390625 0.427734375 0.1201171875 0.146484375
0 0.53466796875 0.41650390625 0.2236328125 0.1455078125
0 0.71044921875 0.42578125 0.0751953125 0.072265625
0 0.673828125 0.33837890625 0.125 0.1240234375
0 0.9794921875 0.32568359375 0.041015625 0.0537109375
0 0.4716796875 0.31103515625 0.06640625 0.0556640625
0 0.74755859375 0.29296875 0.0693359375 0.056640625
0 0.79296875 0.24072265625 0.126953125 0.1318359375
0 0.8896484375 0.16748046875 0.220703125 0.2001953125
0 0.494140625 0.2421875 0.04296875 0.046875
0 0.6396484375 0.04638671875 0.103515625 0.0927734375
