0 0.030000000000000082 0.508125 0.060000000000000164 0.09874999999999998
0 0.06312499999999999 0.78 0.06125000000000003 0.047499999999999966
0 0.073125 0.985 0.07125000000000004 0.030000000000000072
0 0.13624999999999998 0.174375 0.08499999999999996 0.06624999999999999
0 0.20312499999999992 0.81375 0.1662500000000001 0.08499999999999996
0 0.29374999999999996 0.50125 0.29750000000000004 0.1625
0 0.18125000000000002 0.6599999999999999 0.03249999999999997 0.0375
0 0.338125 0.303125 0.20874999999999994 0.19875000000000007
0 0.351875 0.8300000000000001 0.1762500000000001 0.17249999999999996
0 0.286875 0.95 0.03374999999999995 0.032500000000000105
0 0.33375 0.17062499999999997 0.06499999999999995 0.03874999999999999
0 0.33437500000000003 0.11500000000000002 0.04874999999999998 0.03750000000000001
0 0.43499999999999994 0.6118750000000001 0.20249999999999999 0.20875000000000013
0 0.4025 0.159375 0.050000000000000086 0.05874999999999999
0 0.4175 0.01875 0.05250000000000003 0.0375
0 0.42750000000000005 0.10187500000000001 0.047500000000000056 0.06625
0 0.4725 0.36374999999999996 0.06250000000000008 0.09500000000000001
0 0.5800000000000001 0.025625 0.07999999999999999 0.05125
0 0.61 0.6087499999999999 0.12000000000000002 0.0875
0 0.690625 0.051875000000000004 0.08874999999999993 0.07125000000000001
0 0.713125 0.18812500000000001 0.12374999999999999 0.08875000000000002
0 0.74875 0.75125 0.1200000000000001 0.12250000000000005
0 0.7706250000000001 0.825 0.11125000000000015 0.07999999999999999
0 0.798125 0.934375 0.09624999999999986 0.03874999999999993
0 0.8775000000000001 0.12625000000000003 0.10249999999999986 0.05500000000000001
0 0.9306249999999998 0.851875 0.1387500000000001 0.12874999999999998
0 0.9425000000000001 0.5731249999999999 0.11500000000000003 0.11375000000000002
