0 0.11749999999999998 0.046875 0.23499999999999996 0.09375
0 0.5806250000000001 0.04875 0.13374999999999995 0.0975
0 0.9793749999999999 0.0825 0.04124999999999997 0.165
0 0.668125 0.018125 0.053749999999999964 0.03625
0 0.725625 0.0325 0.036249999999999984 0.05750000000000001
0 0.9024999999999999 0.059375 0.04249999999999989 0.08625
0 0.263125 0.130625 0.21125 0.18875
0 0.15750000000000003 0.06937499999999999 0.07500000000000002 0.061250000000000006
0 0.49312500000000004 0.10874999999999999 0.13375000000000004 0.1275
0 0.618125 0.144375 0.18125000000000008 0.17875000000000002
0 0.820625 0.11687499999999999 0.0987499999999999 0.07875
0 0.4525 0.164375 0.09499999999999993 0.10375000000000001
0 0.7256250000000001 0.216875 0.15875000000000003 0.18125000000000002
0 0.859375 0.1725 0.12125000000000012 0.09
0 0.063125 0.21375000000000002 0.12625 0.15999999999999998
0 0.8149999999999998 0.321875 0.17249999999999996 0.24874999999999994
0 0.43 0.334375 0.33999999999999997 0.2612500000000001
0 0.6125 0.281875 0.0625 0.06374999999999997
0 0.95 0.40875000000000006 0.1 0.225
0 0.21500000000000002 0.34 0.03500000000000001 0.06499999999999999
0 0.62625 0.485 0.27249999999999996 0.2899999999999999
0 0.97875 0.6012500000000001 0.04250000000000007 0.4525
0 0.123125 0.43937499999999996 0.05874999999999999 0.08625000000000002
0 0.26125 0.5 0.175 0.2
0 0.056874999999999995 0.45875000000000005 0.05874999999999999 0.07000000000000002
0 0.45625 0.45187499999999997 0.09500000000000001 0.053749999999999964
0 0.8637499999999999 0.48375 0.14000000000000004 0.11749999999999998
0 0.45500000000000007 0.5756249999999999 0.09999999999999991 0.16374999999999992
0 0.075 0.5375 0.0425 0.057500000000000016
0 0.7481249999999999 0.5706249999999999 0.0812499999999999 0.11875
0 0.114375 0.5775 0.04125000000000001 0.04499999999999993
0 0.323125 0.6074999999999999 0.018750000000000044 0.027499999999999948
0 0.16062500000000002 0.655625 0.13125000000000003 0.11125000000000007
0 0.885 0.7325 0.22999999999999998 0.25250000000000006
0 0.785625 0.665625 0.0862499999999999 0.11375000000000002
0 0.230625 0.6431250000000001 0.05125000000000002 0.036249999999999984
0 0.64625 0.78125 0.2250000000000001 0.25
0 0.2425 0.69875 0.07250000000000001 0.05250000000000003
0 0.36375 0.720625 0.08250000000000006 0.09625000000000003
0 0.44312500000000005 0.7006249999999999 0.06874999999999991 0.053750000000000055
0 0.004375 0.809375 0.00875 0.11124999999999999
0 0.43875000000000003 0.87625 0.18000000000000008 0.24000000000000005
0 0.558125 0.859375 0.09375 0.1512500000000002
0 0.24375 0.8662500000000002 0.11000000000000003 0.12750000000000003
0 0.83125 0.9375 0.28250000000000003 0.125
0 0.6275000000000001 0.945 0.11500000000000013 0.07750000000000004
0 0.1075 0.9774999999999998 0.16499999999999998 0.04500000000000011
