0 0.990625 0.6581250000000001 0.01875 0.09874999999999998
0 0.9012499999999999 0.6 0.13250000000000012 0.12250000000000005
0 0.8925000000000001 0.395 0.11500000000000003 0.10000000000000005
0 0.78 0.203125 0.15 0.12875
0 0.693125 0.9568749999999999 0.25125000000000003 0.08625000000000008
0 0.6775 0.143125 0.10749999999999993 0.11625
0 0.545625 0.23312499999999997 0.1312500000000001 0.11374999999999999
0 0.48250000000000004 0.7462500000000001 0.22750000000000004 0.20249999999999996
0 0.293125 0.17875000000000002 0.19125 0.18250000000000002
0 0.30374999999999996 0.39625 0.13499999999999995 0.08999999999999994
0 0.17250000000000004 0.7462500000000001 0.08499999999999983 0.0875
0 0.09812500000000002 0.6275000000000001 0.19625000000000004 0.16000000000000006
0 0.13562499999999994 0.40499999999999997 0.04624999999999979 0.032500000000000064
0 0.1325 0.48375 0.03500000000000003 0.030000000000000072
0 0.04500000000000004 0.7731250000000001 0.09000000000000008 0.10875000000000004
