0 0.459375 0.026875 0.24375 0.05375
0 0.495 0.07625000000000001 0.125 0.12500000000000003
0 0.6043749999999999 0.139375 0.11375000000000002 0.09375
0 0.659375 0.065 0.09375 0.10250000000000001
0 0.784375 0.16999999999999998 0.23125 0.1975
0 0.8150000000000001 0.8887499999999999 0.20500000000000007 0.22250000000000006
0 0.8225 0.281875 0.1499999999999999 0.11875
0 0.8868750000000001 0.725625 0.16374999999999992 0.14625000000000005
0 0.8862500000000001 0.37625000000000003 0.13749999999999982 0.12750000000000003
0 0.909375 0.0175 0.11125000000000007 0.035
0 0.943125 0.205 0.11374999999999993 0.15499999999999997
0 0.9731249999999999 0.34562499999999996 0.053749999999999964 0.10375000000000001
