0 0.900625 0.0125 0.19875000000000007 0.025
0 0.011249999999999982 0.0425 0.022499999999999964 0.075
0 0.38125 0.065625 0.030000000000000027 0.05874999999999999
0 0.8800000000000001 0.130625 0.17999999999999988 0.18624999999999997
0 0.19875000000000004 0.189375 0.21250000000000005 0.21125
0 0.5925 0.1875 0.15999999999999998 0.145
0 0.45812500000000006 0.13999999999999999 0.06375000000000001 0.04500000000000002
0 0.38125000000000003 0.18562499999999998 0.12000000000000002 0.12624999999999997
0 0.73125 0.20812499999999998 0.07750000000000004 0.07125000000000001
0 0.9106249999999999 0.318125 0.17874999999999996 0.22625
0 0.73 0.26375000000000004 0.04249999999999989 0.04499999999999997
0 0.349375 0.345625 0.1687499999999999 0.18125000000000008
0 0.5418749999999999 0.32625000000000004 0.09125000000000005 0.07250000000000001
0 0.13624999999999998 0.36062500000000003 0.029999999999999805 0.028750000000000008
0 0.11500000000000003 0.43062500000000004 0.09250000000000014 0.12625000000000003
0 0.749375 0.4125 0.09375 0.08499999999999996
0 0.703125 0.50125 0.07874999999999979 0.07499999999999991
0 0.884375 0.618125 0.23125 0.24375
0 0.52375 0.578125 0.1325 0.11374999999999993
0 0.3275 0.590625 0.10749999999999993 0.13374999999999987
0 0.07312500000000005 0.6325 0.061249999999999916 0.0750000000000001
0 0.530625 0.6599999999999999 0.04375000000000009 0.0375
0 0.04375000000000001 0.68 0.04750000000000021 0.039999999999999945
0 0.331875 0.688125 0.036250000000000025 0.03374999999999995
0 0.5525 0.7168750000000002 0.0625 0.061249999999999985
0 0.680625 0.8074999999999999 0.08875000000000002 0.175
0 0.02749999999999997 0.74 0.040000000000000036 0.040000000000000036
0 0.850625 0.8637499999999999 0.29875000000000007 0.27249999999999996
0 0.10875000000000001 0.7681250000000001 0.09250000000000003 0.07625000000000001
0 0.01375000000000004 0.825 0.02750000000000008 0.05249999999999995
0 0.6225 0.9100000000000001 0.040000000000000036 0.047499999999999966
0 0.673125 0.951875 0.07874999999999996 0.09624999999999986
