0 0.23375000000000004 0.9706250000000001 0.23500000000000001 0.05875000000000004
0 0.215625 0.89375 0.08875 0.0625
0 0.271875 0.8393750000000001 0.13375000000000004 0.09375000000000008
0 0.2925 0.29500000000000004 0.1125 0.13250000000000006
0 0.30375 0.4518750000000001 0.11000000000000006 0.10375000000000005
0 0.306875 0.12625000000000003 0.11375000000000002 0.10999999999999999
0 0.31437499999999996 0.636875 0.12874999999999998 0.14625000000000005
0 0.33875 0.920625 0.09250000000000003 0.07874999999999996
0 0.3875 0.99 0.06750000000000003 0.019999999999999928
0 0.44437499999999996 0.6575 0.16624999999999993 0.20250000000000004
0 0.500625 0.781875 0.0812499999999999 0.13124999999999992
0 0.5193749999999999 0.9643750000000001 0.06875 0.07125000000000004
0 0.5962500000000001 0.635 0.1275000000000001 0.11250000000000009
0 0.6075 0.9824999999999999 0.14000000000000004 0.03499999999999996
0 0.619375 0.9112500000000001 0.15124999999999994 0.13999999999999985
0 0.6743750000000001 0.80375 0.16374999999999992 0.16249999999999992
0 0.650625 0.5349999999999999 0.10624999999999991 0.10999999999999996
0 0.734375 0.29937499999999995 0.10374999999999997 0.07374999999999998
0 0.7881250000000001 0.7162499999999999 0.14124999999999996 0.15
0 0.775625 0.07874999999999993 0.10874999999999994 0.1050000000000001
0 0.785625 0.5987499999999999 0.0862499999999999 0.057500000000000016
0 0.828125 0.504375 0.05124999999999993 0.04124999999999997
0 0.929375 0.8450000000000001 0.14124999999999996 0.24250000000000016
0 0.8806249999999999 0.7775000000000001 0.028749999999999963 0.027499999999999948
0 0.9068750000000001 0.71375 0.07125000000000004 0.07249999999999997
0 0.96125 0.9962500000000001 0.07750000000000004 0.007499999999999929
