0 0.71125 0.019375 0.0625 0.03875
0 0.55625 0.07625 0.18000000000000008 0.1025
0 0.945 0.159375 0.10999999999999996 0.14375
0 0.97625 0.3075 0.047499999999999966 0.04750000000000001
0 0.99 0.45 0.019999999999999928 0.0875
0 0.9443750000000002 0.603125 0.11124999999999989 0.19125000000000006
0 0.333125 0.5962500000000001 0.15625 0.14750000000000005
0 0.2 0.54375 0.0425 0.029999999999999895
0 0.21812499999999999 0.694375 0.06375 0.07625000000000001
0 0.29500000000000004 0.764375 0.22000000000000006 0.19124999999999998
0 0.76 0.753125 0.2124999999999999 0.15874999999999995
0 0.9262499999999999 0.7925 0.14749999999999996 0.23499999999999996
0 0.138125 0.75125 0.10124999999999999 0.1424999999999999
0 0.27625 0.929375 0.2375 0.14124999999999996
0 0.9018750000000001 0.915 0.043749999999999824 0.040000000000000216
0 0.775 0.9512499999999999 0.08999999999999994 0.09749999999999996
0 0.8625 0.946875 0.075 0.08374999999999985
0 0.9737500000000001 0.968125 0.05250000000000003 0.06374999999999993
