0 0.48312499999999997 0.045 0.15875000000000003 0.09
0 0.0175 0.038125 0.035 0.06875
0 0.35374999999999995 0.18874999999999997 0.24749999999999991 0.27999999999999997
0 0.6681250000000001 0.16375 0.18374999999999994 0.16
0 0.608125 0.23312500000000003 0.0012500000000000178 0.0012500000000000178
0 0.7 0.35812499999999997 0.13249999999999992 0.23374999999999999
0 0.734375 0.51125 0.11374999999999993 0.054999999999999896
0 0.631875 0.51 0.04874999999999998 0.047499999999999966
0 0.36062500000000003 0.534375 0.09625000000000003 0.04874999999999998
0 0.716875 0.6431250000000001 0.22874999999999995 0.19125000000000006
0 0.39249999999999996 0.62625 0.15250000000000002 0.10250000000000004
0 0.7606250000000001 0.675625 0.08875000000000002 0.07125000000000004
0 0.46749999999999997 0.7581249999999999 0.1375 0.1862499999999999
0 0.36312500000000003 0.7612500000000001 0.07875000000000006 0.15
0 0.628125 0.790625 0.09875000000000007 0.14375
0 0.55125 0.771875 0.054999999999999896 0.08874999999999993
0 0.7862499999999999 0.836875 0.11999999999999993 0.13875
0 0.561875 0.8568750000000002 0.07125000000000004 0.06375000000000011
0 0.83375 0.945625 0.019999999999999928 0.013750000000000106
0 0.8068750000000001 0.9731249999999999 0.19375000000000017 0.053749999999999964
0 0.528125 0.999375 0.34125 0.001249999999999929
