0 0.059375 0.446875 0.11875 0.24375
0 0.14125 0.48250000000000004 0.12499999999999996 0.125
0 0.20437499999999997 0.5918750000000002 0.09374999999999997 0.11375000000000002
0 0.13 0.646875 0.1025 0.09375
0 0.23500000000000001 0.771875 0.19749999999999998 0.23125
0 0.92125 0.8025 0.15749999999999992 0.20500000000000007
0 0.346875 0.8099999999999999 0.11875 0.15
0 0.01 0.8024999999999999 0.02 0.07249999999999997
0 0.790625 0.874375 0.14624999999999985 0.16375
0 0.44125 0.87375 0.1275 0.1375
0 0.050624999999999996 0.896875 0.09875 0.11124999999999989
0 0.26999999999999996 0.936875 0.15499999999999997 0.12624999999999992
0 0.410625 0.9668749999999999 0.10374999999999997 0.06624999999999996
0 0.14125 0.994375 0.22749999999999998 0.01125000000000007
0 0.19624999999999998 0.999375 0.07749999999999997 0.001249999999999929
