0 0.6525000000000001 0.9824999999999999 0.09750000000000006 0.03499999999999996
0 0.9793749999999999 0.8887499999999999 0.04124999999999997 0.1125
0 0.6737500000000001 0.898125 0.07000000000000002 0.05625
0 0.925 0.820625 0.15 0.13625000000000015
0 0.5806250000000001 0.811875 0.09625000000000013 0.09624999999999995
0 0.6725 0.844375 0.040000000000000036 0.03125
0 0.316875 0.8318750000000001 0.05125000000000002 0.04124999999999997
0 0.809375 0.79375 0.061249999999999985 0.0625
0 0.703125 0.8068750000000001 0.04375 0.03375000000000004
0 0.9675 0.71 0.06499999999999986 0.15249999999999994
0 0.265625 0.6431250000000001 0.21125000000000016 0.22875000000000015
0 0.8631250000000001 0.68 0.1762500000000001 0.1375
0 0.56875 0.665625 0.16000000000000006 0.13625000000000007
0 0.425625 0.68625 0.08874999999999993 0.08250000000000002
0 0.07999999999999996 0.5912499999999999 0.15250000000000008 0.15249999999999994
0 0.6925 0.44749999999999995 0.27249999999999996 0.14000000000000004
0 0.8743749999999999 0.453125 0.07874999999999996 0.10625
0 0.4856249999999999 0.43187500000000006 0.09624999999999995 0.11625
0 0.3406249999999999 0.41999999999999993 0.1787499999999999 0.12999999999999998
0 0.190625 0.4175 0.11124999999999993 0.1125
0 0.9887499999999999 0.3925 0.022499999999999964 0.12999999999999998
0 0.33125 0.28250000000000003 0.1625 0.13249999999999992
0 0.881875 0.2425 0.06875 0.06750000000000003
0 0.13562500000000005 0.23937500000000003 0.03375000000000006 0.028750000000000053
0 0.6268750000000001 0.04812500000000003 0.05874999999999995 0.07374999999999987
