0 0.9487500000000001 0.16562500000000002 0.10250000000000004 0.14625
0 0.8212499999999998 0.12812499999999988 0.047499999999999966 0.09625000000000006
0 0.67875 0.11187499999999999 0.0875 0.0737500000000001
0 0.525625 0.14437499999999992 0.19124999999999998 0.19125000000000014
0 0.5325 0.795625 0.14749999999999996 0.15625
0 0.5850000000000001 0.92875 0.029999999999999895 0.04250000000000007
0 0.434375 0.9106249999999999 0.07625000000000007 0.06375000000000011
0 0.364375 0.83375 0.19124999999999992 0.22000000000000003
0 0.375625 0.36875 0.15874999999999995 0.21250000000000005
0 0.33625 0.150625 0.23499999999999996 0.25125000000000003
0 0.3775 0.97 0.1425 0.060000000000000143
0 0.1775 0.8524999999999998 0.18500000000000005 0.23749999999999982
0 0.21375000000000002 0.226875 0.040000000000000056 0.043750000000000046
0 0.17562499999999998 0.35375 0.10124999999999992 0.09000000000000012
0 0.181875 0.26625 0.08374999999999996 0.07499999999999996
0 0.16062500000000002 0.15375 0.0637500000000002 0.05500000000000005
0 0.08999999999999991 0.016874999999999918 0.08250000000000013 0.033749999999999836
0 0.04749999999999999 0.24812499999999998 0.09499999999999997 0.15125
0 0.03312499999999996 0.8368749999999998 0.06624999999999992 0.14374999999999982
0 0.03249999999999992 0.39375 0.06499999999999984 0.0875
0 0.020625000000000004 0.9356249999999999 0.04125000000000001 0.05625
