0 0.004375000000000018 0.39687500000000003 0.008750000000000036 0.09874999999999998
0 0.021250000000000047 0.125 0.04250000000000009 0.0475000000000001
0 0.08499999999999996 0.7306250000000001 0.08499999999999974 0.06625000000000006
0 0.15187499999999998 0.09124999999999994 0.16624999999999998 0.08500000000000019
0 0.2425 0.40374999999999994 0.2975 0.16249999999999995
0 0.12999999999999995 0.24499999999999997 0.032500000000000084 0.03750000000000009
0 0.28687499999999994 0.6018749999999999 0.20875000000000007 0.1987499999999999
0 0.300625 0.08062500000000006 0.17624999999999993 0.16125000000000012
0 0.2825 0.734375 0.06499999999999995 0.03875000000000002
0 0.283125 0.79 0.04874999999999998 0.0375
0 0.2925 0.9418749999999999 0.047499999999999876 0.043749999999999824
0 0.3837499999999999 0.29312499999999997 0.20249999999999999 0.20875
0 0.35124999999999995 0.7456250000000001 0.050000000000000044 0.05874999999999995
0 0.3662500000000001 0.8949999999999999 0.05249999999999999 0.05500000000000007
0 0.37625000000000003 0.803125 0.047499999999999966 0.06624999999999988
0 0.42125 0.54125 0.0625 0.09500000000000001
0 0.5287499999999999 0.8806249999999999 0.07999999999999999 0.053749999999999964
0 0.5587500000000001 0.29624999999999996 0.11999999999999993 0.0875
0 0.6393749999999999 0.853125 0.08875000000000002 0.07125000000000004
0 0.661875 0.7168749999999999 0.12374999999999999 0.08875000000000002
0 0.6975 0.15375 0.11999999999999993 0.12249999999999991
0 0.719375 0.07999999999999996 0.11125000000000007 0.07999999999999985
0 0.8262499999999999 0.7787499999999999 0.10249999999999986 0.05500000000000007
0 0.8931250000000001 0.058750000000000024 0.1662499999999998 0.11750000000000005
0 0.9087500000000001 0.33187500000000003 0.15 0.11375000000000002
0 0.9731249999999999 0.996875 0.05125000000000011 0.00625
0 0.9956250000000001 0.34249999999999997 0.008750000000000036 0.04500000000000006
