0 0.6884765625 0.04345703125 0.130859375 0.0869140625
0 0.17578125 0.05322265625 0.091796875 0.0908203125
0 0.646484375 0.0751953125 0.103515625 0.09375
0 0.673828125 0.1318359375 0.091796875 0.0703125
0 0.01025390625 0.13720703125 0.0205078125 0.0693359375
0 0.60009765625 0.18408203125 0.1142578125 0.0966796875
0 0.6787109375 0.22216796875 0.083984375 0.0986328125
0 0.1416015625 0.23681640625 0.072265625 0.0869140625
0 0.29833984375 0.244140625 0.1005859375 0.076171875
0 0.59814453125 0.28759765625 0.1787109375 0.1513671875
0 0.4912109375 0.24560546875 0.060546875 0.0654296875
0 0.73681640625 0.28564453125 0.0869140625 0.1083984375
0 0.89111328125 0.34228515625 0.1923828125 0.1630859375
0 0.458984375 0.328125 0.09765625 0.11328125
0 0.208984375 0.34228515625 0.16796875 0.1162109375
0 0.34619140625 0.345703125 0.0947265625 0.119140625
0 0.09765625 0.32275390625 0.033203125 0.0400390625
0 0.0888671875 0.3779296875 0.048828125 0.05859375
0 0.70458984375 0.4912109375 0.1513671875 0.1484375
0 0.626953125 0.45703125 0.052734375 0.076171875
0 0.05712890625 0.51708984375 0.0751953125 0.1240234375
0 0.0068359375 0.47265625 0.013671875 0.033203125
0 0.51123046875 0.498046875 0.0498046875 0.072265625
0 0.2197265625 0.58935546875 0.080078125 0.1064453125
0 0.4775390625 0.578125 0.056640625 0.08203125
0 0.38525390625 0.61376953125 0.0869140625 0.0927734375
0 0.78857421875 0.6748046875 0.2255859375 0.19140625
0 0.00537109375 0.63427734375 0.0107421875 0.0244140625
0 0.08251953125 0.73291015625 0.0947265625 0.2138671875
0 0.2939453125 0.7080078125 0.1484375 0.150390625
0 0.0234375 0.73876953125 0.046875 0.1689453125
0 0.40283203125 0.68994140625 0.0458984375 0.0595703125
0 0.9453125 0.73828125 0.07421875 0.072265625
0 0.90087890625 0.76171875 0.0810546875 0.08203125
0 0.47021484375 0.81689453125 0.0791015625 0.1064453125
0 0.552734375 0.84716796875 0.1328125 0.1630859375
0 0.70751953125 0.91748046875 0.2021484375 0.1650390625
0 0.62060546875 0.84228515625 0.0009765625 0.0009765625
0 0.93359375 0.927734375 0.115234375 0.14453125
0 0.8330078125 0.93701171875 0.08203125 0.1259765625
0 0.46435546875 0.9482421875 0.1123046875 0.103515625
0 0.556640625 0.970703125 0.056640625 0.05859375
0 0.064453125 0.974609375 0.109375 0.05078125
0 0.2109375 0.9931640625 0.041015625 0.013671875
