0 0.23312500000000003 0.9243750000000001 0.16625000000000004 0.15124999999999994
0 0.30625 0.714375 0.3425 0.2362499999999999
0 0.66875 0.7525 0.1375 0.1450000000000001
0 0.975 0.7893749999999999 0.04500000000000011 0.05124999999999984
0 0.9743749999999999 0.733125 0.04124999999999997 0.046250000000000034
0 0.513125 0.6537499999999999 0.08125 0.13999999999999996
0 0.62375 0.6637500000000001 0.10250000000000004 0.0875
0 0.9600000000000002 0.646875 0.06500000000000003 0.09124999999999987
0 0.11124999999999985 0.5643749999999998 0.0625 0.08125000000000009
0 0.9168749999999999 0.5525 0.0862499999999999 0.07749999999999994
0 0.5862499999999999 0.5050000000000001 0.10250000000000004 0.10750000000000001
0 0.813125 0.5331249999999998 0.04624999999999986 0.043749999999999914
0 0.9481249999999999 0.500625 0.04875000000000007 0.05624999999999991
0 0.8268749999999999 0.47062499999999996 0.06874999999999991 0.06375000000000011
0 0.09687499999999988 0.4025 0.18875000000000008 0.20000000000000004
0 0.9125 0.4668750000000001 0.08499999999999996 0.06375000000000001
0 0.9274999999999999 0.395625 0.05250000000000003 0.06375000000000001
0 0.8712500000000001 0.24125000000000005 0.2525000000000001 0.37249999999999994
0 0.86 0.39375 0.03499999999999979 0.05999999999999996
0 0.903125 0.376875 0.05874999999999986 0.08875000000000002
0 0.5675 0.359375 0.14749999999999996 0.11374999999999998
0 0.7687499999999999 0.32 0.09249999999999989 0.09500000000000011
0 0.609375 0.320625 0.033749999999999857 0.05625
0 0.545625 0.270625 0.046249999999999944 0.03875000000000006
0 0.59375 0.22874999999999995 0.12000000000000002 0.1050000000000001
0 0.7618750000000001 0.19187500000000002 0.09625000000000013 0.10374999999999998
0 0.686875 0.17999999999999994 0.04624999999999986 0.04250000000000018
0 0.8543749999999999 0.16062499999999996 0.04875000000000007 0.05625000000000002
0 0.7987500000000001 0.16125 0.025000000000000088 0.022499999999999964
0 0.925 0.07062499999999994 0.06999999999999992 0.03624999999999989
0 0.9368749999999999 0.01749999999999996 0.11624999999999996 0.03499999999999992
