0 0.999375 0.98375 0.001249999999999929 0.03249999999999993
0 0.77 0.8775000000000001 0.23499999999999996 0.15
0 0.788125 0.755 0.08874999999999993 0.0625
0 0.7318749999999999 0.700625 0.13374999999999995 0.09375
0 0.71125 0.15625 0.1124999999999999 0.1325
0 0.7 0.313125 0.10999999999999996 0.10375000000000001
0 0.696875 0.02125 0.11375000000000002 0.0425
0 0.6893750000000001 0.49812500000000004 0.12875000000000006 0.14625000000000005
0 0.6649999999999999 0.7818750000000001 0.09249999999999989 0.07874999999999996
0 0.6768750000000001 0.985 0.05125000000000002 0.030000000000000072
0 0.61625 0.8643750000000001 0.06749999999999998 0.04624999999999986
0 0.559375 0.51875 0.16625000000000015 0.20250000000000004
0 0.503125 0.6431250000000001 0.08125 0.13125
0 0.47874999999999995 0.9824999999999999 0.11749999999999998 0.03499999999999996
0 0.484375 0.8768750000000001 0.06875 0.1737499999999999
0 0.4074999999999999 0.49625 0.12749999999999995 0.1125
0 0.39625000000000005 0.896875 0.14000000000000004 0.14124999999999996
0 0.38437499999999997 0.7725000000000001 0.15125000000000002 0.14000000000000004
0 0.32937500000000003 0.665 0.16374999999999992 0.16249999999999992
0 0.353125 0.39625000000000005 0.10624999999999996 0.11000000000000001
0 0.26937500000000003 0.16062500000000002 0.10375000000000001 0.07375000000000001
0 0.21562499999999996 0.5774999999999999 0.14125000000000007 0.15
0 0.21812500000000004 0.45999999999999996 0.08624999999999994 0.057500000000000016
0 0.175625 0.365625 0.05125 0.04125000000000001
0 0.12375000000000003 0.9243749999999998 0.08499999999999996 0.1262500000000001
0 0.07249999999999995 0.70625 0.1449999999999999 0.24250000000000008
0 0.12312499999999997 0.6387499999999999 0.028749999999999942 0.027499999999999948
0 0.09687499999999999 0.575 0.07124999999999992 0.07250000000000005
0 0.04062500000000002 0.9037499999999999 0.08125000000000004 0.1
0 0.04562499999999997 0.978125 0.04625000000000001 0.04375
