0 0.10791015625 0.9765625 0.0556640625 0.0390625
0 0.314453125 0.88671875 0.18359375 0.1171875
0 0.30029296875 0.791015625 0.0693359375 0.048828125
0 0.34423828125 0.74853515625 0.1044921875 0.0732421875
0 0.3603515625 0.3232421875 0.087890625 0.103515625
0 0.369140625 0.44580078125 0.0859375 0.0810546875
0 0.37158203125 0.19140625 0.0888671875 0.0859375
0 0.37744140625 0.59033203125 0.1005859375 0.1142578125
0 0.396484375 0.81201171875 0.072265625 0.0615234375
0 0.38720703125 0.9755859375 0.0400390625 0.033203125
0 0.4345703125 0.87646484375 0.052734375 0.0361328125
0 0.47900390625 0.6064453125 0.1298828125 0.158203125
0 0.52294921875 0.70361328125 0.0634765625 0.1025390625
0 0.5419921875 0.9775390625 0.091796875 0.044921875
0 0.53759765625 0.88623046875 0.0537109375 0.1357421875
0 0.59765625 0.5888671875 0.099609375 0.087890625
0 0.6064453125 0.90185546875 0.109375 0.1103515625
0 0.61572265625 0.8046875 0.1181640625 0.109375
0 0.65869140625 0.720703125 0.1279296875 0.126953125
0 0.64013671875 0.5107421875 0.0830078125 0.0859375
0 0.70556640625 0.32666015625 0.0810546875 0.0576171875
0 0.74755859375 0.65234375 0.1103515625 0.1171875
0 0.73779296875 0.154296875 0.0849609375 0.08203125
0 0.74560546875 0.560546875 0.0673828125 0.044921875
0 0.77880859375 0.48681640625 0.0400390625 0.0322265625
0 0.8193359375 0.92333984375 0.06640625 0.0986328125
0 0.888671875 0.7529296875 0.171875 0.189453125
0 0.81982421875 0.7001953125 0.0224609375 0.021484375
0 0.84033203125 0.650390625 0.0556640625 0.056640625
0 0.89453125 0.9072265625 0.083984375 0.078125
0 0.88037109375 0.96533203125 0.0361328125 0.0341796875
0 0.9521484375 0.80615234375 0.05859375 0.0615234375
0 0.97216796875 0.9208984375 0.0498046875 0.05859375
0 0.990234375 0.83642578125 0.01953125 0.0478515625
