0 0.08837890625 0.67041015625 0.0771484375 0.0888671875
0 0.2275390625 0.6650390625 0.09375 0.087890625
0 0.5478515625 0.52783203125 0.1328125 0.1279296875
0 0.763671875 0.56396484375 0.052734375 0.0517578125
0 0.91943359375 0.5576171875 0.0263671875 0.0546875
0 0.4521484375 0.55712890625 0.037109375 0.0517578125
0 0.34521484375 0.51904296875 0.1572265625 0.1083984375
0 0.880859375 0.5234375 0.06640625 0.095703125
0 0.17333984375 0.5126953125 0.1767578125 0.09765625
0 0.640625 0.49755859375 0.037109375 0.0498046875
0 0.82080078125 0.47265625 0.0751953125 0.080078125
0 0.06591796875 0.44921875 0.1083984375 0.103515625
0 0.00390625 0.45263671875 0.0078125 0.0361328125
0 0.44091796875 0.41650390625 0.0966796875 0.1064453125
0 0.11572265625 0.33740234375 0.1220703125 0.1123046875
0 0.78369140625 0.3583984375 0.0439453125 0.064453125
0 0.03515625 0.31298828125 0.0703125 0.0556640625
0 0.41748046875 0.22802734375 0.1826171875 0.1337890625
0 0.58154296875 0.2177734375 0.1298828125 0.134765625
0 0.11767578125 0.22265625 0.1123046875 0.103515625
0 0.03466796875 0.23046875 0.0693359375 0.060546875
0 0.908203125 0.20751953125 0.052734375 0.0498046875
0 0.48583984375 0.09619140625 0.3173828125 0.1923828125
0 0.02685546875 0.15966796875 0.0537109375 0.0654296875
0 0.1064453125 0.083984375 0.072265625 0.076171875
0 0.03662109375 0.06005859375 0.0732421875 0.0966796875
0 0.32568359375 0.0537109375 0.0634765625 0.107421875
0 0.24072265625 0.04736328125 0.1103515625 0.0947265625
0 0.890625 0.03125 0.0546875 0.0625
0 0.125 0.01806640625 0.08984375 0.0361328125
