0 0.921875 0.9287500000000002 0.15625 0.1424999999999999
0 0.940625 0.8268749999999999 0.11875 0.16124999999999998
0 0.8387499999999999 0.075 0.24749999999999997 0.15
0 0.8887499999999999 0.64 0.02250000000000014 0.022499999999999964
0 0.8431249999999999 0.969375 0.10374999999999997 0.06125000000000007
0 0.745625 0.8243749999999999 0.1862499999999999 0.1362499999999999
0 0.716875 0.7050000000000001 0.20875000000000005 0.16000000000000006
0 0.7150000000000001 0.9443750000000002 0.15750000000000003 0.11124999999999989
0 0.701875 0.56875 0.016249999999999966 0.014999999999999947
0 0.60375 0.9949999999999999 0.1825000000000001 0.009999999999999964
0 0.54375 0.686875 0.1125 0.18625000000000008
0 0.5606249999999999 0.504375 0.026250000000000016 0.028749999999999963
0 0.5 0.89125 0.13499999999999995 0.20749999999999993
0 0.40249999999999997 0.971875 0.1875 0.05625
0 0.388125 0.6518750000000001 0.18624999999999997 0.28625
0 0.4 0.8768750000000001 0.09250000000000003 0.09625000000000003
0 0.2881250000000001 0.8300000000000001 0.15875000000000009 0.15999999999999998
0 0.253125 0.57125 0.0712499999999999 0.08499999999999996
0 0.22999999999999998 0.9243750000000001 0.07249999999999998 0.08874999999999993
0 0.16312500000000002 0.9506249999999999 0.16875000000000007 0.09875000000000007
0 0.09875 0.9824999999999999 0.1975 0.03499999999999996
0 0.16499999999999998 0.6 0.05999999999999994 0.05499999999999998
