0 0.920625 0.9912500000000002 0.06125000000000007 0.017499999999999894
0 0.625625 0.95 0.09874999999999998 0.09500000000000011
0 0.9574999999999999 0.96 0.06500000000000003 0.0625
0 0.1087499999999999 0.9212499999999999 0.1299999999999999 0.1200000000000001
0 0.29625 0.9012499999999999 0.12749999999999995 0.054999999999999896
0 0.9793749999999999 0.865 0.04124999999999997 0.05
0 0.705 0.8368749999999998 0.07249999999999997 0.06375000000000011
0 0.99875 0.8300000000000001 0.002499999999999858 0.017499999999999894
0 0.645 0.8162499999999999 0.08749999999999983 0.04499999999999993
0 0.6881250000000001 0.729375 0.11124999999999989 0.1012500000000001
0 0.714375 0.37312500000000004 0.57125 0.7462500000000001
0 0.36624999999999996 0.615625 0.10500000000000002 0.23125
0 0.0006249999999999867 0.4643750000000001 0.0012499999999999734 0.05625
0 0.03625000000000006 0.4575 0.04750000000000021 0.06500000000000003
0 0.32625000000000004 0.45625 0.06500000000000009 0.057499999999999926
0 0.10312499999999995 0.440625 0.05625000000000002 0.05125000000000002
0 0.16499999999999998 0.366875 0.09999999999999995 0.061249999999999895
0 0.24187500000000006 0.283125 0.0987499999999999 0.13875
0 0.31687499999999996 0.268125 0.06625000000000006 0.07625000000000001
0 0.9487500000000001 0.07187500000000002 0.10250000000000004 0.14375000000000004
0 0.052499999999999936 0.06187500000000001 0.0525000000000001 0.06374999999999997
0 0.2612500000000001 0.03687500000000005 0.23500000000000001 0.0737500000000001
0 0.14687499999999998 0.015000000000000013 0.06125000000000003 0.030000000000000027
0 0.32125 0.013124999999999942 0.03500000000000005 0.026249999999999885
