0 0.6737500000000001 0.05437499999999999 0.18 0.10874999999999999
0 0.04937500000000006 0.09 0.09875000000000012 0.18
0 0.38625000000000004 0.0725 0.16000000000000006 0.145
0 0.25187499999999996 0.025 0.06374999999999997 0.045
0 0.175 0.07062500000000001 0.11999999999999997 0.12625000000000003
0 0.9225000000000001 0.079375 0.08750000000000017 0.12875
0 0.525 0.09312500000000001 0.07749999999999994 0.07125000000000001
0 0.755 0.203125 0.2799999999999999 0.22624999999999998
0 0.52375 0.14875 0.04249999999999998 0.04500000000000002
0 0.14312500000000006 0.230625 0.16874999999999996 0.18124999999999997
0 0.335625 0.21125 0.09124999999999997 0.07250000000000001
0 0.94375 0.270625 0.10500000000000007 0.10625
0 0.9581250000000001 0.3075 0.08375000000000003 0.14749999999999996
0 0.5431250000000001 0.2975 0.09375000000000008 0.08500000000000005
0 0.496875 0.38625 0.07874999999999996 0.075
0 0.73625 0.503125 0.3475 0.24375
0 0.3175 0.46312499999999995 0.13250000000000006 0.11375000000000002
0 0.12125000000000008 0.47562499999999996 0.10749999999999993 0.13374999999999995
0 0.32437499999999997 0.5449999999999999 0.043749999999999956 0.03749999999999991
0 0.1256250000000001 0.5731249999999999 0.03624999999999989 0.03374999999999995
0 0.34624999999999995 0.6018749999999999 0.0625 0.061249999999999895
0 0.47437500000000005 0.6925000000000001 0.08874999999999993 0.1750000000000001
0 0.6668749999999999 0.765625 0.3437499999999999 0.30625
0 0.9981249999999999 0.7618750000000001 0.0037499999999999643 0.10124999999999992
0 0.9112500000000001 0.875625 0.17750000000000005 0.24875000000000008
0 0.41625000000000006 0.795 0.04000000000000008 0.047499999999999966
0 0.46687500000000004 0.8524999999999998 0.07874999999999996 0.12750000000000003
0 0.853125 0.8425 0.046250000000000034 0.0825000000000001
0 0.516875 0.945 0.06624999999999996 0.0700000000000001
