0 0.007500000000000007 0.9568750000000001 0.015000000000000013 0.0862499999999999
0 0.013124999999999942 0.8006249999999999 0.026249999999999885 0.1537499999999999
0 0.04437499999999994 0.485 0.08874999999999988 0.06499999999999995
0 0.08437499999999998 0.936875 0.12124999999999986 0.12624999999999992
0 0.08625 0.804375 0.07000000000000017 0.09625000000000003
0 0.07812500000000006 0.14749999999999996 0.04625000000000001 0.04000000000000026
0 0.188125 0.49812500000000004 0.06624999999999992 0.061249999999999895
0 0.225 0.27375 0.07499999999999996 0.07750000000000004
0 0.29562499999999997 0.03312499999999996 0.10875000000000004 0.06624999999999992
0 0.338125 0.20250000000000007 0.07374999999999998 0.06999999999999995
0 0.3875 0.7025 0.14000000000000004 0.15749999999999992
0 0.414375 0.020625000000000004 0.14374999999999996 0.04125000000000001
0 0.471875 0.859375 0.12124999999999994 0.11625000000000014
0 0.5181250000000001 0.465 0.20375000000000004 0.16749999999999998
0 0.51625 0.708125 0.12999999999999998 0.16375000000000012
0 0.5075000000000001 0.18812500000000004 0.07750000000000004 0.05374999999999983
0 0.578125 0.022500000000000075 0.11875 0.04500000000000015
0 0.734375 0.693125 0.36875 0.2237499999999999
0 0.64625 0.323125 0.0625 0.053749999999999964
0 0.7125 0.999375 0.12749999999999995 0.001249999999999929
0 0.7393750000000001 0.019374999999999976 0.14125000000000015 0.03874999999999995
0 0.859375 0.11999999999999993 0.06875 0.04750000000000021
0 0.8787500000000001 0.4856249999999999 0.08499999999999996 0.06375000000000001
0 0.9106250000000001 0.2725 0.07624999999999993 0.07999999999999999
0 0.960625 0.459375 0.07874999999999996 0.07625000000000001
0 0.9724999999999999 0.7068749999999999 0.05500000000000007 0.20124999999999993
0 0.9737500000000001 0.9600000000000002 0.05250000000000003 0.07999999999999989
0 0.9862500000000001 0.39249999999999996 0.027500000000000035 0.09249999999999999
0 0.9862500000000001 0.29062499999999997 0.027500000000000035 0.08875000000000002
