0 0.16562500000000002 0.10374999999999998 0.32875 0.20749999999999996
0 0.50125 0.078125 0.10250000000000004 0.15625
0 0.275 0.275625 0.17750000000000002 0.17375000000000002
0 0.49874999999999997 0.35875 0.22749999999999998 0.3075
0 0.778125 0.35250000000000004 0.19624999999999987 0.21250000000000005
0 0.14250000000000002 0.380625 0.1125 0.15125000000000002
0 0.33812499999999995 0.48125 0.14375 0.15249999999999994
0 0.56125 0.684375 0.13999999999999996 0.24375
0 0.396875 0.659375 0.14624999999999994 0.19125000000000006
0 0.26625 0.691875 0.2125 0.20124999999999993
0 0.074375 0.68125 0.14875 0.15249999999999994
0 0.9256249999999999 0.72 0.14875000000000008 0.16749999999999998
0 0.2325 0.8706250000000001 0.2575 0.25875000000000004
0 0.06625 0.8331250000000001 0.10999999999999999 0.13375000000000004
0 0.44875 0.8699999999999999 0.16999999999999993 0.18749999999999992
