0 0.39187500000000003 0.8881249999999999 0.11374999999999998 0.09875000000000007
0 0.39875 0.71 0.11249999999999996 0.12000000000000002
0 0.5743750000000001 0.3 0.16375 0.17000000000000007
0 0.528125 0.028749999999999942 0.06625000000000006 0.057499999999999885
0 0.536875 0.4225 0.06624999999999988 0.04750000000000001
0 0.5856250000000001 0.559375 0.1387500000000001 0.20125
0 0.59375 0.7793749999999999 0.125 0.22624999999999992
0 0.6131249999999999 0.18124999999999997 0.06375000000000001 0.04750000000000001
0 0.675 0.9168749999999999 0.13249999999999992 0.13874999999999993
0 0.670625 0.9956250000000001 0.046250000000000034 0.008750000000000036
0 0.7168750000000002 0.436875 0.13624999999999998 0.12375000000000007
0 0.818125 0.853125 0.1437500000000001 0.15625
0 0.79125 0.013124999999999942 0.08249999999999993 0.026249999999999885
0 0.8493749999999999 0.9556250000000001 0.07125000000000004 0.08874999999999993
0 0.93625 0.46687500000000004 0.12749999999999986 0.23375000000000004
0 0.9425000000000001 0.25687499999999996 0.11500000000000003 0.16625000000000023
0 0.9493750000000001 0.850625 0.10124999999999992 0.1437499999999999
0 0.9550000000000001 0.95625 0.07750000000000004 0.0875
