0 0.14500000000000002 0.17875 0.24249999999999988 0.3575
0 0.12187500000000004 0.4125 0.18624999999999978 0.19499999999999998
0 0.545625 0.48875 0.08624999999999998 0.11500000000000003
0 0.9887499999999999 0.563125 0.022499999999999964 0.19624999999999995
0 0.09500000000000003 0.6518749999999999 0.16749999999999987 0.29874999999999996
0 0.1875 0.7212500000000001 0.13999999999999987 0.15750000000000003
0 0.32062500000000005 0.7543749999999999 0.1687500000000001 0.14125000000000004
0 0.4625 0.72 0.040000000000000036 0.047499999999999966
0 0.45812500000000006 0.8012499999999999 0.07875000000000006 0.09249999999999999
0 0.339375 0.8949999999999999 0.15625 0.20999999999999996
0 0.90625 0.871875 0.11499999999999985 0.11625000000000014
0 0.67625 0.940625 0.12249999999999997 0.11875
0 0.531875 0.9493750000000001 0.21625000000000005 0.10124999999999992
0 0.05437500000000001 0.971875 0.10875000000000001 0.05625
