0 0.09999999999999998 0.015 0.0625 0.03
0 0.01749999999999996 0.0475 0.03499999999999992 0.095
0 0.7143750000000001 0.01625 0.018749999999999913 0.0325
0 0.08375000000000016 0.08 0.10999999999999999 0.1275
0 0.8456250000000001 0.05 0.05124999999999993 0.0375
0 0.7887500000000001 0.14875 0.07500000000000018 0.0975
0 0.9175000000000001 0.22562499999999996 0.11250000000000018 0.14374999999999996
0 0.746875 0.22374999999999998 0.08625000000000008 0.08499999999999996
0 0.381875 0.505 0.06874999999999991 0.13250000000000012
0 0.48 0.49124999999999996 0.08749999999999983 0.08750000000000009
0 0.7325 0.5675 0.1700000000000001 0.20250000000000004
0 0.205625 0.501875 0.036249999999999984 0.028749999999999963
0 0.891875 0.594375 0.14625000000000005 0.16875
0 0.47750000000000004 0.6025 0.15000000000000008 0.11500000000000003
0 0.19437499999999996 0.57625 0.02375000000000016 0.05250000000000003
0 0.14375 0.6075000000000002 0.03749999999999998 0.02999999999999998
0 0.18937500000000002 0.634375 0.016249999999999987 0.03374999999999995
0 0.3637499999999999 0.6893750000000001 0.0875 0.1062500000000001
0 0.47375 0.7324999999999999 0.08499999999999996 0.0750000000000001
0 0.19125 0.713125 0.019999999999999997 0.036250000000000074
0 0.6849999999999999 0.7743749999999999 0.0875 0.10875000000000004
0 0.57 0.7675 0.05499999999999998 0.05999999999999996
0 0.81875 0.8168749999999999 0.13500000000000015 0.1362499999999999
0 0.078125 0.7931250000000001 0.07624999999999993 0.08625000000000008
0 0.36 0.8099999999999999 0.09000000000000012 0.09249999999999999
0 0.6743750000000001 0.88125 0.16374999999999992 0.13500000000000015
0 0.58375 0.8649999999999999 0.08250000000000002 0.09000000000000004
0 0.03437499999999999 0.8425 0.06874999999999998 0.04249999999999989
0 0.46875 0.8756250000000001 0.12999999999999998 0.056250000000000175
0 0.969375 0.9306249999999998 0.06125000000000007 0.1387500000000001
0 0.843125 0.9412499999999999 0.22625 0.11750000000000008
0 0.42562500000000003 0.9118749999999999 0.04124999999999997 0.05875000000000004
0 0.33125 0.9775 0.01749999999999994 0.03249999999999993
0 0.750625 0.9881249999999999 0.11374999999999993 0.02375000000000007
0 0.13437499999999997 0.9981249999999999 0.028750000000000164 0.0037499999999999643
