0 0.601875 0.138125 0.09874999999999998 0.14625
0 0.54375 0.29124999999999995 0.12249999999999997 0.13249999999999998
0 0.33875 0.3 0.09999999999999995 0.11499999999999999
0 0.146875 0.4125 0.12874999999999998 0.15
0 0.9287500000000002 0.499375 0.1424999999999999 0.25125
0 0.08687500000000001 0.515 0.11624999999999999 0.10750000000000001
0 0.17687500000000003 0.646875 0.11375000000000005 0.13125
0 0.6900000000000001 0.71 0.20249999999999996 0.22750000000000012
0 0.12250000000000001 0.8993749999999998 0.18250000000000002 0.19124999999999998
0 0.33999999999999997 0.8887499999999999 0.09000000000000004 0.13499999999999995
0 0.6900000000000001 0.9887499999999999 0.0875 0.022499999999999964
0 0.57125 0.9981249999999999 0.15999999999999998 0.0037499999999999643
