0 0.025625 0.38 0.05125 0.06499999999999995
0 0.05375 0.845 0.1075 0.15250000000000002
0 0.04875 0.6993750000000001 0.06999999999999999 0.09625000000000003
0 0.040625 0.04249999999999998 0.04624999999999999 0.040000000000000036
0 0.15062499999999998 0.39312500000000006 0.06625 0.061249999999999936
0 0.1875 0.16875000000000007 0.075 0.0774999999999999
0 0.300625 0.09749999999999998 0.07375000000000002 0.06999999999999995
0 0.35 0.5974999999999999 0.13999999999999999 0.15750000000000003
0 0.434375 0.754375 0.12125 0.11624999999999996
0 0.480625 0.36 0.20375000000000004 0.16749999999999998
0 0.47874999999999995 0.603125 0.12999999999999998 0.16375
0 0.47000000000000003 0.083125 0.07750000000000004 0.053749999999999964
0 0.696875 0.588125 0.36875 0.22375000000000006
0 0.60875 0.21812499999999996 0.0625 0.053750000000000096
0 0.675 0.946875 0.12750000000000003 0.10625
0 0.8081250000000001 0.990625 0.14874999999999988 0.01875
0 0.821875 0.019374999999999976 0.06875 0.03874999999999995
0 0.8412499999999999 0.380625 0.08500000000000005 0.06375000000000001
0 0.8731249999999999 0.16749999999999993 0.07625000000000011 0.08000000000000018
0 0.9418749999999999 0.354375 0.11624999999999996 0.07624999999999993
0 0.95375 0.6018749999999999 0.09250000000000007 0.2012500000000001
0 0.9550000000000001 0.865625 0.09000000000000004 0.1012500000000001
0 0.9675 0.2875 0.06499999999999986 0.09250000000000003
0 0.9675 0.18562499999999998 0.06499999999999986 0.08875
0 0.9893750000000001 0.08625 0.021250000000000036 0.10750000000000004
