0 0.591875 0.05500000000000001 0.16624999999999995 0.11000000000000001
0 0.51875 0.244375 0.34249999999999997 0.23625
0 0.15625 0.20625 0.1375 0.145
0 0.311875 0.305 0.08125 0.14000000000000004
0 0.20125 0.29500000000000004 0.1025 0.08750000000000005
0 0.71375 0.394375 0.0625 0.08124999999999996
0 0.23875000000000002 0.45375 0.1025 0.10749999999999993
0 0.0175 0.425625 0.035 0.04375
0 0.01625 0.488125 0.0325 0.06375000000000001
0 0.728125 0.55625 0.18874999999999992 0.2
0 0.04 0.7175 0.08 0.37250000000000016
0 0.2575 0.599375 0.14750000000000002 0.11375000000000002
0 0.05625 0.6387500000000002 0.0925 0.09500000000000001
0 0.215625 0.6381249999999999 0.033750000000000016 0.05625
0 0.27937500000000004 0.688125 0.04624999999999999 0.03875000000000002
0 0.23125 0.73 0.12 0.1049999999999999
0 0.063125 0.766875 0.09625 0.10375000000000005
0 0.138125 0.7787499999999999 0.04624999999999999 0.04250000000000007
0 0.026250000000000002 0.7975 0.025 0.022500000000000055
