0 0.79736328125 0.03173828125 0.0908203125 0.0634765625
0 0.66357421875 0.0361328125 0.1201171875 0.072265625
0 0.43115234375 0.01220703125 0.0498046875 0.0244140625
0 0.4169921875 0.06787109375 0.05078125 0.1064453125
0 0.7802734375 0.11767578125 0.119140625 0.0947265625
0 0.66650390625 0.119140625 0.0751953125 0.0546875
0 0.1533203125 0.11279296875 0.03125 0.0361328125
0 0.42724609375 0.19873046875 0.0478515625 0.0517578125
0 0.251953125 0.2275390625 0.060546875 0.05859375
0 0.9267578125 0.2578125 0.05078125 0.060546875
0 0.04736328125 0.28271484375 0.0849609375 0.0849609375
0 0.1962890625 0.31591796875 0.0546875 0.0576171875
0 0.5869140625 0.3544921875 0.123046875 0.109375
0 0.03515625 0.37548828125 0.0703125 0.1123046875
0 0.70947265625 0.42041015625 0.0908203125 0.0947265625
0 0.93701171875 0.40625 0.0537109375 0.05859375
0 0.4013671875 0.45654296875 0.130859375 0.1591796875
0 0.59130859375 0.455078125 0.1279296875 0.1015625
0 0.18505859375 0.4482421875 0.0419921875 0.060546875
0 0.03662109375 0.50341796875 0.0732421875 0.0927734375
0 0.96826171875 0.55224609375 0.0634765625 0.1689453125
0 0.57958984375 0.62548828125 0.1748046875 0.2880859375
0 0.29052734375 0.556640625 0.0419921875 0.048828125
0 0.861328125 0.6083984375 0.0859375 0.099609375
0 0.0341796875 0.62939453125 0.068359375 0.1103515625
0 0.99072265625 0.6650390625 0.0185546875 0.06640625
0 0.93994140625 0.71240234375 0.1064453125 0.1162109375
0 0.1318359375 0.72314453125 0.037109375 0.0537109375
0 0.41748046875 0.73828125 0.0498046875 0.06640625
0 0.2509765625 0.76318359375 0.0625 0.0595703125
0 0.39697265625 0.82373046875 0.0595703125 0.1044921875
0 0.59033203125 0.85986328125 0.1572265625 0.1396484375
0 0.79638671875 0.83447265625 0.0791015625 0.0849609375
0 0.3447265625 0.8505859375 0.072265625 0.078125
0 0.26513671875 0.8486328125 0.0693359375 0.07421875
0 0.1875 0.88134765625 0.083984375 0.0712890625
0 0.41845703125 0.89697265625 0.0654296875 0.0576171875
0 0.4013671875 0.9580078125 0.05859375 0.083984375
0 0.1875 0.974609375 0.06640625 0.05078125
0 0.34765625 0.98876953125 0.064453125 0.0224609375
0 0.2880859375 0.99365234375 0.01953125 0.0126953125
