0 0.9512499999999999 0.8306250000000001 0.09749999999999996 0.33875
0 0.840625 0.98125 0.13874999999999993 0.0375
0 0.853125 0.9324999999999999 0.10375000000000015 0.09249999999999989
0 0.8712499999999999 0.721875 0.05250000000000003 0.05625
0 0.735625 0.7175 0.23625000000000007 0.14000000000000004
0 0.6625 0.505625 0.20749999999999993 0.30125
0 0.608125 0.634375 0.13874999999999993 0.1537499999999999
0 0.6581250000000001 0.8149999999999998 0.03125 0.047499999999999966
0 0.585 0.7831249999999998 0.06749999999999998 0.061249999999999985
0 0.44312500000000005 0.654375 0.14624999999999994 0.14124999999999996
0 0.36687499999999995 0.5193749999999999 0.16625000000000006 0.17375
0 0.395 0.278125 0.08499999999999996 0.07874999999999996
0 0.2625 0.04812499999999992 0.16249999999999998 0.09624999999999984
0 0.27375 0.8068750000000001 0.13000000000000003 0.16375000000000012
0 0.15187499999999998 0.8625 0.30374999999999996 0.275
0 0.24312500000000004 0.6175 0.08375000000000003 0.09499999999999993
0 0.18562499999999998 0.990625 0.10625000000000007 0.01875
0 0.148125 0.10750000000000011 0.15875000000000006 0.09250000000000014
0 0.14124999999999993 0.7174999999999999 0.1525000000000002 0.18
0 0.12874999999999992 0.213125 0.04499999999999993 0.06875000000000009
0 0.05812499999999998 0.65 0.11624999999999996 0.11750000000000008
0 0.07500000000000001 0.16625000000000006 0.04999999999999993 0.05999999999999994
