0 0.17625 0.9100000000000001 0.3525 0.17999999999999988
0 0.025625 0.7581249999999999 0.05125 0.1387500000000001
0 0.08125 0.770625 0.09249999999999999 0.10374999999999997
0 0.291875 0.78875 0.05625000000000004 0.05249999999999986
0 0.29625 0.653125 0.13999999999999999 0.23625000000000007
0 0.5081249999999999 0.58 0.30124999999999996 0.2075000000000001
0 0.379375 0.525625 0.15375 0.13874999999999993
0 0.19875 0.5756249999999999 0.04750000000000001 0.03125
0 0.230625 0.5025000000000001 0.061249999999999985 0.06749999999999998
0 0.359375 0.360625 0.14124999999999996 0.14624999999999994
0 0.49437499999999995 0.28437500000000004 0.17375000000000007 0.16625000000000006
0 0.735625 0.3125 0.07874999999999996 0.08499999999999996
0 0.95875 0.18000000000000005 0.08249999999999993 0.16249999999999987
0 0.206875 0.19124999999999998 0.16375 0.13000000000000003
0 0.14625000000000002 0.11062499999999997 0.28500000000000003 0.22124999999999995
0 0.39625 0.16062500000000002 0.09500000000000001 0.08375000000000002
0 0.01625 0.10312500000000002 0.0325 0.10624999999999996
0 0.90625 0.07249999999999995 0.09250000000000007 0.1449999999999999
0 0.29625 0.0675 0.18 0.135
0 0.8006249999999999 0.04625000000000001 0.06875 0.04499999999999993
0 0.0025 0.026874999999999982 0.005 0.053749999999999964
0 0.36374999999999996 0.016874999999999918 0.11749999999999998 0.033749999999999836
0 0.8474999999999999 0.008749999999999925 0.05999999999999979 0.01749999999999985
