0 0.9287500000000002 0.9568750000000001 0.1424999999999999 0.0862499999999999
0 0.2925 0.9512499999999999 0.11500000000000003 0.09749999999999996
0 0.09 0.79 0.155 0.1
0 0.2225 0.725 0.05249999999999997 0.057500000000000016
0 0.8868750000000001 0.5725 0.22624999999999992 0.20750000000000002
0 0.991875 0.44625000000000004 0.016249999999999966 0.16000000000000006
0 0.42437499999999995 0.4731249999999999 0.028749999999999963 0.026250000000000016
0 0.33375 0.39999999999999997 0.057500000000000016 0.057500000000000016
0 0.05375 0.360625 0.085 0.08125000000000009
0 0.733125 0.27562499999999995 0.32125000000000004 0.2487500000000001
0 0.24625000000000002 0.30812500000000004 0.06499999999999999 0.06625000000000006
0 0.05 0.20874999999999994 0.1 0.2225
0 0.63125 0.11375000000000002 0.3449999999999999 0.22750000000000004
0 0.834375 0.13624999999999987 0.08125 0.08000000000000007
0 0.273125 0.06874999999999998 0.19625000000000004 0.13749999999999996
0 0.77625 0.08375000000000005 0.0825000000000001 0.07500000000000007
0 0.42312500000000003 0.05812499999999998 0.11625 0.11624999999999996
