0 0.11562500000000009 0.028125 0.10875000000000012 0.05625
0 0.546875 0.008125 0.02624999999999993 0.01625
0 0.960625 0.064375 0.07874999999999996 0.12875
0 0.509375 0.036875 0.03125 0.028749999999999998
0 0.10125000000000006 0.15437499999999998 0.16500000000000004 0.20124999999999998
0 0.50625 0.11499999999999999 0.057499999999999926 0.06999999999999999
0 0.31375 0.1 0.022499999999999964 0.0375
0 0.25437499999999996 0.10874999999999999 0.036249999999999984 0.034999999999999996
0 0.5662499999999999 0.135 0.06000000000000005 0.04749999999999999
0 0.6243749999999999 0.145625 0.028749999999999963 0.03125
0 0.953125 0.18687499999999999 0.09375 0.11124999999999999
0 0.24062499999999995 0.333125 0.21625000000000005 0.11624999999999996
0 0.007500000000000007 0.305625 0.015000000000000013 0.061249999999999985
0 0.07999999999999996 0.29625 0.01749999999999985 0.01499999999999999
0 0.04812499999999997 0.3125 0.026250000000000107 0.022499999999999964
0 0.45562500000000006 0.35687499999999994 0.03874999999999993 0.03874999999999997
0 0.010624999999999996 0.3775 0.02124999999999999 0.04249999999999998
0 0.073125 0.406875 0.06624999999999992 0.07124999999999995
0 0.484375 0.39499999999999996 0.033749999999999857 0.039999999999999945
0 0.22562499999999996 0.42000000000000004 0.06125000000000005 0.06999999999999998
0 0.39187500000000003 0.433125 0.046250000000000034 0.09124999999999997
0 0.015625 0.45375 0.03125 0.10000000000000009
0 0.734375 0.500625 0.04124999999999997 0.09375
0 0.80625 0.495 0.0700000000000001 0.05999999999999996
0 0.153125 0.505625 0.04375000000000007 0.021249999999999946
0 0.8881250000000002 0.5731249999999999 0.09124999999999997 0.1312500000000001
0 0.343125 0.60375 0.07374999999999998 0.09749999999999988
0 0.166875 0.6043749999999999 0.053749999999999964 0.05624999999999991
0 0.619375 0.7775000000000001 0.51125 0.35
0 0.19562499999999994 0.6956249999999999 0.10625000000000018 0.12374999999999989
0 0.0006249999999999867 0.7006249999999999 0.0012499999999999734 0.02375000000000007
0 0.03750000000000003 0.7293749999999999 0.04250000000000009 0.05624999999999991
0 0.15937499999999996 0.760625 0.18875000000000022 0.10374999999999997
0 0.27375 0.735 0.05500000000000007 0.05
0 0.31999999999999995 0.7893749999999999 0.125 0.12374999999999989
0 0.9556250000000001 0.82875 0.08874999999999993 0.175
