0 0.9443750000000002 0.21875 0.11124999999999989 0.12000000000000002
0 0.9806250000000001 0.690625 0.028749999999999786 0.03125
0 0.9024999999999999 0.69375 0.0700000000000001 0.057500000000000016
0 0.9175000000000001 0.8862500000000001 0.03750000000000018 0.022499999999999964
0 0.9087499999999998 0.945625 0.03499999999999996 0.03624999999999989
0 0.8825 0.6337499999999999 0.047499999999999966 0.05999999999999996
0 0.871875 0.5756249999999999 0.03125 0.028749999999999876
0 0.8306250000000001 0.24 0.11125000000000007 0.1075
0 0.684375 0.9256249999999999 0.11624999999999996 0.14875000000000008
0 0.6606249999999999 0.744375 0.03874999999999993 0.03875000000000002
0 0.6225 0.715625 0.040000000000000036 0.03375000000000004
0 0.5975 0.971875 0.0700000000000001 0.05625
0 0.584375 0.8081250000000001 0.09124999999999987 0.046249999999999944
0 0.516875 0.465625 0.09375 0.04124999999999997
0 0.5225000000000001 0.39375000000000004 0.05999999999999996 0.07000000000000002
0 0.44437499999999996 0.31187499999999996 0.13124999999999992 0.09125000000000001
0 0.41375 0.8568749999999999 0.0975 0.07375000000000007
0 0.23999999999999994 0.5806250000000001 0.3500000000000002 0.5112500000000001
0 0.321875 0.9756250000000002 0.12375000000000003 0.04874999999999989
0 0.25687499999999996 0.9731249999999999 0.10374999999999997 0.053749999999999964
0 0.2825 0.9262499999999999 0.050000000000000086 0.054999999999999896
0 0.228125 0.8800000000000001 0.12375000000000003 0.125
0 0.18874999999999997 0.213125 0.17500000000000007 0.15125000000000002
