0 0.09249999999999997 0.019375 0.1349999999999999 0.03875
0 0.06437499999999996 0.13999999999999999 0.12874999999999992 0.19749999999999995
0 0.159375 0.12625000000000003 0.16125 0.15000000000000002
0 0.9181249999999999 0.24375 0.16375000000000012 0.24749999999999997
0 0.34625 0.19375 0.022500000000000055 0.022499999999999985
0 0.023749999999999993 0.23937499999999998 0.04749999999999999 0.10375000000000001
0 0.161875 0.336875 0.13624999999999998 0.18624999999999997
0 0.28125 0.365625 0.15999999999999998 0.20874999999999994
0 0.04874999999999996 0.3675 0.09749999999999992 0.15749999999999992
0 0.4175000000000001 0.380625 0.014999999999999947 0.016249999999999966
0 0.29937500000000006 0.53875 0.18624999999999994 0.1124999999999999
0 0.48187499999999994 0.521875 0.028749999999999876 0.026250000000000016
0 0.09937500000000005 0.5825 0.1987500000000001 0.13499999999999995
0 0.021250000000000047 0.68 0.04250000000000009 0.1875
0 0.334375 0.694375 0.2862500000000001 0.18625000000000008
0 0.109375 0.6824999999999999 0.09624999999999995 0.09249999999999999
0 0.15625000000000006 0.7943749999999999 0.15999999999999984 0.1587500000000001
0 0.41500000000000004 0.829375 0.08499999999999996 0.07125000000000004
0 0.0618749999999999 0.8525 0.0887500000000001 0.07250000000000015
0 0.04249999999999998 0.9175000000000001 0.08499999999999996 0.16500000000000004
0 0.010624999999999996 0.9425000000000001 0.02124999999999999 0.11500000000000003
0 0.38625 0.9175000000000001 0.054999999999999896 0.05999999999999996
