0 0.63875 0.983125 0.15250000000000002 0.033749999999999857
0 0.50125 0.9949999999999999 0.0674999999999999 0.009999999999999964
0 0.27312499999999995 0.9668749999999999 0.14625 0.06624999999999996
0 0.680625 0.8487500000000001 0.4387499999999999 0.3000000000000001
0 0.9443750000000002 0.7518750000000001 0.11124999999999989 0.19624999999999995
0 0.8300000000000001 0.6368750000000001 0.13499999999999995 0.13875
0 0.7325000000000002 0.6493749999999999 0.09249999999999999 0.10374999999999997
0 0.521875 0.6675 0.05625 0.05250000000000003
0 0.5175 0.531875 0.14000000000000004 0.23625000000000007
0 0.93625 0.540625 0.12749999999999986 0.14875
0 0.30562500000000004 0.45875000000000005 0.30124999999999996 0.20750000000000002
0 0.434375 0.40437499999999993 0.15374999999999997 0.13875
0 0.615 0.4543749999999999 0.047499999999999966 0.03125
0 0.5831250000000001 0.38125000000000003 0.061249999999999985 0.06749999999999998
0 0.45437500000000003 0.23937499999999998 0.14124999999999996 0.14625
0 0.319375 0.1631249999999999 0.17375 0.1662500000000001
0 0.078125 0.19125000000000006 0.0787500000000001 0.08499999999999999
0 0.6068749999999999 0.07000000000000006 0.16374999999999992 0.1299999999999999
0 0.6675000000000001 0.04999999999999999 0.28500000000000014 0.09999999999999998
0 0.4175 0.04062500000000002 0.09499999999999993 0.08125000000000004
0 0.821875 0.01749999999999996 0.08125 0.03499999999999992
0 0.5175 0.0068750000000000755 0.17999999999999988 0.013750000000000151
0 0.9625 0.004375000000000018 0.075 0.008750000000000036
