0 0.9637499999999999 0.96125 0.07249999999999997 0.07750000000000004
0 0.8143750000000001 0.9556250000000001 0.15374999999999997 0.08874999999999993
0 0.516875 0.9862500000000001 0.06375000000000001 0.027500000000000035
0 0.4987500000000001 0.9168749999999999 0.06499999999999995 0.1362499999999999
0 0.94375 0.853125 0.1125 0.12125000000000012
0 0.818125 0.85125 0.09624999999999995 0.0700000000000001
0 0.16125 0.859375 0.040000000000000036 0.046250000000000215
0 0.5118750000000001 0.749375 0.061249999999999985 0.06624999999999988
0 0.2875 0.7125 0.07749999999999999 0.075
0 0.039999999999999925 0.641875 0.07999999999999985 0.10875000000000004
0 0.21625 0.599375 0.06999999999999995 0.07374999999999998
0 0.7162499999999999 0.55 0.15750000000000003 0.14000000000000004
0 0.027500000000000024 0.523125 0.05500000000000005 0.1437499999999999
0 0.8731249999999999 0.465625 0.11625000000000014 0.12124999999999994
0 0.47874999999999995 0.41937499999999994 0.16749999999999998 0.20375000000000004
0 0.721875 0.42124999999999996 0.16374999999999992 0.13000000000000003
0 0.20187500000000003 0.43 0.053749999999999964 0.07750000000000004
0 0.02937500000000004 0.359375 0.05875000000000008 0.11874999999999995
0 0.7068749999999999 0.203125 0.22375000000000006 0.3687499999999999
0 0.33687500000000004 0.29125 0.053749999999999964 0.0625
0 0.026249999999999996 0.19812499999999994 0.05249999999999999 0.1412500000000002
0 0.13374999999999998 0.078125 0.04749999999999999 0.06875000000000009
0 0.499375 0.05874999999999997 0.06374999999999993 0.08499999999999996
0 0.28625 0.03249999999999992 0.08000000000000007 0.06499999999999984
0 0.473125 0.008124999999999993 0.07624999999999993 0.016249999999999987
