0 0.03937499999999999 0.6487499999999999 0.07874999999999999 0.23499999999999996
0 0.12624999999999997 0.6668749999999999 0.0625 0.08874999999999984
0 0.18062500000000004 0.610625 0.09375 0.13375000000000004
0 0.725 0.5900000000000001 0.1325 0.1125
0 0.568125 0.57875 0.10375000000000005 0.11000000000000014
0 0.89375 0.575625 0.11000000000000014 0.1137500000000001
0 0.38312500000000005 0.568125 0.14624999999999994 0.12875000000000014
0 0.09937500000000016 0.54375 0.07874999999999999 0.09249999999999999
0 0.020000000000000018 0.495 0.040000000000000036 0.0674999999999999
0 0.3625 0.438125 0.20250000000000004 0.16625000000000006
0 0.23812499999999998 0.381875 0.13124999999999998 0.0812499999999999
0 0.04562500000000008 0.363125 0.09125000000000016 0.06875
0 0.385 0.28625 0.11250000000000009 0.12749999999999995
0 0.027500000000000024 0.275 0.05500000000000005 0.13999999999999999
0 0.10874999999999994 0.263125 0.14 0.15125000000000002
0 0.21624999999999997 0.20812499999999998 0.16249999999999995 0.16375000000000006
0 0.485 0.231875 0.10999999999999988 0.1062500000000001
0 0.7206250000000001 0.1481249999999999 0.07375000000000007 0.10375000000000012
0 0.3037500000000001 0.09437500000000004 0.15000000000000005 0.14125
0 0.9412500000000001 0.10687500000000005 0.1049999999999999 0.10875000000000012
0 0.42125 0.09687499999999999 0.057500000000000016 0.08625000000000005
0 0.515625 0.05437500000000001 0.04124999999999997 0.051249999999999685
0 0.009999999999999953 0.022500000000000075 0.019999999999999907 0.04500000000000015
0 0.175 0.011875000000000024 0.24250000000000008 0.02375000000000005
0 0.2425 0.008124999999999993 0.02749999999999999 0.016249999999999987
0 0.30625 0.005625000000000047 0.07250000000000001 0.011250000000000093
