0 0.843125 0.9949999999999999 0.11624999999999988 0.009999999999999964
0 0.671875 0.9893750000000001 0.15375000000000014 0.021250000000000036
0 0.35625 0.9581250000000001 0.06500000000000003 0.08375000000000003
0 0.82125 0.920625 0.15249999999999994 0.12125000000000004
0 0.6756249999999999 0.91875 0.09625000000000003 0.06999999999999992
0 0.019374999999999976 0.9268750000000001 0.03874999999999995 0.04624999999999986
0 0.369375 0.8168749999999999 0.061249999999999985 0.06625000000000006
0 0.14500000000000002 0.78 0.07750000000000012 0.07500000000000018
0 0.9881249999999999 0.7412500000000001 0.02375000000000007 0.07750000000000004
0 0.07374999999999998 0.6668749999999999 0.07000000000000006 0.07374999999999998
0 0.5737500000000001 0.6174999999999999 0.15750000000000003 0.14000000000000004
0 0.7306250000000001 0.5331250000000001 0.11625000000000014 0.12124999999999994
0 0.99375 0.55125 0.0125 0.075
0 0.33625 0.48687500000000006 0.16750000000000007 0.20375000000000001
0 0.579375 0.48875 0.16374999999999992 0.13000000000000006
0 0.05937500000000001 0.49749999999999994 0.053750000000000075 0.07749999999999994
0 0.5643750000000001 0.270625 0.22374999999999998 0.3687499999999999
0 0.19437500000000002 0.35875 0.05374999999999985 0.0625
0 0.925 0.2925 0.11000000000000014 0.12749999999999995
0 0.97875 0.159375 0.04250000000000007 0.14875000000000008
0 0.007500000000000007 0.14562499999999995 0.015000000000000013 0.0687500000000002
0 0.35687499999999994 0.12624999999999997 0.06375000000000006 0.08499999999999996
0 0.14375000000000004 0.09437499999999999 0.08000000000000007 0.07624999999999993
0 0.330625 0.041874999999999996 0.07625000000000001 0.08374999999999999
0 0.578125 0.030000000000000082 0.20124999999999993 0.060000000000000164
0 0.8418749999999999 0.028749999999999942 0.10124999999999992 0.057499999999999885
0 0.26375000000000004 0.016249999999999987 0.09250000000000003 0.03249999999999997
0 0.16187500000000005 0.016249999999999987 0.08875 0.03249999999999997
