0 0.5037499999999999 0.953125 0.175 0.09375
0 0.24937499999999999 0.974375 0.09624999999999995 0.05124999999999993
0 0.7025 0.9724999999999999 0.10250000000000004 0.05500000000000007
0 0.30624999999999997 0.923125 0.09750000000000006 0.06624999999999996
0 0.009999999999999953 0.9225000000000001 0.019999999999999907 0.037499999999999825
0 0.70625 0.776875 0.555 0.26625
0 0.19125000000000003 0.740625 0.12249999999999983 0.12375000000000007
0 0.36500000000000005 0.719375 0.13000000000000003 0.13624999999999998
0 0.9506249999999999 0.653125 0.09875000000000007 0.22375000000000006
0 0.65 0.6512499999999999 0.06750000000000007 0.02999999999999998
0 0.18687500000000007 0.6 0.10124999999999995 0.11000000000000006
0 0.7262500000000001 0.615625 0.06500000000000003 0.04375
0 0.31187499999999996 0.56125 0.11875 0.1200000000000001
0 0.9643750000000001 0.5818749999999999 0.03125 0.028750000000000053
0 0.943125 0.445625 0.05874999999999986 0.05625
0 0.28812499999999996 0.395625 0.09375 0.11624999999999996
0 0.8331250000000001 0.42687500000000006 0.021250000000000036 0.05125000000000002
0 0.43499999999999994 0.31 0.205 0.14750000000000005
0 0.9243750000000001 0.35750000000000004 0.02624999999999993 0.030000000000000027
0 0.1206250000000001 0.353125 0.036250000000000115 0.02124999999999999
0 0.12562499999999993 0.2875 0.06624999999999981 0.07000000000000006
0 0.9775 0.3 0.0375 0.025
0 0.24624999999999994 0.19562500000000005 0.21750000000000003 0.19374999999999987
0 0.641875 0.226875 0.05875000000000004 0.053750000000000096
0 0.9475000000000001 0.234375 0.027500000000000035 0.03374999999999995
0 0.51875 0.184375 0.175 0.09875000000000003
0 0.15749999999999992 0.16812500000000002 0.03249999999999986 0.03375000000000028
0 0.181875 0.14312499999999984 0.03875000000000004 0.03125
0 0.40437500000000004 0.11749999999999998 0.07875000000000001 0.05999999999999994
0 0.125 0.1025 0.03750000000000009 0.05999999999999994
0 0.6081249999999999 0.06500000000000006 0.22374999999999998 0.13000000000000012
0 0.275625 0.04062500000000002 0.15625 0.08125000000000004
