0 0.8550000000000001 0.834375 0.24249999999999988 0.33125
0 0.878125 0.6137499999999999 0.1862499999999998 0.19499999999999992
0 0.4543749999999999 0.5375 0.08624999999999998 0.11499999999999995
0 0.01125 0.46312500000000006 0.0225 0.1962500000000001
0 0.905 0.37437499999999996 0.1674999999999999 0.2987499999999999
0 0.8125 0.305 0.13999999999999985 0.1575000000000001
0 0.679375 0.271875 0.1687500000000001 0.14125000000000001
0 0.5375 0.30625 0.040000000000000036 0.04750000000000001
0 0.5418749999999999 0.225 0.07875000000000006 0.09250000000000003
0 0.660625 0.1275 0.15625 0.21749999999999994
0 0.09375 0.15437499999999993 0.11499999999999999 0.11625000000000016
0 0.32375 0.07249999999999995 0.12250000000000001 0.1449999999999999
0 0.468125 0.06374999999999992 0.21625000000000005 0.12749999999999984
0 0.945625 0.04124999999999995 0.10875000000000004 0.0824999999999999
