0 0.60625 0.9925 0.1325 0.015000000000000036
0 0.64125 0.9637499999999999 0.11749999999999998 0.07249999999999997
0 0.546875 0.905625 0.14625000000000005 0.12375000000000007
0 0.6475 0.8568750000000002 0.10749999999999993 0.1262500000000001
0 0.003124999999999989 0.838125 0.006249999999999978 0.11125000000000007
0 0.16062499999999993 0.82875 0.12875000000000017 0.09749999999999978
0 0.5443749999999999 0.773125 0.22874999999999987 0.19374999999999992
0 0.40750000000000003 0.826875 0.07750000000000004 0.08374999999999995
0 0.721875 0.775625 0.11124999999999999 0.13874999999999993
0 0.898125 0.703125 0.20374999999999996 0.20874999999999994
0 0.36624999999999996 0.72125 0.125 0.1450000000000001
0 0.07687500000000008 0.703125 0.15375000000000016 0.14875
0 0.22187500000000004 0.6987500000000001 0.12124999999999986 0.15249999999999994
0 0.680625 0.5125 0.19374999999999992 0.18999999999999995
0 0.58125 0.55625 0.06750000000000007 0.09749999999999988
0 0.433125 0.5037499999999999 0.06374999999999993 0.09249999999999999
0 0.05999999999999994 0.38687499999999997 0.10249999999999981 0.13624999999999998
0 0.39 0.40124999999999994 0.07250000000000001 0.10499999999999998
0 0.27187500000000003 0.355625 0.11124999999999999 0.11875
0 0.788125 0.2775 0.28874999999999995 0.24499999999999997
0 0.15500000000000008 0.2350000000000001 0.18999999999999984 0.1924999999999999
0 0.294375 0.258125 0.05874999999999995 0.07625000000000007
0 0.9706250000000001 0.19625000000000004 0.05875000000000004 0.09250000000000005
0 0.9318750000000001 0.16624999999999995 0.10374999999999997 0.1050000000000001
0 0.380625 0.09562500000000002 0.10125000000000002 0.13624999999999987
0 0.48624999999999996 0.08062500000000006 0.16999999999999993 0.16125000000000012
0 0.684375 0.036250000000000004 0.25875000000000004 0.07250000000000001
0 0.5731249999999999 0.06312499999999999 0.0012500000000000178 0.0012499999999999734
0 0.95 0.023125000000000007 0.1 0.04625000000000001
0 0.845 0.011249999999999982 0.10499999999999998 0.022499999999999964
