0 0.05249999999999999 0.014375000000000002 0.08499999999999996 0.028750000000000005
0 0.365 0.0925 0.1625000000000001 0.185
0 0.563125 0.0925 0.19874999999999998 0.185
0 0.06125000000000008 0.094375 0.12250000000000016 0.17625
0 0.695625 0.07625 0.03875000000000002 0.06499999999999999
0 0.75125 0.076875 0.03750000000000009 0.048750000000000016
0 0.903125 0.08625000000000001 0.04375 0.04750000000000001
0 0.254375 0.1775 0.20875000000000005 0.20250000000000004
0 0.706875 0.14500000000000002 0.05875000000000004 0.050000000000000024
0 0.85625 0.16 0.05500000000000007 0.05249999999999999
0 0.764375 0.16999999999999998 0.06624999999999996 0.04750000000000001
0 0.5025000000000001 0.215 0.09500000000000001 0.0625
0 0.8418749999999999 0.32249999999999995 0.053750000000000145 0.08000000000000003
0 0.2575 0.3525 0.0875 0.12000000000000002
0 0.8143750000000001 0.433125 0.07124999999999995 0.08874999999999997
0 0.678125 0.45562500000000006 0.08874999999999993 0.12374999999999999
0 0.11499999999999995 0.49124999999999996 0.12249999999999994 0.12000000000000002
0 0.04125000000000001 0.5131249999999999 0.08000000000000007 0.11124999999999999
0 0.74 0.62 0.05499999999999998 0.10250000000000004
0 0.03937499999999999 0.686875 0.07874999999999999 0.16625000000000006
0 0.29312499999999997 0.7024999999999999 0.11375000000000002 0.15
0 0.9774999999999998 0.766875 0.04500000000000011 0.05125000000000002
0 0.30375 0.809375 0.04500000000000002 0.04874999999999998
0 0.73125 0.9081250000000001 0.16999999999999993 0.1612499999999999
0 0.9931249999999998 0.8675 0.013750000000000106 0.054999999999999896
0 0.591875 0.9037500000000002 0.05875000000000004 0.09000000000000004
0 0.26625 0.95875 0.13250000000000006 0.08249999999999993
0 0.818125 0.965625 0.09624999999999995 0.06875
0 0.555625 0.97625 0.09125000000000014 0.047499999999999966
