0 0.209375 0.06625 0.41875 0.1325
0 0.05874999999999999 0.194375 0.11749999999999998 0.13874999999999998
0 0.14750000000000002 0.181875 0.09249999999999999 0.10375000000000004
0 0.35812499999999997 0.16375 0.05624999999999995 0.05249999999999999
0 0.3625 0.299375 0.14000000000000004 0.23625
0 0.00375 0.290625 0.0075 0.14875
0 0.5743750000000001 0.3725 0.30125 0.20750000000000002
0 0.445625 0.426875 0.15374999999999997 0.13875000000000007
0 0.265 0.376875 0.04750000000000001 0.03125
0 0.296875 0.45 0.06125000000000007 0.06750000000000007
0 0.425625 0.591875 0.14125000000000004 0.14625000000000005
0 0.5606249999999999 0.668125 0.17375 0.16624999999999995
0 0.8018750000000001 0.64 0.07875000000000014 0.08499999999999996
0 0.991875 0.7725 0.016249999999999966 0.16249999999999992
0 0.273125 0.7612500000000001 0.16374999999999998 0.13000000000000006
0 0.2125 0.865625 0.285 0.26875
0 0.4625 0.791875 0.09500000000000001 0.08375000000000003
0 0.058125 0.849375 0.08125 0.10625
0 0.963125 0.8868750000000001 0.07375000000000007 0.15875000000000022
0 0.3625 0.89375 0.18000000000000002 0.15249999999999986
0 0.02 0.8925000000000001 0.04 0.0674999999999999
0 0.866875 0.90625 0.06875 0.04499999999999993
0 0.035625 0.9493750000000001 0.07125 0.10124999999999992
0 0.43000000000000005 0.959375 0.11749999999999998 0.08125
0 0.91375 0.9600000000000002 0.05999999999999996 0.04999999999999982
