0 0.36062500000000003 0.05 0.04874999999999994 0.057499999999999996
0 0.47375000000000006 0.061875 0.050000000000000086 0.036250000000000004
0 0.294375 0.158125 0.04375000000000009 0.03125
0 0.7362499999999998 0.29812500000000003 0.1999999999999999 0.10124999999999998
0 0.17125 0.35875 0.01750000000000007 0.027500000000000035
0 0.6950000000000001 0.42937499999999995 0.14000000000000004 0.16375
0 0.23874999999999993 0.405625 0.07749999999999999 0.07625000000000001
0 0.41375 0.43499999999999994 0.18499999999999997 0.11750000000000002
0 0.16625000000000006 0.39499999999999996 0.0249999999999998 0.02999999999999998
0 0.1875 0.40499999999999997 0.022500000000000187 0.03499999999999996
0 0.4643750000000001 0.4125 0.036249999999999984 0.039999999999999994
0 0.5650000000000001 0.41624999999999995 0.0375 0.032500000000000015
0 0.16624999999999995 0.45124999999999993 0.03249999999999986 0.04249999999999998
0 0.5112500000000001 0.5512499999999999 0.14750000000000005 0.1625
0 0.8768750000000001 0.5700000000000001 0.20625000000000018 0.19749999999999995
0 0.09500000000000003 0.6543749999999999 0.04249999999999987 0.05625000000000009
0 0.62 0.6693749999999999 0.06500000000000003 0.04375000000000009
0 0.99375 0.7006249999999999 0.0125 0.07375000000000007
0 0.8306250000000001 0.6975 0.05625 0.04499999999999993
0 0.46374999999999994 0.721875 0.06000000000000005 0.04375
0 0.608125 0.748125 0.07375000000000007 0.09124999999999997
0 0.26375000000000004 0.8618750000000001 0.5275000000000001 0.27625
0 0.999375 0.8018750000000001 0.001249999999999929 0.12125000000000004
0 0.35875 0.8131250000000001 0.1375 0.14124999999999996
0 0.4987500000000001 0.8806249999999999 0.11499999999999995 0.14874999999999988
0 0.9862500000000001 0.9287500000000002 0.027500000000000035 0.1424999999999999
0 0.959375 0.9668750000000002 0.06374999999999993 0.06125000000000007
0 0.565 0.968125 0.1049999999999999 0.06374999999999993
