0 0.026250000000000002 0.6368750000000001 0.052500000000000005 0.06875
0 0.17750000000000002 0.6824999999999999 0.2225 0.20750000000000002
0 0.140625 0.82125 0.10125000000000002 0.1
0 0.29562499999999997 0.8618749999999998 0.11625 0.10875000000000004
0 0.57375 0.1125 0.35749999999999993 0.225
0 0.45812500000000006 0.6068749999999999 0.07625000000000001 0.07875000000000006
0 0.5199999999999999 0.804375 0.1499999999999999 0.1387500000000001
0 0.636875 0.34875 0.22874999999999995 0.24750000000000005
0 0.6287499999999999 0.923125 0.09249999999999999 0.0887500000000001
0 0.675 0.6224999999999999 0.10750000000000001 0.08999999999999994
0 0.64625 0.551875 0.032500000000000015 0.03375000000000004
0 0.778125 0.5706249999999999 0.16125000000000006 0.15875000000000003
0 0.7793749999999999 0.3524999999999999 0.06625000000000006 0.05500000000000003
0 0.7831249999999998 0.42937499999999995 0.06374999999999993 0.08374999999999999
0 0.8693750000000001 0.456875 0.12125000000000004 0.08874999999999993
0 0.985 0.639375 0.030000000000000072 0.06375000000000011
0 0.9875 0.49250000000000005 0.025 0.26250000000000007
0 0.990625 0.8306250000000001 0.01875 0.33875
0 0.9925 0.036250000000000004 0.015000000000000036 0.07250000000000001
