0 0.7849999999999999 0.97 0.22749999999999987 0.060000000000000143
0 0.868125 0.9337499999999999 0.19625000000000012 0.13250000000000012
0 0.609375 0.8949999999999999 0.03125 0.04249999999999989
0 0.6625 0.7956249999999999 0.05499999999999998 0.13124999999999992
0 0.8637499999999999 0.716875 0.09500000000000011 0.0862499999999999
0 0.046875 0.63125 0.09375 0.1275000000000001
0 0.125625 0.646875 0.04875000000000007 0.06624999999999988
0 0.561875 0.5543750000000001 0.08624999999999998 0.12374999999999989
0 0.20812499999999998 0.32875 0.39625 0.53
0 0.6443749999999999 0.515625 0.12625000000000003 0.15125000000000002
0 0.741875 0.453125 0.08125 0.09375
0 0.46312499999999995 0.45375 0.028750000000000053 0.07000000000000002
0 0.5268750000000001 0.41437500000000005 0.12625000000000003 0.10375000000000001
0 0.43 0.338125 0.047499999999999966 0.06624999999999988
0 0.4987500000000001 0.31875 0.07499999999999991 0.07749999999999999
0 0.8862500000000001 0.309375 0.050000000000000176 0.05625
0 0.828125 0.265625 0.05625 0.12375000000000007
0 0.945625 0.24499999999999997 0.0862499999999999 0.145
0 0.4306249999999999 0.27562499999999995 0.06874999999999995 0.036250000000000025
0 0.9875 0.18 0.025 0.11249999999999996
0 0.5106249999999999 0.20687499999999998 0.04874999999999998 0.05874999999999999
0 0.2250000000000001 0.07437500000000002 0.14249999999999988 0.14875000000000005
0 0.491875 0.05687499999999995 0.15374999999999997 0.1137499999999999
0 0.08187500000000003 0.07124999999999998 0.07125000000000004 0.06500000000000006
0 0.706875 0.050624999999999976 0.1012500000000001 0.09625000000000028
0 0.09999999999999998 0.025624999999999953 0.19999999999999996 0.05124999999999991
