0 0.8375 0.11374999999999998 0.23499999999999996 0.15000000000000002
0 0.8556250000000001 0.23625 0.08874999999999993 0.0625
0 0.799375 0.290625 0.13375000000000004 0.09375
0 0.7787499999999999 0.835 0.1125 0.13249999999999992
0 0.7675 0.678125 0.10999999999999996 0.10375000000000005
0 0.764375 0.974375 0.11375000000000002 0.05124999999999993
0 0.756875 0.49312500000000004 0.12875000000000006 0.14624999999999994
0 0.7325000000000002 0.2093750000000001 0.09249999999999999 0.07874999999999988
0 0.744375 0.010624999999999996 0.05125000000000002 0.02124999999999999
0 0.6837500000000001 0.12687500000000002 0.06750000000000007 0.04625000000000001
0 0.626875 0.4725 0.16624999999999995 0.20250000000000004
0 0.570625 0.3481249999999999 0.08125 0.13124999999999995
0 0.54625 0.013124999999999942 0.11749999999999998 0.026249999999999885
0 0.5518749999999999 0.11437500000000005 0.06874999999999991 0.17374999999999993
0 0.475 0.49499999999999994 0.1275000000000001 0.11250000000000009
0 0.46375 0.09437500000000004 0.13999999999999999 0.14125
0 0.45187499999999997 0.21875 0.15125000000000005 0.13999999999999987
0 0.396875 0.32625 0.16375 0.16249999999999992
0 0.4206250000000001 0.595 0.10624999999999991 0.11000000000000006
0 0.33687500000000004 0.8306249999999998 0.10374999999999997 0.0737499999999999
0 0.28312499999999996 0.41375 0.14125000000000001 0.15
0 0.29562499999999997 0.999375 0.10875000000000004 0.001249999999999929
0 0.285625 0.53125 0.0862499999999999 0.057499999999999926
0 0.24312500000000004 0.625625 0.05125000000000002 0.04125000000000005
0 0.19125000000000006 0.06687500000000002 0.08499999999999999 0.1262500000000002
0 0.10625 0.285 0.2125 0.24250000000000008
0 0.19062499999999996 0.3525 0.028750000000000074 0.027499999999999948
0 0.16437499999999994 0.41624999999999995 0.07125000000000004 0.07250000000000005
0 0.09500000000000003 0.08749999999999997 0.10750000000000004 0.09999999999999998
0 0.1131250000000001 0.01749999999999996 0.04625000000000001 0.03499999999999992
0 0.02937500000000004 0.216875 0.05875000000000008 0.07875000000000001
0 0.01375000000000004 0.07000000000000006 0.02750000000000008 0.07500000000000018
