0 0.34875 0.014375000000000002 0.13249999999999998 0.028750000000000005
0 0.31375000000000003 0.043125 0.11750000000000002 0.08625
0 0.40812499999999996 0.108125 0.14625 0.12375000000000003
0 0.3075 0.15687500000000001 0.10750000000000007 0.12625000000000003
0 0.974375 0.175625 0.05124999999999993 0.11125
0 0.7943749999999999 0.185 0.12875000000000006 0.09750000000000003
0 0.410625 0.240625 0.22874999999999995 0.19375
0 0.5475000000000001 0.18687499999999999 0.07750000000000004 0.08375000000000002
0 0.23312499999999997 0.238125 0.11125000000000003 0.13875
0 0.079375 0.310625 0.15875 0.20874999999999994
0 0.58875 0.2925 0.125 0.14499999999999996
0 0.900625 0.31062500000000004 0.19875000000000007 0.14875000000000002
0 0.733125 0.31499999999999995 0.12125000000000004 0.1525
0 0.27437500000000004 0.50125 0.19375000000000003 0.18999999999999995
0 0.37374999999999997 0.4575 0.0674999999999999 0.09749999999999996
0 0.521875 0.51 0.06374999999999993 0.09249999999999999
0 0.8949999999999999 0.6268749999999998 0.10250000000000004 0.13624999999999998
0 0.5650000000000001 0.6125 0.07249999999999987 0.10499999999999998
0 0.683125 0.6581250000000001 0.11125000000000007 0.11875000000000009
0 0.16687500000000002 0.7362500000000001 0.28875 0.24500000000000002
0 0.8 0.7787499999999999 0.18999999999999995 0.19249999999999998
0 0.6606249999999999 0.755625 0.05874999999999995 0.07624999999999993
0 0.006875000000000001 0.8175000000000001 0.013750000000000002 0.09249999999999989
0 0.0375 0.8474999999999999 0.075 0.10499999999999998
0 0.5743750000000001 0.9181249999999999 0.10124999999999992 0.1362499999999999
0 0.46875 0.9262499999999999 0.16999999999999998 0.14749999999999996
0 0.270625 0.9706250000000001 0.25875000000000004 0.05875000000000004
0 0.381875 0.9506250000000002 0.0012500000000000178 0.0012500000000001065
0 0.027500000000000004 0.98375 0.05500000000000001 0.03249999999999993
0 0.11000000000000001 0.9956250000000001 0.10499999999999998 0.008750000000000036
