0 0.959375 0.305625 0.08125 0.11375000000000002
0 0.79 0.3125 0.12000000000000002 0.1125
0 0.38 0.488125 0.17000000000000007 0.16374999999999992
0 0.10375000000000001 0.441875 0.06749999999999999 0.06624999999999996
0 0.5025000000000001 0.45062499999999994 0.047500000000000056 0.06625000000000006
0 0.639375 0.499375 0.2012500000000001 0.13875
0 0.859375 0.5075 0.22625 0.12499999999999992
0 0.26125 0.526875 0.047499999999999966 0.06374999999999993
0 0.039375 0.55875 0.07875 0.10250000000000004
0 0.9637499999999999 0.58875 0.07249999999999997 0.13250000000000012
0 0.516875 0.630625 0.12374999999999999 0.13624999999999998
0 0.9275 0.7318749999999999 0.14499999999999993 0.1437499999999999
0 0.078125 0.7049999999999998 0.05625 0.08250000000000002
0 0.9956250000000001 0.7631249999999999 0.008750000000000036 0.07124999999999995
0 0.546875 0.871875 0.23374999999999996 0.17124999999999996
0 0.336875 0.885 0.16625000000000006 0.17249999999999988
0 0.929375 0.8787499999999999 0.14124999999999996 0.13249999999999992
0 0.9962500000000001 0.86875 0.007499999999999929 0.07750000000000004
0 0.459375 0.95875 0.40625 0.08249999999999993
