0 0.49437499999999995 0.0025 0.19124999999999998 0.005
0 0.401875 0.008125 0.046250000000000034 0.01625
0 0.8331250000000001 0.05437499999999999 0.10874999999999994 0.09125
0 0.401875 0.046875 0.026249999999999975 0.026249999999999996
0 0.013750000000000002 0.10374999999999998 0.027500000000000004 0.13749999999999998
0 0.43937499999999996 0.080625 0.03125 0.028749999999999987
0 0.8475000000000001 0.19812500000000002 0.16500000000000004 0.20125
0 0.44250000000000006 0.15875 0.057500000000000016 0.06999999999999999
0 0.635 0.14375 0.022499999999999964 0.0375
0 0.694375 0.15250000000000002 0.036249999999999984 0.03500000000000001
0 0.3825 0.17875000000000002 0.06000000000000001 0.04750000000000003
0 0.324375 0.189375 0.028750000000000008 0.03125
0 0.02125 0.230625 0.0425 0.11124999999999999
0 0.708125 0.37687499999999996 0.21624999999999997 0.11624999999999996
0 0.9493750000000001 0.349375 0.03125 0.061249999999999985
0 0.86875 0.33999999999999997 0.017499999999999894 0.014999999999999947
0 0.900625 0.35625 0.02624999999999993 0.02250000000000001
0 0.49312500000000004 0.40062499999999995 0.03875000000000002 0.03875000000000002
0 0.954375 0.42125 0.053749999999999964 0.04249999999999998
0 0.875625 0.45062499999999994 0.06624999999999978 0.07125000000000004
0 0.464375 0.43875000000000003 0.03375000000000004 0.040000000000000036
0 0.723125 0.4637500000000001 0.06125000000000007 0.07000000000000002
0 0.556875 0.476875 0.046250000000000034 0.09124999999999997
0 0.9550000000000001 0.49749999999999994 0.075 0.1
0 0.21437499999999998 0.5443749999999999 0.04124999999999997 0.09375000000000008
0 0.1425 0.5387500000000001 0.06999999999999999 0.05999999999999996
0 0.795625 0.5493750000000001 0.04375 0.021250000000000123
0 0.060625 0.6168750000000001 0.09125 0.13125
0 0.6056250000000001 0.6475 0.07374999999999998 0.09750000000000006
0 0.781875 0.6481250000000001 0.053750000000000055 0.05625
0 0.329375 0.82125 0.51125 0.35
0 0.753125 0.739375 0.10625 0.12374999999999989
0 0.9618749999999998 0.744375 0.028749999999999963 0.023749999999999983
0 0.9112500000000001 0.773125 0.04249999999999989 0.05624999999999991
0 0.7893749999999999 0.804375 0.1887500000000001 0.10375000000000005
0 0.675 0.7787499999999999 0.05500000000000007 0.04999999999999991
0 0.62875 0.8331250000000001 0.125 0.12374999999999989
0 0.01875 0.8724999999999999 0.0375 0.1749999999999999
