0 0.959375 0.15750000000000003 0.08125 0.23499999999999996
0 0.978125 0.305625 0.04375 0.16124999999999998
0 0.8949999999999999 0.9912500000000002 0.20999999999999996 0.017499999999999894
0 0.9125 0.02937500000000004 0.12749999999999986 0.05875000000000008
0 0.9637499999999999 0.4925 0.022499999999999964 0.022499999999999964
0 0.9181249999999999 0.12062499999999998 0.10374999999999997 0.14625
0 0.820625 0.308125 0.18625000000000008 0.13624999999999998
0 0.791875 0.42750000000000005 0.20875000000000005 0.16000000000000006
0 0.7899999999999999 0.16062500000000002 0.1575000000000001 0.16624999999999998
0 0.7768750000000001 0.56375 0.016250000000000053 0.014999999999999947
0 0.67875 0.07124999999999992 0.18250000000000002 0.14249999999999985
0 0.61875 0.44562500000000005 0.1125 0.18625000000000008
0 0.6043749999999999 0.006249999999999978 0.10624999999999991 0.012499999999999956
0 0.6356249999999999 0.628125 0.02624999999999984 0.028750000000000053
0 0.5750000000000001 0.24124999999999996 0.13499999999999995 0.20750000000000002
0 0.47750000000000004 0.11187499999999995 0.18749999999999992 0.15375000000000005
0 0.46312499999999995 0.480625 0.18624999999999997 0.28625000000000006
0 0.475 0.255625 0.09250000000000007 0.09624999999999995
0 0.363125 0.3025 0.15875000000000003 0.15999999999999986
0 0.328125 0.56125 0.07125000000000004 0.08499999999999996
0 0.30500000000000005 0.20812499999999995 0.07250000000000001 0.08875
0 0.2381250000000001 0.14999999999999997 0.16874999999999984 0.16249999999999998
0 0.14437499999999998 0.08375000000000005 0.25625 0.1675000000000001
0 0.24 0.5325 0.06000000000000005 0.05499999999999998
0 0.024374999999999925 0.34625000000000006 0.04874999999999985 0.13249999999999998
