0 0.03875000000000001 0.28250000000000003 0.07750000000000001 0.135
0 0.01375000000000004 0.40374999999999994 0.02750000000000008 0.15500000000000003
0 0.100625 0.22374999999999998 0.20125 0.22749999999999998
0 0.18937500000000002 0.140625 0.16874999999999984 0.19624999999999998
0 0.24625000000000002 0.3993749999999999 0.04250000000000007 0.031249999999999955
0 0.34562499999999996 0.34625000000000006 0.13124999999999995 0.05500000000000003
0 0.42437500000000006 0.14500000000000002 0.08625000000000008 0.095
0 0.51 0.9574999999999999 0.12750000000000003 0.08499999999999996
0 0.49437499999999995 0.883125 0.06625000000000006 0.04874999999999989
0 0.586875 0.446875 0.12375000000000007 0.08625000000000008
0 0.7737499999999999 0.8006250000000001 0.4525 0.39625000000000005
0 0.625625 0.364375 0.15125000000000002 0.12625000000000003
0 0.688125 0.26687500000000003 0.09375 0.08125
0 0.6875 0.545625 0.0700000000000001 0.028750000000000053
0 0.726875 0.48187499999999994 0.10375000000000005 0.12625000000000003
0 0.803125 0.5787500000000001 0.06625000000000006 0.047499999999999966
0 0.8225 0.51 0.07749999999999994 0.075
0 0.8318749999999999 0.12250000000000001 0.05625 0.049999999999999975
0 0.875625 0.18062499999999998 0.12375000000000007 0.05625
0 0.89625 0.063125 0.14499999999999993 0.08625000000000001
0 0.865625 0.578125 0.036250000000000074 0.06875
0 0.9525 0.016875 0.09499999999999993 0.03375
0 0.934375 0.49812499999999993 0.05874999999999986 0.04874999999999998
0 0.9962500000000001 0.7837500000000001 0.007499999999999929 0.14250000000000007
