0 0.6543749999999999 0.026250000000000002 0.18374999999999994 0.052500000000000005
0 0.16124999999999998 0.061875 0.18749999999999997 0.12375
0 0.47375000000000006 0.145625 0.1750000000000001 0.26125000000000004
0 0.625 0.11499999999999999 0.05250000000000003 0.135
0 0.728125 0.18250000000000002 0.09624999999999995 0.10250000000000004
0 0.275 0.191875 0.1025 0.09125000000000001
0 0.67125 0.259375 0.09749999999999988 0.06624999999999996
0 0.9712499999999998 0.26 0.027500000000000035 0.0375
0 0.274375 0.40562499999999996 0.54875 0.26624999999999993
0 0.78625 0.441875 0.12249999999999997 0.12375000000000007
0 0.6125 0.46312499999999995 0.13000000000000006 0.13624999999999998
0 0.038125 0.5293749999999999 0.07625 0.22374999999999998
0 0.3275 0.53125 0.06750000000000003 0.030000000000000072
0 0.7906250000000001 0.5824999999999999 0.1012500000000001 0.11000000000000006
0 0.25125000000000003 0.566875 0.06499999999999999 0.04375
0 0.665625 0.6212500000000001 0.11875 0.11999999999999993
0 0.014375000000000002 0.6006250000000001 0.028750000000000005 0.028749999999999963
0 0.034375 0.7368750000000001 0.05874999999999999 0.05625
0 0.689375 0.786875 0.09375 0.11624999999999996
0 0.144375 0.755625 0.02124999999999999 0.05125000000000002
0 0.5425000000000001 0.8724999999999999 0.205 0.14750000000000005
0 0.053125 0.825 0.026250000000000006 0.029999999999999895
0 0.8568749999999999 0.829375 0.036250000000000074 0.021250000000000036
0 0.851875 0.8949999999999999 0.06624999999999996 0.0700000000000001
0 0.009375 0.8825 0.01875 0.025
0 0.73125 0.945 0.21749999999999997 0.10999999999999996
0 0.335625 0.9556250000000001 0.05874999999999999 0.053750000000000145
0 0.03 0.9481249999999999 0.027500000000000004 0.03375000000000004
0 0.45875000000000005 0.974375 0.175 0.05124999999999993
0 0.82 0.99875 0.032500000000000105 0.002499999999999858
