0 0.545 0.07624999999999993 0.12249999999999997 0.13249999999999984
0 0.34 0.08499999999999996 0.1 0.11499999999999977
0 0.148125 0.19750000000000006 0.12875 0.1499999999999998
0 0.929375 0.28437499999999993 0.14124999999999996 0.2512500000000001
0 0.08812500000000001 0.3 0.11624999999999996 0.10750000000000007
0 0.17812500000000003 0.43187499999999995 0.11374999999999988 0.13125
0 0.6912499999999999 0.495 0.20250000000000004 0.22750000000000004
0 0.12374999999999996 0.684375 0.18249999999999997 0.19125000000000006
0 0.34125 0.67375 0.08999999999999994 0.13499999999999995
0 0.6912499999999999 0.805 0.0875 0.08499999999999996
0 0.5725 0.883125 0.16000000000000006 0.20374999999999996
0 0.35 0.8418749999999999 0.03249999999999997 0.046250000000000034
0 0.4287500000000001 0.845 0.029999999999999895 0.03499999999999996
0 0.7181249999999999 0.94375 0.10875000000000004 0.1125
