0 0.93125 0.025624999999999953 0.1375 0.05124999999999991
0 0.9581250000000001 0.54625 0.053749999999999964 0.039999999999999945
0 0.934375 0.95625 0.06625000000000014 0.0875
0 0.9350000000000002 0.135625 0.06500000000000003 0.14625
0 0.8606250000000001 0.29625 0.18125000000000008 0.24249999999999994
0 0.89875 0.8618749999999998 0.05249999999999986 0.05125000000000011
0 0.843125 0.015625 0.05124999999999993 0.03125
0 0.8393750000000001 0.8693750000000001 0.04124999999999997 0.03624999999999989
0 0.773125 0.678125 0.13124999999999992 0.12624999999999992
0 0.746875 0.89625 0.12374999999999999 0.1375
0 0.72875 0.03749999999999998 0.09500000000000001 0.07499999999999996
0 0.664375 0.4725 0.10375000000000005 0.07750000000000004
0 0.6268750000000001 0.66625 0.13875 0.10499999999999998
0 0.6231250000000002 0.546875 0.12374999999999999 0.12624999999999992
0 0.5431250000000001 0.9550000000000001 0.21875000000000008 0.09000000000000004
0 0.52125 0.1324999999999999 0.10749999999999993 0.11499999999999988
0 0.4225 0.16999999999999998 0.08000000000000007 0.33999999999999997
0 0.3475 0.44437499999999996 0.13249999999999992 0.16625000000000006
0 0.30625 0.954375 0.20750000000000002 0.09125000000000014
0 0.33062500000000006 0.8962499999999999 0.10874999999999999 0.08499999999999996
0 0.31062500000000004 0.60375 0.04125000000000001 0.08999999999999986
0 0.265 0.7625000000000001 0.07499999999999996 0.09500000000000011
0 0.00187499999999996 0.083125 0.00374999999999992 0.16625
