0 0.34033203125 0.5234375 0.1416015625 0.1328125
0 0.4140625 0.3359375 0.09765625 0.103515625
0 0.5322265625 0.64794921875 0.04296875 0.0419921875
0 0.56787109375 0.30712890625 0.0576171875 0.0498046875
0 0.62255859375 0.2001953125 0.0498046875 0.037109375
0 0.66015625 0.45166015625 0.12109375 0.1123046875
0 0.65478515625 0.32177734375 0.1064453125 0.0791015625
0 0.623046875 0.23193359375 0.0390625 0.0302734375
0 0.638671875 0.25927734375 0.052734375 0.0302734375
0 0.6904296875 0.36865234375 0.017578125 0.0185546875
0 0.7119140625 0.634765625 0.033203125 0.0390625
0 0.72314453125 0.67626953125 0.0341796875 0.0380859375
0 0.7177734375 0.39404296875 0.009765625 0.0107421875
0 0.86376953125 0.5087890625 0.2548828125 0.232421875
0 0.79248046875 0.43798828125 0.0888671875 0.0693359375
0 0.76806640625 0.7890625 0.0341796875 0.03515625
0 0.83740234375 0.9765625 0.1240234375 0.046875
0 0.81005859375 0.93798828125 0.0576171875 0.0615234375
0 0.82373046875 0.83544921875 0.0322265625 0.0302734375
0 0.837890625 0.28515625 0.044921875 0.029296875
0 0.9638671875 0.98779296875 0.072265625 0.0244140625
