0 0.92919921875 0.05078125 0.0693359375 0.064453125
0 0.23046875 0.1328125 0.140625 0.09375
0 0.7421875 0.14013671875 0.08984375 0.0966796875
0 0.900390625 0.2763671875 0.12109375 0.078125
0 0.10400390625 0.33544921875 0.1376953125 0.1103515625
0 0.796875 0.3271484375 0.041015625 0.044921875
0 0.06591796875 0.43115234375 0.1318359375 0.1884765625
0 0.2744140625 0.4462890625 0.18359375 0.162109375
0 0.15185546875 0.439453125 0.0400390625 0.06640625
0 0.98876953125 0.45166015625 0.0224609375 0.0615234375
0 0.1337890625 0.544921875 0.13671875 0.125
0 0.63916015625 0.52392578125 0.0224609375 0.0205078125
0 0.7099609375 0.5810546875 0.044921875 0.044921875
0 0.9287109375 0.61181640625 0.06640625 0.0634765625
0 0.39794921875 0.67822265625 0.2509765625 0.1943359375
0 0.7783203125 0.65283203125 0.05078125 0.0517578125
0 0.9462890625 0.73046875 0.107421875 0.173828125
0 0.4775390625 0.845703125 0.26953125 0.259765625
0 0.01318359375 0.76708984375 0.0263671875 0.0380859375
0 0.31884765625 0.787109375 0.0634765625 0.0625
0 0.75732421875 0.85693359375 0.1533203125 0.1416015625
0 0.3642578125 0.828125 0.064453125 0.05859375
0 0.64013671875 0.853515625 0.0908203125 0.1015625
0 0.02197265625 0.8564453125 0.0439453125 0.103515625
0 0.1123046875 0.87158203125 0.08984375 0.0751953125
0 0.056640625 0.89306640625 0.04296875 0.0380859375
0 0.16455078125 0.94873046875 0.0673828125 0.0927734375
0 0.66357421875 0.95703125 0.1083984375 0.0859375
0 0.0498046875 0.95458984375 0.08203125 0.0771484375
0 0.78955078125 0.970703125 0.1591796875 0.05859375
0 0.52294921875 0.97509765625 0.1494140625 0.0498046875
