0 0.763125 0.965625 0.11624999999999996 0.06875
0 0.591875 0.9600000000000002 0.15374999999999997 0.07999999999999989
0 0.29437499999999994 0.990625 0.06375000000000006 0.01875
0 0.27625 0.9256250000000001 0.06499999999999995 0.1362499999999999
0 0.7412500000000001 0.8618749999999998 0.15250000000000002 0.12125000000000004
0 0.595625 0.86 0.09625000000000003 0.06999999999999992
0 0.289375 0.7581249999999999 0.061249999999999895 0.06624999999999996
0 0.06499999999999995 0.7212500000000001 0.07750000000000012 0.075
0 0.9287500000000002 0.6824999999999999 0.06500000000000003 0.07749999999999994
0 0.014375000000000082 0.608125 0.028750000000000164 0.07375000000000007
0 0.49375 0.5587500000000001 0.15749999999999992 0.13999999999999996
0 0.650625 0.47437499999999994 0.11624999999999996 0.12125000000000004
0 0.9418749999999999 0.49250000000000005 0.06875 0.0750000000000001
0 0.25625 0.428125 0.16749999999999995 0.20375000000000004
0 0.499375 0.43 0.16375 0.13000000000000003
0 0.003124999999999989 0.43875000000000003 0.006249999999999978 0.07750000000000004
0 0.9706250000000001 0.3056249999999999 0.05875000000000004 0.21624999999999991
0 0.484375 0.21187500000000004 0.22374999999999998 0.3687499999999999
0 0.114375 0.30000000000000004 0.053749999999999964 0.0625
0 0.845 0.23375000000000004 0.10999999999999996 0.1274999999999998
0 0.999375 0.16124999999999998 0.001249999999999929 0.08499999999999994
0 0.93875 0.10062499999999996 0.12250000000000014 0.14875000000000016
0 0.276875 0.0675 0.06374999999999993 0.08499999999999996
0 0.06375000000000003 0.03687500000000005 0.07999999999999996 0.0737500000000001
0 0.250625 0.012500000000000011 0.07624999999999993 0.025000000000000022
0 0.49812499999999993 0.0006249999999999867 0.20125 0.0012499999999999734
