0 0.99875 0.9931249999999998 0.002499999999999858 0.013750000000000106
0 0.9974999999999999 0.403125 0.005000000000000071 0.018749999999999954
0 0.9418749999999999 0.9893750000000001 0.11624999999999996 0.021250000000000036
0 0.9775 0.271875 0.0375 0.05125000000000002
0 0.8787499999999999 0.32875 0.09750000000000014 0.07499999999999996
0 0.8625 0.0625 0.04750000000000014 0.0349999999999997
0 0.8018750000000001 0.2 0.1437500000000001 0.11249999999999996
0 0.80375 0.3706250000000001 0.08499999999999988 0.08625000000000008
0 0.693125 0.10874999999999994 0.03125 0.01749999999999996
0 0.5225 0.735625 0.1325 0.06875
0 0.5362500000000001 0.6375 0.08749999999999991 0.0875
0 0.4600000000000001 0.38499999999999995 0.20250000000000004 0.16999999999999987
0 0.525625 0.911875 0.028749999999999963 0.036250000000000074
0 0.433125 0.22562500000000005 0.16875 0.14625
0 0.38 0.03187499999999999 0.20500000000000007 0.06374999999999997
0 0.425 0.6399999999999999 0.11499999999999995 0.15
0 0.45125000000000004 0.9231250000000001 0.05250000000000003 0.02375000000000007
0 0.4200000000000001 0.9737500000000001 0.02999999999999998 0.03750000000000018
0 0.39312500000000006 0.928125 0.03375000000000008 0.016249999999999966
0 0.338125 0.7537499999999999 0.10624999999999991 0.0875
0 0.295 0.64375 0.0750000000000001 0.08500000000000014
0 0.314375 0.9262499999999999 0.036249999999999984 0.020000000000000108
0 0.25312500000000004 0.4325 0.10874999999999993 0.08750000000000017
0 0.26 0.5475 0.06000000000000005 0.05499999999999998
0 0.21062499999999992 0.29874999999999996 0.1362500000000002 0.135
0 0.21750000000000003 0.7575000000000001 0.0925 0.09000000000000004
0 0.17999999999999994 0.005625000000000047 0.13250000000000003 0.011250000000000093
0 0.14625 0.44312500000000005 0.13500000000000004 0.16374999999999992
0 0.16250000000000003 0.53375 0.08999999999999997 0.0825000000000001
0 0.15187500000000004 0.64875 0.05625000000000002 0.12999999999999998
0 0.083125 0.1125 0.16625 0.13249999999999995
0 0.07249999999999995 0.27437500000000004 0.1449999999999999 0.22624999999999984
0 0.11562499999999998 0.691875 0.05874999999999986 0.04124999999999997
0 0.10124999999999988 0.01375000000000004 0.07250000000000012 0.02750000000000008
0 0.04999999999999988 0.78625 0.032500000000000084 0.01750000000000007
0 0.030000000000000082 0.026874999999999982 0.060000000000000164 0.053749999999999964
0 0.025624999999999953 0.366875 0.05124999999999991 0.11374999999999993
0 0.015625 0.983125 0.03125 0.028750000000000143
