0 0.7925 0.9706250000000001 0.13499999999999995 0.05875000000000004
0 0.87375 0.8399999999999999 0.23499999999999996 0.19749999999999995
0 0.725625 0.85375 0.16124999999999998 0.1499999999999999
0 0.024375 0.73625 0.04875 0.24749999999999997
0 0.9862500000000001 0.735 0.027500000000000035 0.12749999999999995
0 0.53875 0.78625 0.022500000000000055 0.022499999999999964
0 0.9106249999999999 0.740625 0.14625000000000005 0.10375000000000005
0 0.723125 0.6431250000000001 0.1362499999999999 0.18625000000000008
0 0.60375 0.614375 0.15999999999999986 0.20875000000000005
0 0.8706250000000001 0.6125 0.16624999999999995 0.15749999999999992
0 0.4675000000000001 0.599375 0.014999999999999947 0.016249999999999966
0 0.9443750000000002 0.5012500000000001 0.11124999999999989 0.18250000000000002
0 0.585625 0.44125000000000003 0.18624999999999997 0.11250000000000004
0 0.403125 0.4581249999999999 0.028750000000000008 0.026250000000000016
0 0.79 0.39749999999999996 0.20749999999999993 0.13499999999999995
0 0.9193750000000002 0.30000000000000004 0.15374999999999997 0.1875
0 0.5506249999999999 0.28562500000000013 0.28625000000000006 0.18624999999999994
0 0.775625 0.2975 0.09625000000000003 0.09250000000000003
0 0.72875 0.18562499999999998 0.15999999999999998 0.15875000000000009
0 0.47000000000000003 0.150625 0.08499999999999996 0.07125000000000004
0 0.8231250000000001 0.12750000000000006 0.08875000000000002 0.07249999999999979
0 0.88125 0.07249999999999995 0.1625 0.1449999999999999
0 0.931875 0.04749999999999999 0.13625000000000007 0.09499999999999997
0 0.4987500000000001 0.0625 0.05499999999999998 0.06000000000000005
