0 0.8700000000000001 0.990625 0.13000000000000006 0.01875
0 0.6824999999999999 0.996875 0.12749999999999995 0.00625
0 0.01 0.9800000000000001 0.02 0.040000000000000036
0 0.27375 0.9568749999999999 0.07250000000000001 0.06374999999999993
0 0.33375 0.93625 0.0875 0.04499999999999993
0 0.290625 0.849375 0.11125000000000003 0.10125000000000002
0 0.275 0.45125000000000004 0.55 0.8299999999999998
0 0.6125 0.7356250000000001 0.10499999999999998 0.2312500000000001
0 0.9887499999999999 0.584375 0.022499999999999964 0.05625
0 0.9425000000000001 0.5775 0.04750000000000014 0.06499999999999995
0 0.6525000000000001 0.5762499999999999 0.06500000000000003 0.057500000000000016
0 0.8756250000000001 0.5606249999999999 0.056250000000000175 0.05124999999999993
0 0.81375 0.48687500000000006 0.09999999999999991 0.061249999999999985
0 0.7368750000000001 0.403125 0.09874999999999998 0.13875000000000007
0 0.661875 0.388125 0.06624999999999988 0.07625000000000001
0 0.040625 0.13187500000000002 0.08125 0.26375000000000004
0 0.9262499999999999 0.181875 0.05250000000000003 0.06375
0 0.7175 0.09687499999999999 0.23499999999999996 0.19374999999999998
0 0.8318749999999999 0.11937499999999997 0.06125000000000007 0.06125000000000014
0 0.6575 0.12937500000000002 0.03499999999999996 0.03374999999999995
0 0.35 0.019374999999999976 0.29499999999999993 0.03874999999999995
0 0.8175000000000001 0.013124999999999942 0.24000000000000005 0.026249999999999885
