0 0.5793750000000001 0.04625 0.018749999999999913 0.057499999999999996
0 0.00187499999999996 0.12250000000000001 0.00374999999999992 0.1275
0 0.7106250000000001 0.0925 0.05125000000000002 0.03750000000000001
0 0.6537499999999999 0.19124999999999998 0.075 0.0975
0 0.9199999999999999 0.20750000000000002 0.03499999999999996 0.04750000000000001
0 0.7825 0.26812500000000006 0.11249999999999982 0.14375000000000002
0 0.6118750000000001 0.26625 0.08625000000000008 0.08500000000000005
0 0.87375 0.376875 0.01750000000000007 0.03125
0 0.246875 0.5475 0.06875 0.1325
0 0.34500000000000003 0.5337500000000001 0.0875 0.0875
0 0.5974999999999999 0.6100000000000001 0.17 0.20250000000000004
0 0.07062499999999994 0.5443749999999999 0.03624999999999989 0.028749999999999876
0 0.756875 0.6368750000000001 0.14624999999999985 0.1687499999999999
0 0.959375 0.6900000000000001 0.08125 0.205
0 0.34249999999999997 0.645 0.15 0.11500000000000003
0 0.05937500000000001 0.61875 0.02375000000000005 0.05249999999999995
0 0.01375000000000004 0.65 0.02750000000000008 0.030000000000000072
0 0.05437500000000001 0.6768750000000001 0.016249999999999987 0.03374999999999995
0 0.22875000000000006 0.7318749999999999 0.0874999999999998 0.1062500000000001
0 0.33875 0.775 0.08499999999999996 0.075
0 0.05624999999999997 0.755625 0.019999999999999907 0.036250000000000074
0 0.55 0.8168749999999999 0.0875 0.10875000000000004
0 0.43499999999999994 0.8100000000000002 0.05500000000000007 0.05999999999999996
0 0.68375 0.859375 0.13499999999999995 0.13625000000000007
0 0.22500000000000003 0.8525 0.08999999999999997 0.09250000000000007
0 0.985625 0.89 0.028750000000000143 0.13249999999999992
0 0.539375 0.9237500000000001 0.16375 0.13499999999999995
0 0.44875 0.9075 0.0825000000000001 0.09000000000000004
0 0.33375000000000005 0.9181250000000001 0.13000000000000003 0.05625
0 0.8699999999999999 0.951875 0.13250000000000012 0.09624999999999986
0 0.708125 0.9625 0.22625000000000012 0.075
0 0.290625 0.954375 0.04125000000000001 0.05875000000000004
0 0.9774999999999998 0.9662499999999999 0.04500000000000011 0.06750000000000007
