0 0.01 0.5075 0.02 0.32250000000000006
0 0.0175 0.04749999999999999 0.035 0.09499999999999997
0 0.09125 0.16812500000000002 0.1825 0.28874999999999995
0 0.15625 0.6481250000000001 0.3 0.32875
0 0.18875 0.09250000000000008 0.2225 0.18500000000000016
0 0.315 0.48125 0.21749999999999997 0.28999999999999987
0 0.27749999999999997 0.9081250000000001 0.1325 0.10875000000000004
0 0.321875 0.21562499999999996 0.12374999999999999 0.22875000000000006
0 0.388125 0.7106250000000001 0.17375 0.11624999999999996
0 0.440625 0.934375 0.14875000000000002 0.13125
0 0.48 0.01874999999999999 0.20750000000000007 0.03749999999999998
0 0.6174999999999999 0.69375 0.39499999999999985 0.6125
0 0.5325 0.8993749999999998 0.1700000000000001 0.14124999999999996
0 0.579375 0.308125 0.18375000000000002 0.20625
0 0.585625 0.133125 0.19624999999999995 0.14124999999999996
0 0.6743750000000001 0.04437499999999994 0.16124999999999998 0.08874999999999988
0 0.819375 0.40812499999999996 0.19875000000000007 0.2287500000000001
0 0.8875 0.9625 0.225 0.075
0 0.9568749999999999 0.8868749999999999 0.08625000000000008 0.22625000000000012
0 0.9668749999999999 0.2518749999999999 0.06624999999999996 0.21875000000000014
