0 0.068125 0.9962500000000001 0.11624999999999999 0.007499999999999929
0 0.23937499999999998 0.990625 0.15374999999999997 0.01875
0 0.5549999999999999 0.959375 0.06500000000000003 0.08125
0 0.09 0.923125 0.15250000000000002 0.12125000000000004
0 0.23562500000000003 0.92125 0.09624999999999999 0.06999999999999992
0 0.8925000000000001 0.929375 0.039999999999999855 0.046250000000000034
0 0.5418749999999999 0.819375 0.061249999999999985 0.06625000000000006
0 0.7662500000000001 0.7825000000000001 0.07750000000000004 0.0750000000000001
0 0.9868750000000001 0.7118749999999999 0.02624999999999993 0.10875000000000004
0 0.8375 0.669375 0.0700000000000001 0.0737499999999999
0 0.3375 0.6199999999999999 0.15749999999999997 0.13999999999999996
0 0.999375 0.593125 0.001249999999999929 0.14375
0 0.18062499999999998 0.535625 0.11624999999999996 0.12125000000000004
0 0.575 0.489375 0.1674999999999999 0.20375000000000001
0 0.33187500000000003 0.49124999999999996 0.16375 0.12999999999999998
0 0.851875 0.5000000000000001 0.053749999999999964 0.07750000000000004
0 0.9974999999999999 0.429375 0.005000000000000071 0.11875
0 0.346875 0.27312499999999995 0.22375000000000006 0.36875000000000013
0 0.7168749999999999 0.36124999999999996 0.053750000000000055 0.0625
0 0.020625 0.29500000000000004 0.04125 0.12750000000000009
0 0.9199999999999999 0.1481249999999999 0.047499999999999966 0.06874999999999998
0 0.5543750000000001 0.12875000000000003 0.06375000000000011 0.08499999999999996
0 0.7675 0.09687500000000004 0.07999999999999989 0.07624999999999993
0 0.5806250000000001 0.043125000000000024 0.07625000000000001 0.08625000000000005
0 0.333125 0.03125 0.20125 0.0625
0 0.06937499999999999 0.030000000000000082 0.10124999999999999 0.060000000000000164
0 0.6475 0.01749999999999996 0.09250000000000007 0.03499999999999992
0 0.749375 0.01749999999999996 0.08875000000000002 0.03499999999999992
