0 0.75830078125 0.0478515625 0.0576171875 0.056640625
0 0.9814453125 0.1005859375 0.037109375 0.115234375
0 0.87744140625 0.08984375 0.0869140625 0.083984375
0 0.63818359375 0.18896484375 0.0537109375 0.0419921875
0 0.673828125 0.3076171875 0.162109375 0.173828125
0 0.7822265625 0.27880859375 0.078125 0.0791015625
0 0.0458984375 0.27978515625 0.06640625 0.0810546875
0 0.81396484375 0.39990234375 0.0849609375 0.0908203125
0 0.158203125 0.6171875 0.31640625 0.279296875
0 0.61474609375 0.52685546875 0.0615234375 0.0595703125
0 0.76904296875 0.5751953125 0.1083984375 0.1171875
0 0.4130859375 0.66650390625 0.193359375 0.1787109375
0 0.86181640625 0.66015625 0.0693359375 0.072265625
0 0.990234375 0.681640625 0.01953125 0.10546875
0 0.626953125 0.6962890625 0.0703125 0.083984375
0 0.57177734375 0.673828125 0.0263671875 0.025390625
0 0.58642578125 0.77685546875 0.1240234375 0.1259765625
0 0.416015625 0.77783203125 0.04296875 0.0517578125
0 0.47607421875 0.78076171875 0.0654296875 0.0498046875
0 0.49755859375 0.84814453125 0.0693359375 0.0947265625
0 0.07958984375 0.93115234375 0.0830078125 0.0849609375
0 0.64013671875 0.9501953125 0.0498046875 0.046875
0 0.525390625 0.96533203125 0.205078125 0.0693359375
0 0.82861328125 0.9677734375 0.3427734375 0.064453125
0 0.16259765625 0.96923828125 0.0693359375 0.0615234375
