0 0.9349999999999999 0.7837500000000001 0.08500000000000014 0.07249999999999987
0 0.8943749999999999 0.37312500000000004 0.13874999999999993 0.19625000000000004
0 0.9481249999999999 0.9981249999999999 0.03125 0.0037499999999999643
0 0.9175000000000001 0.596875 0.07499999999999982 0.06375000000000011
0 0.921875 0.69375 0.03874999999999993 0.03500000000000005
0 0.8862500000000001 0.88125 0.10000000000000017 0.075
0 0.8875 0.963125 0.0875 0.07375000000000007
0 0.8825 0.5112500000000001 0.07500000000000018 0.07999999999999999
0 0.840625 0.27374999999999994 0.06375000000000011 0.04249999999999998
0 0.61 0.609375 0.020000000000000018 0.021250000000000036
0 0.528125 0.13249999999999995 0.15374999999999997 0.15749999999999997
0 0.538125 0.6756249999999999 0.05625 0.05874999999999995
0 0.47000000000000003 0.47250000000000003 0.17750000000000005 0.17750000000000005
0 0.47437499999999994 0.023749999999999993 0.11624999999999996 0.04749999999999999
0 0.29437500000000005 0.19812500000000005 0.41624999999999995 0.19874999999999984
0 0.47375 0.306875 0.04499999999999993 0.07874999999999988
0 0.42374999999999996 0.11437500000000012 0.09499999999999997 0.13874999999999993
0 0.36624999999999996 0.436875 0.0625 0.06374999999999993
0 0.3325 0.5075 0.075 0.06749999999999998
0 0.25937499999999997 0.48687500000000006 0.05874999999999995 0.061249999999999985
0 0.18687500000000004 0.355625 0.1112500000000001 0.10625000000000004
0 0.14875 0.4756250000000001 0.13000000000000003 0.15875000000000009
0 0.1375 0.615 0.11000000000000021 0.09500000000000001
0 0.07624999999999993 0.44812499999999994 0.039999999999999813 0.07374999999999998
0 0.04500000000000004 0.17062499999999997 0.09000000000000008 0.12124999999999997
0 0.041874999999999996 0.30625 0.08374999999999999 0.14499999999999988
0 0.026249999999999996 0.63125 0.05249999999999999 0.15749999999999992
