0 0.9893750000000001 0.6375 0.021250000000000036 0.1875
0 0.9131250000000002 0.325 0.1737499999999999 0.17499999999999996
0 0.9600000000000002 0.17374999999999996 0.07999999999999989 0.05249999999999999
0 0.9199999999999999 0.070625 0.10249999999999986 0.09625000000000006
0 0.9106249999999999 0.52375 0.09124999999999997 0.10249999999999995
0 0.843125 0.12749999999999995 0.06624999999999978 0.09749999999999992
0 0.6968749999999999 0.5275 0.26625 0.5549999999999999
0 0.7224999999999999 0.9637499999999999 0.04500000000000002 0.07249999999999997
0 0.6606249999999999 0.03687500000000005 0.12374999999999999 0.0737500000000001
0 0.639375 0.18625000000000003 0.13625000000000007 0.1299999999999999
0 0.5731250000000001 0.8612500000000001 0.22374999999999998 0.2775
0 0.5712499999999999 0.47125000000000006 0.029999999999999895 0.06749999999999998
0 0.5199999999999999 0.02937500000000004 0.11000000000000006 0.05875000000000008
0 0.535625 0.5475 0.04375 0.06499999999999995
0 0.48125 0.1331250000000001 0.11999999999999993 0.11875000000000002
0 0.501875 0.7856249999999999 0.028749999999999963 0.03124999999999991
0 0.365625 0.764375 0.05625000000000004 0.05875000000000004
0 0.315625 0.109375 0.1162500000000001 0.09375
0 0.34687500000000004 0.654375 0.05125000000000002 0.021250000000000036
0 0.22999999999999998 0.2562500000000001 0.14749999999999996 0.2049999999999999
0 0.27749999999999997 0.745625 0.030000000000000027 0.026250000000000107
0 0.24312499999999995 0.9881249999999999 0.03874999999999997 0.02375000000000007
0 0.22000000000000003 0.7987500000000001 0.025 0.0375
0 0.11562500000000002 0.08812499999999995 0.19374999999999995 0.1762499999999999
0 0.14687499999999987 0.46312499999999995 0.053749999999999964 0.05875000000000012
0 0.15437499999999998 0.76875 0.03375000000000006 0.027499999999999948
0 0.1043750000000001 0.33999999999999997 0.09875000000000012 0.1750000000000001
0 0.06312499999999999 0.011249999999999982 0.03125 0.022499999999999964
0 0.03750000000000003 0.22562500000000005 0.060000000000000164 0.07875000000000001
0 0.025000000000000022 0.42937499999999995 0.050000000000000044 0.22374999999999998
0 0.0006249999999999867 0.09687500000000004 0.0012499999999999734 0.15625
