0 0.946875 0.835625 0.10625 0.13124999999999992
0 0.9868750000000001 0.45124999999999993 0.02624999999999993 0.08750000000000009
0 0.9075 0.2656250000000001 0.18500000000000014 0.19124999999999984
0 0.9412500000000001 0.06749999999999995 0.054999999999999896 0.06500000000000006
0 0.945 0.008124999999999993 0.022499999999999964 0.016249999999999987
0 0.82 0.35812499999999997 0.03249999999999993 0.046250000000000034
0 0.773125 0.35812499999999997 0.026250000000000016 0.026249999999999975
0 0.7162499999999999 0.7925 0.1375000000000001 0.1200000000000001
0 0.7393750000000001 0.32062500000000005 0.028750000000000053 0.03125
0 0.66125 0.31749999999999995 0.0700000000000001 0.057500000000000016
0 0.67625 0.125 0.03750000000000018 0.022500000000000187
0 0.6675000000000001 0.06562499999999999 0.03500000000000005 0.036250000000000004
0 0.64125 0.3775 0.04750000000000014 0.05999999999999987
0 0.630625 0.43562500000000004 0.03125 0.028749999999999963
0 0.5893750000000001 0.77125 0.11124999999999999 0.10749999999999993
0 0.44312499999999994 0.07999999999999996 0.11624999999999992 0.15999999999999992
0 0.41937499999999994 0.26687500000000003 0.03874999999999993 0.03874999999999993
0 0.38125 0.295625 0.040000000000000036 0.03374999999999995
0 0.35625 0.03687500000000005 0.06999999999999992 0.06125000000000014
0 0.343125 0.203125 0.09125000000000005 0.04624999999999988
0 0.275625 0.545625 0.09375 0.04124999999999997
0 0.28125 0.6175 0.06000000000000005 0.07000000000000002
0 0.203125 0.6993750000000001 0.1312500000000001 0.09124999999999997
0 0.1725 0.15437499999999998 0.09749999999999992 0.07374999999999987
0 0.171875 0.0025000000000000577 0.05624999999999991 0.0050000000000001155
0 0.08687499999999992 0.43062500000000004 0.17374999999999985 0.5112500000000001
0 0.08062499999999995 0.030000000000000082 0.1237499999999998 0.060000000000000164
0 0.03375000000000006 0.03249999999999992 0.06750000000000012 0.06499999999999984
0 0.04124999999999995 0.08499999999999996 0.04999999999999993 0.05500000000000016
0 0.024374999999999925 0.13124999999999998 0.04874999999999985 0.125
0 0.01749999999999996 0.798125 0.03499999999999992 0.1512500000000001
