0 0.01375000000000004 0.526875 0.02750000000000008 0.12624999999999992
0 0.06937500000000008 0.23687500000000003 0.06624999999999992 0.08125000000000002
0 0.15999999999999992 0.6575 0.09750000000000014 0.09749999999999996
0 0.28500000000000003 0.9818749999999999 0.11250000000000004 0.036250000000000074
0 0.275625 0.67875 0.05624999999999991 0.07000000000000002
0 0.353125 0.9275 0.13625000000000012 0.14499999999999993
0 0.36187499999999995 0.5856250000000001 0.09624999999999999 0.09625000000000003
0 0.329375 0.6775 0.03125 0.040000000000000036
0 0.34187500000000004 0.321875 0.04125000000000001 0.05124999999999993
0 0.38 0.8143749999999998 0.0625 0.061249999999999985
0 0.366875 0.7081250000000001 0.03375000000000004 0.043749999999999914
0 0.46375 0.97 0.15250000000000008 0.060000000000000143
0 0.530625 0.270625 0.22875000000000006 0.21125
0 0.49375 0.868125 0.1375 0.17624999999999993
0 0.508125 0.5737500000000001 0.13624999999999998 0.16000000000000006
0 0.4875 0.43062500000000004 0.0825000000000001 0.08875000000000002
0 0.5824999999999999 0.08499999999999999 0.15249999999999994 0.15250000000000002
0 0.7262500000000001 0.6975 0.14000000000000004 0.27249999999999996
0 0.7206250000000001 0.8793749999999999 0.1062500000000001 0.07874999999999996
0 0.741875 0.490625 0.11625000000000005 0.09624999999999995
0 0.7537499999999999 0.34562499999999996 0.13000000000000006 0.17874999999999996
0 0.75625 0.195625 0.1125 0.11124999999999996
0 0.78125 0.9912500000000002 0.1299999999999998 0.017499999999999894
0 0.89125 0.33625 0.13249999999999992 0.1625
0 0.93125 0.8868750000000001 0.06750000000000007 0.06875
0 0.934375 0.140625 0.028749999999999963 0.03374999999999999
