0 0.060625 0.010625 0.12125 0.02125
0 0.509375 0.0875 0.22125000000000003 0.175
0 0.96125 0.049375 0.07750000000000004 0.09875
0 0.042499999999999996 0.07625 0.057499999999999996 0.0625
0 0.036875 0.17437500000000003 0.07375 0.11875000000000002
0 0.3875 0.15437499999999998 0.04499999999999997 0.053750000000000006
0 0.585 0.36 0.26250000000000007 0.32
0 0.390625 0.24375 0.051249999999999976 0.06500000000000003
0 0.05125 0.255 0.07749999999999999 0.06499999999999999
0 0.371875 0.5375 0.24375 0.4525
0 0.9356249999999999 0.38499999999999995 0.09124999999999997 0.09999999999999995
0 0.10187500000000001 0.48312499999999997 0.13625000000000004 0.21125000000000002
0 0.6543749999999999 0.551875 0.22374999999999998 0.2237499999999999
0 0.23500000000000001 0.57375 0.1425 0.19749999999999995
0 0.9643750000000001 0.5643750000000001 0.07125000000000004 0.09874999999999998
0 0.139375 0.696875 0.12125 0.13875
0 0.265 0.753125 0.10499999999999998 0.21374999999999994
0 0.42625 0.7668750000000001 0.20000000000000004 0.21375000000000002
0 0.6224999999999999 0.7706250000000001 0.19499999999999992 0.2062500000000001
0 0.15437499999999998 0.8474999999999999 0.07125 0.0875
0 0.5231250000000001 0.915625 0.10374999999999997 0.1012500000000001
0 0.334375 0.9331250000000001 0.2512500000000001 0.13375000000000004
0 0.62375 0.8993749999999998 0.06999999999999992 0.06624999999999996
0 0.703125 0.98125 0.18874999999999992 0.0375
0 0.9925 0.984375 0.015000000000000036 0.03125
0 0.213125 0.9974999999999999 0.20374999999999996 0.005000000000000071
0 0.499375 0.9974999999999999 0.08374999999999995 0.005000000000000071
