0 0.178125 0.07125 0.22374999999999998 0.1425
0 0.8 0.015 0.125 0.03
0 0.92125 0.03875 0.11750000000000008 0.0775
0 0.6056250000000001 0.05 0.09625000000000003 0.09
0 0.73 0.08687500000000001 0.11500000000000003 0.11374999999999999
0 0.06875 0.16 0.085 0.075
0 0.546875 0.18687499999999999 0.11374999999999993 0.12625
0 0.8631249999999999 0.18812500000000001 0.06875 0.06624999999999999
0 0.34875 0.270625 0.13999999999999999 0.12625000000000003
0 0.871875 0.246875 0.06875 0.04874999999999998
0 0.04875 0.289375 0.0975 0.11874999999999995
0 0.9 0.3575 0.11999999999999993 0.14500000000000002
0 0.540625 0.35125 0.12375000000000007 0.10999999999999996
0 0.168125 0.349375 0.09874999999999998 0.09375
0 0.56625 0.45375000000000004 0.040000000000000036 0.03499999999999996
0 0.8800000000000001 0.46125 0.027500000000000035 0.022499999999999964
0 0.29500000000000004 0.49375 0.05499999999999998 0.05
0 0.845 0.48562500000000003 0.02500000000000018 0.028749999999999963
0 0.009375 0.5543750000000001 0.01875 0.10875000000000004
0 0.08875 0.5449999999999999 0.029999999999999992 0.03500000000000005
0 0.6075 0.558125 0.06500000000000003 0.06125000000000007
0 0.36312500000000003 0.5493750000000001 0.03875000000000002 0.04124999999999988
0 0.8837499999999998 0.6300000000000001 0.15999999999999998 0.15750000000000003
0 0.3175 0.5875 0.04750000000000001 0.04249999999999998
0 0.691875 0.6231249999999999 0.09375 0.05625000000000009
0 0.39749999999999996 0.6068749999999999 0.024999999999999956 0.021250000000000123
0 0.990625 0.628125 0.01875 0.028749999999999963
0 0.7050000000000001 0.755625 0.1749999999999999 0.23125
0 0.8237500000000001 0.7793750000000002 0.16000000000000014 0.18625000000000008
0 0.54625 0.846875 0.29000000000000004 0.30625
0 0.2925 0.735625 0.06749999999999998 0.06875
0 0.3175 0.82 0.13999999999999999 0.22249999999999998
0 0.965625 0.8375 0.06875 0.15749999999999992
0 0.09125000000000001 0.7875 0.017499999999999995 0.022499999999999964
0 0.22374999999999998 0.8925000000000001 0.0975 0.1049999999999999
0 0.49625 0.9412500000000001 0.0875 0.10250000000000004
0 0.14875 0.93875 0.08 0.040000000000000036
0 0.9324999999999999 0.9650000000000001 0.09249999999999989 0.06999999999999992
0 0.7975 0.9818749999999999 0.16999999999999993 0.036250000000000074
