0 0.33687500000000004 0.01875 0.24375000000000005 0.0375
0 0.8787499999999999 0.078125 0.030000000000000072 0.05874999999999999
0 0.38 0.143125 0.17999999999999994 0.18624999999999997
0 0.9774999999999998 0.20187500000000003 0.04500000000000011 0.21125000000000002
0 0.6675000000000001 0.2 0.16000000000000006 0.14500000000000002
0 0.8018750000000001 0.1525 0.06375000000000001 0.045
0 0.8787499999999999 0.198125 0.11999999999999993 0.12624999999999997
0 0.13125 0.20687499999999998 0.0875 0.12875
0 0.5287499999999999 0.220625 0.07749999999999994 0.07125
0 0.29874999999999996 0.330625 0.2799999999999999 0.22625
0 0.53 0.27625 0.04249999999999998 0.04500000000000006
0 0.9106249999999999 0.35812499999999997 0.16874999999999982 0.18124999999999997
0 0.718125 0.33875 0.09125000000000005 0.07250000000000001
0 0.11000000000000001 0.398125 0.10499999999999998 0.10625000000000004
0 0.06875 0.43500000000000005 0.1375 0.14750000000000002
0 0.510625 0.425 0.09375 0.08500000000000005
0 0.556875 0.51375 0.07874999999999996 0.075
0 0.3175 0.630625 0.34750000000000003 0.2437499999999999
0 0.7362500000000001 0.590625 0.1325 0.11375000000000002
0 0.9324999999999999 0.603125 0.10749999999999993 0.13375000000000004
0 0.7293749999999999 0.6725000000000001 0.043749999999999914 0.0375
0 0.928125 0.7006249999999999 0.036250000000000074 0.03375000000000013
0 0.7075 0.7293749999999999 0.0625 0.061249999999999985
0 0.5793750000000001 0.82 0.08875000000000002 0.1749999999999999
0 0.38687499999999997 0.8699999999999999 0.34374999999999994 0.25999999999999995
0 0.00875 0.778125 0.0175 0.0737499999999999
0 0.028750000000000005 0.8893749999999999 0.05750000000000001 0.10124999999999992
0 0.115625 0.9393750000000001 0.23125 0.12125000000000004
0 0.6375 0.9225000000000001 0.039999999999999855 0.047499999999999966
0 0.5868749999999999 0.9581250000000001 0.07874999999999996 0.08375000000000003
0 0.20062499999999997 0.9643750000000001 0.04624999999999999 0.07125000000000004
