0 0.295 0.066875 0.1749999999999999 0.13375
0 0.1437500000000001 0.02 0.0525000000000001 0.04
0 0.04437499999999994 0.045625 0.08874999999999988 0.09125
0 0.49375 0.049374999999999995 0.10250000000000004 0.09125
0 0.09749999999999992 0.11687499999999999 0.09750000000000014 0.06625
0 0.49749999999999994 0.263125 0.555 0.26625
0 0.9356249999999999 0.2375 0.07625000000000011 0.04500000000000002
0 0.021874999999999978 0.29937500000000006 0.043749999999999956 0.12375000000000003
0 0.15625000000000006 0.320625 0.12999999999999978 0.13624999999999998
0 0.8462500000000001 0.386875 0.3075 0.22375000000000006
0 0.44125 0.38875000000000004 0.06750000000000007 0.029999999999999936
0 0.014375000000000082 0.44000000000000006 0.028750000000000164 0.11000000000000001
0 0.5175 0.42437500000000006 0.06500000000000003 0.043749999999999914
0 0.10312499999999995 0.47874999999999995 0.11875000000000002 0.11999999999999993
0 0.755625 0.458125 0.03125 0.028749999999999963
0 0.734375 0.5943750000000001 0.05874999999999995 0.05625
0 0.07937499999999997 0.644375 0.09375 0.11624999999999996
0 0.624375 0.6131249999999999 0.021249999999999946 0.05125000000000002
0 0.22625 0.73 0.20499999999999993 0.14749999999999996
0 0.715625 0.6824999999999999 0.02624999999999993 0.02999999999999998
0 0.9706250000000001 0.7168749999999999 0.04874999999999989 0.03875000000000002
0 0.76875 0.74 0.0375 0.02499999999999991
0 0.073125 0.844375 0.14625 0.19374999999999992
0 0.4331250000000001 0.813125 0.05874999999999995 0.053750000000000055
0 0.7387499999999999 0.8056249999999998 0.027499999999999948 0.03375000000000004
0 0.31 0.8556250000000001 0.1749999999999999 0.09875000000000007
0 0.195625 0.9225 0.07874999999999996 0.060000000000000143
0 0.399375 0.9550000000000001 0.22374999999999998 0.09000000000000004
0 0.07249999999999995 0.9793749999999999 0.1449999999999999 0.04124999999999997
