0 0.17 0.64 0.34 0.2425
0 0.083125 0.9912500000000002 0.06124999999999999 0.017499999999999894
0 0.129375 0.9243750000000001 0.10625 0.08874999999999993
0 0.12125 0.9818749999999999 0.05499999999999998 0.036250000000000074
0 0.39499999999999996 0.663125 0.195 0.18625000000000008
0 0.47125000000000006 0.23937499999999998 0.11500000000000003 0.08624999999999994
0 0.634375 0.6900000000000001 0.29874999999999996 0.16750000000000007
0 0.70375 0.5974999999999999 0.15749999999999992 0.14000000000000004
0 0.736875 0.464375 0.14124999999999996 0.16875
0 0.7024999999999999 0.3225 0.047499999999999966 0.040000000000000036
0 0.78375 0.32687499999999997 0.09249999999999989 0.07874999999999996
0 0.88125 0.445625 0.21750000000000008 0.15625000000000014
0 0.931875 0.10875000000000008 0.13625000000000007 0.12250000000000016
0 0.940625 0.253125 0.11875 0.21625000000000014
0 0.963125 0.7681250000000001 0.07375000000000007 0.18374999999999994
