0 0.96435546875 0.2763671875 0.0712890625 0.10546875
0 0.849609375 0.212890625 0.154296875 0.18359375
0 0.8603515625 0.32861328125 0.1171875 0.1259765625
0 0.7685546875 0.9287109375 0.193359375 0.142578125
0 0.767578125 0.0810546875 0.099609375 0.109375
0 0.8076171875 0.474609375 0.017578125 0.017578125
0 0.77197265625 0.18408203125 0.0810546875 0.1142578125
0 0.69580078125 0.33056640625 0.1455078125 0.1064453125
0 0.67333984375 0.423828125 0.1630859375 0.125
0 0.671875 0.21533203125 0.123046875 0.1298828125
0 0.66162109375 0.5302734375 0.0126953125 0.01171875
0 0.5849609375 0.13916015625 0.142578125 0.1240234375
0 0.5380859375 0.43798828125 0.087890625 0.1455078125
0 0.52685546875 0.06982421875 0.0830078125 0.0595703125
0 0.55126953125 0.58056640625 0.0205078125 0.0224609375
0 0.50390625 0.2783203125 0.10546875 0.162109375
0 0.427734375 0.17724609375 0.146484375 0.1201171875
0 0.41650390625 0.46533203125 0.1455078125 0.2236328125
0 0.42578125 0.28955078125 0.072265625 0.0751953125
0 0.33837890625 0.326171875 0.1240234375 0.125
0 0.32568359375 0.0205078125 0.0537109375 0.041015625
0 0.31103515625 0.5283203125 0.0556640625 0.06640625
0 0.29296875 0.25244140625 0.056640625 0.0693359375
0 0.24072265625 0.20703125 0.1318359375 0.126953125
0 0.16748046875 0.1103515625 0.2001953125 0.220703125
0 0.2421875 0.505859375 0.046875 0.04296875
0 0.04638671875 0.3603515625 0.0927734375 0.103515625
