0 0.04437499999999994 0.343125 0.08874999999999988 0.22124999999999995
0 0.006249999999999978 0.8168749999999999 0.012499999999999956 0.12124999999999986
0 0.06812499999999999 0.22125 0.053749999999999964 0.045
0 0.27375 0.41875 0.3200000000000001 0.2625
0 0.18625000000000003 0.9800000000000001 0.125 0.040000000000000036
0 0.15749999999999992 0.224375 0.06499999999999984 0.05125
0 0.45125000000000004 0.20562500000000003 0.4525 0.24375000000000005
0 0.29874999999999996 0.7693749999999999 0.09999999999999995 0.09124999999999987
0 0.396875 0.001875 0.21124999999999994 0.00375
0 0.329375 0.9824999999999999 0.07374999999999998 0.03499999999999996
0 0.465625 0.488125 0.22375000000000003 0.22375000000000003
0 0.4875 0.07 0.19750000000000015 0.14
0 0.478125 0.8162499999999999 0.0987499999999999 0.10749999999999993
0 0.49750000000000005 0.994375 0.1049999999999999 0.01125000000000007
0 0.475 0.89875 0.040000000000000036 0.025
0 0.610625 0.016875 0.1387500000000001 0.03375
0 0.6668750000000001 0.09875 0.21375000000000002 0.10499999999999998
0 0.680625 0.25999999999999995 0.21375000000000002 0.19999999999999996
0 0.684375 0.45625 0.20625 0.19499999999999992
0 0.7612500000000001 0.011875 0.0875 0.02375
0 0.8293750000000001 0.356875 0.10125000000000002 0.10375000000000005
0 0.87375 0.168125 0.1875 0.25125000000000003
0 0.813125 0.4574999999999999 0.06624999999999978 0.07000000000000002
0 0.938125 0.536875 0.12375000000000007 0.18875000000000003
0 0.9412499999999999 0.9012499999999999 0.11750000000000008 0.16500000000000004
0 0.954375 0.074375 0.09125000000000014 0.14875
0 0.954375 0.333125 0.09125000000000014 0.08374999999999999
