0 0.9990234375 0.2255859375 0.001953125 0.005859375
0 0.93603515625 0.322265625 0.1279296875 0.10546875
0 0.95556640625 0.4169921875 0.0888671875 0.12109375
0 0.857421875 0.2763671875 0.1640625 0.177734375
0 0.78466796875 0.21142578125 0.1318359375 0.1533203125
0 0.740234375 0.41357421875 0.033203125 0.0244140625
0 0.70166015625 0.939453125 0.0419921875 0.029296875
0 0.66259765625 0.3720703125 0.1025390625 0.04296875
0 0.67578125 0.01953125 0.05078125 0.0390625
0 0.60107421875 0.21484375 0.0673828125 0.07421875
0 0.5341796875 0.85498046875 0.099609375 0.0771484375
0 0.54638671875 0.79150390625 0.0517578125 0.0380859375
0 0.47412109375 0.45068359375 0.0966796875 0.0673828125
0 0.2978515625 0.72705078125 0.4140625 0.3095703125
0 0.44384765625 0.38623046875 0.1181640625 0.0986328125
0 0.4423828125 0.03564453125 0.03515625 0.0439453125
0 0.39501953125 0.31005859375 0.0732421875 0.0634765625
0 0.3955078125 0.52783203125 0.0546875 0.0224609375
0 0.36474609375 0.47802734375 0.0810546875 0.0986328125
0 0.30517578125 0.5537109375 0.0517578125 0.037109375
0 0.2900390625 0.5 0.060546875 0.05859375
0 0.28271484375 0.197265625 0.0439453125 0.0390625
0 0.24853515625 0.24267578125 0.0966796875 0.0439453125
0 0.232421875 0.15087890625 0.11328125 0.0673828125
0 0.25634765625 0.55322265625 0.0283203125 0.0537109375
0 0.2294921875 0.05029296875 0.02734375 0.0302734375
0 0.181640625 0.09130859375 0.087890625 0.0732421875
0 0.20263671875 0.49072265625 0.0458984375 0.0380859375
0 0.10009765625 0.95751953125 0.2001953125 0.0849609375
0 0.095703125 0.7138671875 0.123046875 0.111328125
0 0.1044921875 0.04345703125 0.05859375 0.0498046875
0 0.1181640625 0.08544921875 0.02734375 0.0205078125
0 0.06494140625 0.50537109375 0.1298828125 0.1201171875
0 0.0966796875 0.82568359375 0.05078125 0.0556640625
0 0.08056640625 0.33740234375 0.0751953125 0.0791015625
0 0.06298828125 0.0166015625 0.0712890625 0.033203125
0 0.04052734375 0.8154296875 0.0810546875 0.1640625
0 0.06298828125 0.08447265625 0.0283203125 0.0283203125
0 0.0166015625 0.7158203125 0.033203125 0.056640625
