0 0.440625 0.9925 0.21374999999999997 0.015000000000000036
0 0.92125 0.985625 0.15749999999999992 0.028750000000000143
0 0.76125 0.8412499999999999 0.07249999999999997 0.08500000000000005
0 0.35062499999999996 0.8006249999999999 0.19625000000000004 0.13874999999999993
0 0.9868750000000001 0.8543749999999999 0.02624999999999993 0.03125
0 0.5743750000000001 0.8237499999999999 0.06375000000000001 0.07499999999999991
0 0.67125 0.828125 0.03499999999999988 0.03874999999999993
0 0.85875 0.7925 0.075 0.10000000000000017
0 0.9418750000000001 0.79375 0.07624999999999993 0.0875
0 0.48875 0.7887500000000001 0.08000000000000007 0.07500000000000018
0 0.25125 0.746875 0.04249999999999998 0.06375000000000001
0 0.586875 0.51625 0.021250000000000036 0.020000000000000018
0 0.10999999999999999 0.434375 0.15749999999999997 0.15374999999999997
0 0.653125 0.44437499999999996 0.05874999999999995 0.05625000000000009
0 0.45 0.37625 0.17749999999999985 0.17749999999999994
0 0.012500000000000011 0.38062499999999994 0.025000000000000022 0.11624999999999992
0 0.1756250000000001 0.20437499999999997 0.19874999999999984 0.40874999999999995
0 0.284375 0.38 0.07874999999999996 0.04499999999999993
0 0.09187500000000004 0.32999999999999996 0.13875000000000015 0.09499999999999997
0 0.414375 0.27249999999999996 0.06374999999999989 0.0625
0 0.485 0.23875000000000002 0.06749999999999998 0.075
0 0.4643750000000001 0.16562500000000002 0.061249999999999985 0.05874999999999986
0 0.333125 0.09312500000000001 0.10624999999999996 0.11125000000000007
0 0.453125 0.05999999999999994 0.1587499999999999 0.11999999999999988
0 0.5925 0.04937500000000006 0.09500000000000001 0.09875000000000012
0 0.425625 0.0012499999999999178 0.07375000000000007 0.0024999999999998357
