0 0.418125 0.96875 0.04874999999999994 0.05750000000000029
0 0.53125 0.9568749999999999 0.05 0.036250000000000074
0 0.351875 0.860625 0.043750000000000046 0.03125
0 0.79375 0.720625 0.2 0.1012500000000001
0 0.22875 0.66 0.01750000000000007 0.027500000000000035
0 0.7525000000000001 0.5893750000000001 0.13999999999999996 0.16374999999999992
0 0.29624999999999996 0.6131249999999999 0.07750000000000004 0.07625000000000001
0 0.47125000000000006 0.58375 0.1849999999999999 0.11750000000000008
0 0.22375000000000003 0.62375 0.02499999999999991 0.029999999999999895
0 0.24500000000000002 0.61375 0.022499999999999964 0.03499999999999996
0 0.521875 0.60625 0.036249999999999984 0.040000000000000036
0 0.6224999999999999 0.6024999999999999 0.0375 0.032500000000000105
0 0.22374999999999998 0.5675000000000001 0.03249999999999997 0.04249999999999998
0 0.56875 0.46749999999999997 0.14750000000000005 0.1625
0 0.915625 0.44875 0.16875 0.19749999999999995
0 0.1524999999999999 0.364375 0.04249999999999987 0.05624999999999991
0 0.6775 0.349375 0.06499999999999995 0.043749999999999914
0 0.8881249999999999 0.32125 0.05625 0.04500000000000002
0 0.52125 0.296875 0.06000000000000005 0.04375
0 0.665625 0.270625 0.07375000000000007 0.09125000000000005
0 0.31250000000000006 0.14750000000000002 0.545 0.29500000000000004
0 0.41624999999999995 0.20562500000000003 0.1374999999999999 0.14125000000000001
0 0.55625 0.138125 0.11499999999999995 0.14875000000000002
0 0.9925 0.05187499999999995 0.015000000000000036 0.061249999999999916
0 0.6225 0.04124999999999995 0.1049999999999999 0.0824999999999999
