0 0.010625 0.05062499999999992 0.02125 0.03125
0 0.025 0.5725 0.05 0.040000000000000036
0 0.046875 0.15937500000000004 0.06625 0.09375
0 0.04625 0.9550000000000001 0.06499999999999999 0.09000000000000004
0 0.12062499999999998 0.8225 0.18124999999999997 0.2425
0 0.071875 0.08187499999999998 0.03125 0.03375000000000028
0 0.08249999999999999 0.25687499999999996 0.05249999999999999 0.05125000000000002
0 0.145 0.09062499999999996 0.057499999999999975 0.04875000000000007
0 0.141875 0.24937500000000004 0.04125000000000001 0.036250000000000115
0 0.20812499999999998 0.440625 0.13125 0.1262500000000001
0 0.234375 0.2225000000000001 0.12375000000000005 0.13749999999999984
0 0.25187499999999996 0.04312499999999997 0.13124999999999998 0.08624999999999994
0 0.316875 0.64625 0.10374999999999997 0.07750000000000004
0 0.354375 0.4525 0.13875 0.10499999999999998
0 0.358125 0.571875 0.12374999999999999 0.12624999999999992
0 0.438125 0.125 0.21875 0.16749999999999998
0 0.45999999999999996 0.9643750000000001 0.10750000000000001 0.07125000000000004
0 0.5587500000000001 0.889375 0.07999999999999999 0.22124999999999995
0 0.63375 0.6743750000000001 0.1325 0.16624999999999987
0 0.675 0.10499999999999998 0.20750000000000002 0.20999999999999996
0 0.650625 0.22249999999999998 0.10875000000000004 0.0850000000000001
0 0.670625 0.515 0.04125000000000005 0.09000000000000012
0 0.7162499999999999 0.35625 0.0750000000000001 0.09499999999999989
0 0.9887499999999999 0.97625 0.022499999999999964 0.047499999999999966
