0 0.943125 0.09875 0.11374999999999993 0.1975
0 0.9618749999999998 0.22812499999999997 0.07625000000000011 0.16124999999999998
0 0.8787500000000001 0.9525 0.24249999999999988 0.09499999999999993
0 0.93125 0.41500000000000004 0.022499999999999964 0.022499999999999964
0 0.8856249999999999 0.05812499999999998 0.10374999999999997 0.11624999999999996
0 0.7881250000000001 0.230625 0.1862499999999999 0.13625
0 0.759375 0.35000000000000003 0.20874999999999985 0.16000000000000006
0 0.7575 0.083125 0.15749999999999992 0.16625
0 0.744375 0.48624999999999996 0.016249999999999876 0.015000000000000036
0 0.64625 0.03249999999999992 0.1825000000000001 0.06499999999999984
0 0.58625 0.36812500000000004 0.1125 0.18625000000000008
0 0.603125 0.5506249999999999 0.02624999999999993 0.028750000000000053
0 0.5425 0.16375000000000006 0.13499999999999995 0.20749999999999985
0 0.445 0.055624999999999925 0.18750000000000017 0.11124999999999985
0 0.4306249999999999 0.403125 0.1862499999999999 0.28625
0 0.4425 0.17812500000000003 0.09250000000000003 0.09624999999999981
0 0.33062500000000006 0.225 0.15875000000000009 0.16000000000000017
0 0.295625 0.48375 0.07125000000000004 0.08499999999999996
0 0.27249999999999996 0.13062500000000005 0.07249999999999997 0.08875
0 0.20562500000000003 0.07687500000000008 0.16874999999999996 0.15375000000000016
0 0.12 0.04500000000000004 0.24 0.09000000000000008
0 0.20750000000000002 0.45500000000000007 0.06000000000000005 0.05499999999999998
0 0.008124999999999993 0.26875 0.016249999999999987 0.13249999999999992
