0 0.8408203125 0.00830078125 0.01953125 0.0166015625
0 0.60498046875 0.02783203125 0.0888671875 0.0556640625
0 0.361328125 0.111328125 0.048828125 0.04296875
0 0.482421875 0.162109375 0.140625 0.080078125
0 0.16455078125 0.22705078125 0.1142578125 0.1123046875
0 0.97900390625 0.22998046875 0.0419921875 0.0302734375
0 0.13525390625 0.3427734375 0.0751953125 0.037109375
0 0.12255859375 0.4541015625 0.0576171875 0.068359375
0 0.14794921875 0.57373046875 0.1494140625 0.1494140625
0 0.65673828125 0.568359375 0.1220703125 0.115234375
0 0.7607421875 0.52734375 0.033203125 0.0234375
0 0.97412109375 0.6201171875 0.0419921875 0.046875
0 0.74658203125 0.64501953125 0.0498046875 0.0595703125
0 0.6865234375 0.69970703125 0.171875 0.1494140625
0 0.3232421875 0.69091796875 0.166015625 0.1240234375
0 0.15283203125 0.7216796875 0.1962890625 0.18359375
0 0.80908203125 0.689453125 0.0791015625 0.111328125
0 0.701171875 0.845703125 0.185546875 0.14453125
0 0.21240234375 0.8173828125 0.0341796875 0.03125
0 0.3115234375 0.84716796875 0.0703125 0.0791015625
0 0.2431640625 0.84228515625 0.05859375 0.0654296875
0 0.1552734375 0.85888671875 0.04296875 0.0498046875
0 0.03076171875 0.9140625 0.0615234375 0.064453125
0 0.22900390625 0.955078125 0.1181640625 0.08984375
0 0.68896484375 0.96630859375 0.1123046875 0.0673828125
0 0.3427734375 0.966796875 0.068359375 0.06640625
0 0.76611328125 0.97607421875 0.0439453125 0.0478515625
