0 0.04625000000000001 0.020625 0.09250000000000003 0.04125
0 0.469375 0.000625 0.026250000000000016 0.00125
0 0.9037499999999999 0.056874999999999995 0.11999999999999993 0.11374999999999999
0 0.43187499999999995 0.021875 0.03125 0.028749999999999998
0 0.05312499999999998 0.139375 0.10624999999999996 0.20124999999999998
0 0.42874999999999996 0.1 0.057500000000000016 0.07
0 0.23625000000000002 0.08499999999999999 0.022500000000000055 0.03749999999999998
0 0.1768749999999999 0.09375 0.036250000000000115 0.03500000000000001
0 0.48875 0.12 0.05999999999999996 0.0475
0 0.546875 0.130625 0.028750000000000143 0.03124999999999998
0 0.8825 0.171875 0.10750000000000011 0.11124999999999999
0 0.16312500000000002 0.318125 0.21624999999999997 0.11624999999999996
0 0.005625000000000047 0.28125 0.011250000000000093 0.015000000000000036
0 0.378125 0.34187500000000004 0.03874999999999993 0.03875000000000002
0 0.014375000000000082 0.39187500000000003 0.028750000000000164 0.07125000000000004
0 0.406875 0.38 0.03374999999999995 0.040000000000000036
0 0.148125 0.4050000000000001 0.061249999999999916 0.07000000000000002
0 0.31437499999999996 0.418125 0.04624999999999999 0.09125000000000001
0 0.656875 0.4856249999999999 0.04125000000000005 0.09375
0 0.72875 0.48 0.07000000000000002 0.05999999999999996
0 0.07562499999999994 0.490625 0.043749999999999956 0.021249999999999946
0 0.8106249999999999 0.5581250000000001 0.09124999999999997 0.1312500000000001
0 0.265625 0.58875 0.07374999999999998 0.09749999999999996
0 0.08937499999999998 0.5893750000000001 0.053749999999999964 0.05625
0 0.5418749999999999 0.7625 0.51125 0.35
0 0.11812499999999992 0.680625 0.10625000000000018 0.12375000000000007
0 0.08812499999999995 0.745625 0.1762499999999999 0.10374999999999997
0 0.19624999999999998 0.72 0.05500000000000003 0.050000000000000086
0 0.24250000000000008 0.774375 0.12500000000000003 0.12375000000000007
0 0.909375 0.81375 0.15124999999999994 0.175
