0 0.193125 0.9793749999999999 0.11624999999999996 0.04124999999999997
0 0.364375 0.9737500000000001 0.15374999999999997 0.05250000000000003
0 0.6799999999999999 0.9425000000000001 0.06500000000000003 0.11500000000000003
0 0.21500000000000002 0.889375 0.1525 0.12125000000000004
0 0.36062500000000003 0.8875 0.09625000000000003 0.06999999999999992
0 0.99875 0.8956250000000001 0.002499999999999858 0.04624999999999986
0 0.6668749999999999 0.7856249999999999 0.061249999999999985 0.06625000000000006
0 0.8912500000000001 0.7487499999999999 0.07750000000000004 0.0750000000000001
0 0.03 0.7100000000000001 0.06 0.07750000000000004
0 0.9625 0.6356249999999999 0.0700000000000001 0.07374999999999998
0 0.4625 0.5862499999999999 0.15749999999999997 0.14000000000000004
0 0.30562500000000004 0.5018750000000001 0.11625 0.12124999999999994
0 0.024375 0.52 0.04875 0.075
0 0.7 0.45562500000000006 0.16749999999999998 0.20375000000000001
0 0.456875 0.4575 0.16374999999999992 0.13000000000000006
0 0.975 0.46624999999999994 0.05 0.07749999999999994
0 0.0075 0.333125 0.015 0.21625000000000005
0 0.471875 0.23937500000000003 0.22375000000000006 0.3687499999999999
0 0.8418749999999999 0.3275 0.053750000000000145 0.0625
0 0.11125 0.26125 0.11000000000000001 0.12749999999999995
0 0.039375 0.128125 0.07875 0.14875000000000008
0 0.6793750000000001 0.09499999999999997 0.06375000000000011 0.08499999999999996
0 0.8925000000000001 0.06312499999999999 0.07999999999999989 0.07624999999999993
0 0.7056250000000001 0.026249999999999996 0.07625000000000001 0.05249999999999999
0 0.458125 0.014375000000000082 0.20124999999999998 0.028750000000000164
0 0.19437500000000002 0.013124999999999942 0.10125000000000002 0.026249999999999885
0 0.7725 0.0006249999999999867 0.09250000000000007 0.0012499999999999734
0 0.8743749999999999 0.0006249999999999867 0.0887500000000001 0.0012499999999999734
