0 0.9956250000000001 0.011875 0.008750000000000036 0.02375
0 0.673125 0.1325 0.22124999999999995 0.24
0 0.08625 0.08875000000000001 0.09500000000000008 0.13
0 0.19937500000000008 0.110625 0.12124999999999986 0.13125
0 0.795 0.23187499999999997 0.04500000000000011 0.053750000000000006
0 0.5974999999999999 0.4375 0.2624999999999999 0.32
0 0.02812500000000001 0.35 0.05625000000000002 0.125
0 0.791875 0.32125000000000004 0.05125000000000011 0.06499999999999999
0 0.8106249999999999 0.615 0.24375 0.45250000000000024
0 0.246875 0.4625 0.09124999999999997 0.1
0 0.025624999999999953 0.49312500000000004 0.05124999999999991 0.07375000000000007
0 0.528125 0.6293749999999999 0.22375000000000006 0.22374999999999998
0 0.938125 0.65125 0.12375000000000007 0.19749999999999995
0 0.2 0.6418750000000001 0.10750000000000007 0.09874999999999998
0 0.01375000000000004 0.6612500000000001 0.02750000000000008 0.10499999999999998
0 0.11750000000000012 0.6387499999999999 0.025000000000000022 0.039999999999999945
0 0.9912500000000002 0.774375 0.017499999999999894 0.13875
0 0.9175000000000001 0.8306250000000001 0.1049999999999999 0.21375000000000002
0 0.75625 0.8443750000000001 0.2 0.2137500000000001
0 0.5599999999999999 0.8481250000000001 0.19499999999999992 0.2062500000000001
0 0.9962500000000001 0.925 0.007499999999999929 0.0875
0 0.6593749999999999 0.9712500000000001 0.10374999999999997 0.057499999999999926
0 0.8481249999999999 0.971875 0.2512500000000001 0.05625
0 0.55875 0.971875 0.0700000000000001 0.05625
