0 0.034375 0.6018749999999999 0.06875 0.11124999999999989
0 0.41624999999999995 0.67125 0.8300000000000001 0.6575
0 0.13187500000000002 0.28 0.23125 0.10499999999999998
0 0.29125 0.24 0.057500000000000016 0.06499999999999995
0 0.306875 0.022500000000000075 0.05125000000000002 0.04500000000000015
0 0.380625 0.07875000000000004 0.061249999999999985 0.09999999999999976
0 0.464375 0.15562499999999996 0.13874999999999993 0.09875000000000003
0 0.47937499999999994 0.23062500000000002 0.07625000000000001 0.06625
0 0.635 0.9774999999999998 0.195 0.04500000000000011
0 0.766875 0.905625 0.3262500000000001 0.18874999999999992
0 0.778125 0.17499999999999993 0.20874999999999994 0.2350000000000001
0 0.75875 0.984375 0.15249999999999994 0.03125
0 0.7481250000000002 0.060625000000000095 0.061249999999999985 0.06125000000000014
0 0.7381249999999999 0.23499999999999996 0.03375000000000004 0.03499999999999992
0 0.914375 0.5425 0.17125000000000004 0.29499999999999993
0 0.920625 0.09749999999999998 0.15874999999999986 0.19499999999999995
0 0.940625 0.75625 0.11875 0.21750000000000008
0 0.9574999999999999 0.28250000000000003 0.08499999999999996 0.0875
