0 0.7031249999999999 0.9243750000000001 0.2237499999999999 0.15124999999999994
0 0.08125000000000004 0.9806250000000001 0.125 0.03874999999999993
0 0.009375000000000022 0.9568750000000001 0.018750000000000044 0.0862499999999999
0 0.984375 0.98375 0.03125 0.03249999999999993
0 0.275625 0.9412499999999999 0.09624999999999995 0.08999999999999986
0 0.15125 0.9043749999999999 0.11499999999999999 0.1137500000000001
0 0.8125 0.83125 0.08500000000000005 0.075
0 0.334375 0.804375 0.11375000000000002 0.12624999999999992
0 0.9581249999999999 0.834375 0.036250000000000074 0.05124999999999993
0 0.026249999999999996 0.803125 0.05249999999999999 0.06624999999999988
0 0.9775 0.77 0.030000000000000072 0.04499999999999993
0 0.5325 0.7206249999999998 0.14000000000000004 0.12625000000000003
0 0.021874999999999978 0.744375 0.043749999999999956 0.04875000000000007
0 0.8424999999999999 0.701875 0.11749999999999998 0.11874999999999991
0 0.020625000000000004 0.63375 0.04125000000000001 0.14499999999999993
0 0.340625 0.64 0.12374999999999989 0.11000000000000006
0 0.713125 0.641875 0.0987499999999999 0.09375
0 0.996875 0.619375 0.00625 0.07874999999999996
0 0.911875 0.56125 0.05874999999999986 0.040000000000000036
0 0.315 0.5375 0.039999999999999945 0.03499999999999988
0 0.007500000000000007 0.53 0.015000000000000013 0.022499999999999964
0 0.58625 0.49750000000000005 0.05499999999999998 0.05
0 0.03624999999999995 0.505625 0.0249999999999998 0.028750000000000053
0 0.9068750000000001 0.43687499999999996 0.0887500000000001 0.10875000000000004
0 0.7924999999999999 0.44625000000000004 0.02999999999999998 0.03500000000000005
0 0.27375 0.433125 0.06500000000000003 0.06125000000000007
0 0.5181250000000001 0.441875 0.03874999999999993 0.04124999999999997
0 0.03875000000000001 0.36124999999999996 0.07750000000000001 0.15749999999999997
0 0.56375 0.40374999999999994 0.047500000000000056 0.04250000000000007
0 0.1893749999999999 0.3681249999999999 0.09375000000000014 0.05625000000000004
0 0.48374999999999996 0.384375 0.025 0.02124999999999999
0 0.98375 0.373125 0.030000000000000072 0.036249999999999984
0 0.17624999999999996 0.23562499999999992 0.17500000000000013 0.23125000000000004
0 0.06874999999999998 0.21187500000000004 0.13749999999999996 0.18625000000000005
0 0.3349999999999999 0.14875 0.29000000000000015 0.2975
0 0.5887499999999999 0.255625 0.06750000000000016 0.06875000000000009
0 0.56375 0.17125000000000007 0.14000000000000004 0.22249999999999978
0 0.79 0.20375000000000004 0.01749999999999998 0.022499999999999833
0 0.990625 0.150625 0.01875 0.07125000000000004
0 0.6575 0.09874999999999995 0.09749999999999996 0.10499999999999987
0 0.385 0.050624999999999976 0.08749999999999991 0.10124999999999995
0 0.7324999999999999 0.05249999999999999 0.07999999999999999 0.040000000000000036
0 0.08437499999999998 0.01375000000000004 0.16874999999999996 0.02750000000000008
0 0.9331250000000001 0.011249999999999982 0.061249999999999895 0.022499999999999964
