0 0.015 0.030625000000000013 0.03 0.06125000000000003
0 0.020625 0.17437499999999995 0.04125 0.15375000000000005
0 0.05187499999999999 0.49000000000000005 0.10374999999999998 0.06499999999999995
0 0.099375 0.05062500000000003 0.12125000000000001 0.10125000000000006
0 0.10125000000000002 0.17062500000000008 0.06999999999999999 0.09624999999999984
0 0.09312500000000001 0.8274999999999999 0.04625 0.040000000000000036
0 0.203125 0.4768749999999999 0.06624999999999996 0.061249999999999985
0 0.24000000000000005 0.70125 0.075 0.07750000000000004
0 0.31062500000000004 0.954375 0.10874999999999999 0.09125000000000014
0 0.353125 0.7725 0.07375000000000007 0.06999999999999992
0 0.4025 0.2725 0.13999999999999996 0.15750000000000008
0 0.42937499999999995 0.9668749999999999 0.14374999999999996 0.06624999999999996
0 0.48687500000000006 0.11562499999999987 0.12124999999999994 0.11624999999999996
0 0.533125 0.51 0.20374999999999996 0.16749999999999998
0 0.53125 0.2668750000000001 0.12999999999999998 0.1637499999999998
0 0.5225000000000001 0.786875 0.07750000000000004 0.053749999999999964
0 0.5931249999999999 0.9650000000000001 0.11875 0.06999999999999992
0 0.749375 0.2818750000000001 0.3687500000000001 0.2237499999999999
0 0.66125 0.651875 0.0625 0.053749999999999964
0 0.7543749999999999 0.968125 0.14125000000000004 0.06374999999999993
0 0.8743749999999999 0.8550000000000001 0.06874999999999983 0.047499999999999966
0 0.89375 0.48937500000000006 0.08500000000000014 0.06375000000000001
0 0.9256249999999999 0.7025 0.07624999999999993 0.08000000000000007
0 0.968125 0.515625 0.06374999999999993 0.07625000000000001
0 0.9800000000000001 0.26812500000000006 0.040000000000000036 0.20124999999999993
0 0.98125 0.027500000000000024 0.0375 0.05500000000000005
0 0.99375 0.5825 0.0125 0.09250000000000007
0 0.99375 0.684375 0.0125 0.08874999999999993
