0 0.866875 0.026875 0.07375000000000025 0.05375
0 0.7025 0.070625 0.18500000000000005 0.14125
0 0.30625 0.068125 0.32000000000000006 0.13625
0 0.835 0.10687500000000001 0.125 0.12125
0 0.691875 0.273125 0.32875 0.24375
0 0.35625 0.250625 0.10249999999999986 0.18625
0 0.5825 0.46312499999999995 0.17750000000000005 0.17375000000000002
0 0.35875 0.54625 0.22750000000000004 0.3075
0 0.08875 0.54 0.1775 0.2125
0 0.7150000000000001 0.568125 0.11250000000000009 0.15125000000000002
0 0.5193749999999999 0.66875 0.14375 0.15249999999999994
0 0.29624999999999996 0.871875 0.14000000000000004 0.24375
0 0.460625 0.846875 0.14625000000000007 0.19125000000000014
0 0.5912499999999999 0.8793750000000001 0.2125 0.20125
0 0.785625 0.86875 0.15374999999999997 0.15249999999999994
0 0.003124999999999989 0.9075 0.006249999999999978 0.1674999999999999
0 0.9375 0.913125 0.06999999999999992 0.12375000000000007
0 0.9893750000000001 0.9287500000000002 0.021250000000000036 0.09749999999999996
0 0.9925 0.905 0.015000000000000036 0.04500000000000011
0 0.625 0.9643750000000001 0.2575000000000001 0.07125000000000004
0 0.79125 0.976875 0.10999999999999979 0.046250000000000034
0 0.40875000000000006 0.9818749999999999 0.17 0.036250000000000074
