0 0.36062500000000003 0.97875 0.04874999999999994 0.04250000000000007
0 0.47375000000000006 0.974375 0.050000000000000086 0.036250000000000074
0 0.294375 0.878125 0.04375000000000009 0.03125
0 0.7362499999999998 0.738125 0.1999999999999999 0.1012500000000001
0 0.17125 0.6775 0.01750000000000007 0.027499999999999858
0 0.6950000000000001 0.6068749999999999 0.14000000000000004 0.16374999999999992
0 0.23874999999999993 0.630625 0.07749999999999999 0.07624999999999993
0 0.41375 0.60125 0.18499999999999997 0.11749999999999998
0 0.16625000000000006 0.64125 0.0249999999999998 0.030000000000000072
0 0.1875 0.63125 0.022500000000000187 0.03499999999999988
0 0.4643750000000001 0.62375 0.036249999999999984 0.040000000000000036
0 0.5650000000000001 0.6199999999999999 0.0375 0.032500000000000015
0 0.16624999999999995 0.585 0.03249999999999986 0.04250000000000007
0 0.5112500000000001 0.485 0.14750000000000005 0.16249999999999992
0 0.8768750000000001 0.46625000000000005 0.20625000000000018 0.19749999999999995
0 0.09500000000000003 0.3818750000000001 0.04249999999999987 0.05625000000000004
0 0.62 0.366875 0.06500000000000003 0.043750000000000046
0 0.99375 0.335625 0.0125 0.07375000000000007
0 0.8306250000000001 0.33875 0.05625 0.04499999999999993
0 0.46374999999999994 0.314375 0.06000000000000005 0.04375000000000009
0 0.608125 0.2881250000000001 0.07375000000000007 0.09124999999999991
0 0.26375000000000004 0.15625 0.5275000000000001 0.3125
0 0.999375 0.23437499999999992 0.001249999999999929 0.12125000000000016
0 0.35875 0.22312500000000002 0.1375 0.14124999999999988
0 0.4987500000000001 0.155625 0.11499999999999995 0.14874999999999994
0 0.9862500000000001 0.10312500000000002 0.027500000000000035 0.15124999999999988
0 0.959375 0.06937499999999996 0.06374999999999993 0.06125000000000003
0 0.565 0.04999999999999999 0.1049999999999999 0.09999999999999998
0 0.9887499999999999 0.0025000000000000577 0.022499999999999964 0.0050000000000001155
