0 0.335625 0.026875000000000093 0.043750000000000046 0.03125
0 0.7775 0.166875 0.19999999999999982 0.10125000000000006
0 0.21249999999999997 0.22749999999999998 0.01749999999999998 0.027499999999999948
0 0.73625 0.29812500000000003 0.14000000000000004 0.16374999999999992
0 0.27999999999999997 0.274375 0.07750000000000004 0.07625000000000001
0 0.45499999999999996 0.3037500000000001 0.18499999999999991 0.11750000000000002
0 0.20749999999999996 0.26375000000000004 0.025000000000000022 0.030000000000000027
0 0.22875 0.27375 0.022499999999999964 0.03500000000000001
0 0.505625 0.28125 0.03624999999999989 0.040000000000000036
0 0.60625 0.28500000000000003 0.0375 0.03249999999999997
0 0.20749999999999993 0.32000000000000006 0.032500000000000064 0.04249999999999998
0 0.5525 0.41999999999999993 0.14749999999999996 0.16249999999999992
0 0.9075 0.43875000000000003 0.18500000000000014 0.19749999999999993
0 0.13624999999999998 0.5231250000000001 0.04249999999999998 0.05625
0 0.66125 0.538125 0.06500000000000003 0.04375000000000009
0 0.871875 0.5662499999999999 0.05625 0.04500000000000002
0 0.505 0.590625 0.05999999999999996 0.04375
0 0.649375 0.6168750000000001 0.07375000000000007 0.09124999999999997
0 0.29625 0.79625 0.5449999999999999 0.4074999999999999
0 0.4 0.681875 0.13749999999999996 0.14124999999999996
0 0.54 0.749375 0.11499999999999995 0.14875000000000008
0 0.984375 0.835625 0.03125 0.061249999999999895
0 0.60625 0.8600000000000001 0.1049999999999999 0.10999999999999996
0 0.9475000000000001 0.9256249999999999 0.02499999999999982 0.02375000000000007
0 0.685 0.9806250000000001 0.05999999999999996 0.03874999999999993
