0 0.8081250000000001 0.008125 0.05625 0.01625
0 0.49124999999999996 0.00625 0.025000000000000088 0.0125
0 0.9368749999999999 0.07125000000000001 0.07125000000000004 0.05250000000000001
0 0.0125 0.123125 0.025 0.04624999999999999
0 0.53125 0.148125 0.040000000000000036 0.053750000000000006
0 0.118125 0.171875 0.09375000000000003 0.06624999999999996
0 0.934375 0.17124999999999999 0.13125 0.06499999999999995
0 0.78125 0.24562499999999998 0.2425 0.18124999999999997
0 0.040625 0.196875 0.03375000000000001 0.03125
0 0.215625 0.20750000000000002 0.05125000000000002 0.05250000000000003
0 0.049374999999999995 0.27 0.048749999999999995 0.057500000000000016
0 0.20812499999999998 0.26687500000000003 0.036250000000000025 0.04125000000000001
0 0.399375 0.333125 0.12625000000000003 0.13124999999999995
0 0.18125 0.359375 0.1375 0.12375000000000007
0 0.0225 0.37687499999999996 0.045 0.13124999999999995
0 0.6050000000000001 0.441875 0.07749999999999994 0.10374999999999997
0 0.41125000000000006 0.47937499999999994 0.10499999999999998 0.13875
0 0.530625 0.4831250000000001 0.12624999999999992 0.12374999999999999
0 0.08375 0.563125 0.1675 0.21875
0 0.94375 0.585 0.1125 0.10750000000000001
0 0.86875 0.6837500000000001 0.2625 0.07999999999999999
0 0.633125 0.75875 0.16625000000000006 0.1325
0 0.084375 0.8 0.16875 0.2075000000000001
0 0.18125 0.775625 0.08499999999999996 0.10874999999999994
0 0.47375000000000006 0.795625 0.08999999999999994 0.04124999999999997
0 0.31500000000000006 0.8412499999999999 0.09499999999999997 0.075
