0 0.96125 0.8693750000000001 0.05249999999999986 0.07125000000000004
0 0.8631250000000001 0.9793749999999999 0.14874999999999988 0.04124999999999997
0 0.884375 0.46375 0.053749999999999964 0.040000000000000036
0 0.860625 0.05062500000000001 0.06624999999999996 0.09375000000000001
0 0.8612500000000001 0.8743749999999999 0.06500000000000003 0.14625000000000005
0 0.786875 0.71375 0.18124999999999983 0.24249999999999988
0 0.825 0.148125 0.05250000000000012 0.051249999999999976
0 0.7693749999999999 0.9893750000000001 0.05125000000000002 0.021250000000000036
0 0.7625 0.003125 0.057499999999999926 0.00625
0 0.765625 0.140625 0.04124999999999997 0.036249999999999984
0 0.6993750000000001 0.33187500000000003 0.13125 0.12625000000000003
0 0.673125 0.11374999999999999 0.12374999999999989 0.1375
0 0.655 0.9675 0.09500000000000011 0.06499999999999986
0 0.5906250000000001 0.5375 0.10374999999999997 0.07749999999999994
0 0.553125 0.34375 0.13875 0.10499999999999998
0 0.5493750000000001 0.46312499999999995 0.12375000000000007 0.12625000000000003
0 0.469375 0.05 0.21875 0.1
0 0.44749999999999995 0.8775000000000001 0.10749999999999989 0.11500000000000021
0 0.34875 0.835 0.08000000000000007 0.32999999999999996
0 0.27375 0.565625 0.13249999999999992 0.16625000000000006
0 0.2325 0.05062500000000001 0.20750000000000016 0.10125000000000002
0 0.2568750000000001 0.11374999999999999 0.10874999999999999 0.085
0 0.236875 0.40625 0.04124999999999988 0.09
0 0.1912500000000001 0.24749999999999997 0.07499999999999984 0.09499999999999997
