0 0.035 0.333125 0.07 0.24375
0 0.0925 0.36875 0.125 0.125
0 0.155625 0.478125 0.09375000000000004 0.11375000000000002
0 0.08125000000000002 0.533125 0.10250000000000001 0.09375
0 0.18624999999999997 0.6581250000000001 0.19749999999999995 0.2312500000000001
0 0.896875 0.68875 0.20625 0.2049999999999999
0 0.298125 0.69625 0.11875 0.15000000000000008
0 0.741875 0.760625 0.14624999999999985 0.16375000000000012
0 0.39249999999999996 0.76 0.12750000000000003 0.1374999999999999
0 0.025625 0.783125 0.05125 0.11124999999999989
0 0.22125000000000003 0.8524999999999998 0.15500000000000003 0.18499999999999997
0 0.36187500000000006 0.8775000000000001 0.10375000000000001 0.11500000000000021
0 0.103125 0.9375 0.20625 0.125
0 0.14750000000000002 0.9118749999999999 0.07750000000000001 0.053749999999999964
0 0.33875 0.9650000000000001 0.11749999999999998 0.06999999999999992
0 0.45437500000000003 0.9793749999999999 0.07375000000000007 0.04124999999999997
