0 0.253125 0.0075 0.09875000000000003 0.015
0 0.0025000000000000577 0.024375 0.0050000000000001155 0.04875
0 0.586875 0.09125000000000001 0.06624999999999996 0.085
0 0.26 0.24874999999999997 0.1625000000000001 0.2975
0 0.10124999999999988 0.13624999999999998 0.03749999999999998 0.032499999999999994
0 0.45812500000000006 0.29312499999999997 0.19874999999999998 0.20875000000000005
0 0.008749999999999925 0.306875 0.01749999999999985 0.17625000000000002
0 0.590625 0.28875 0.03875000000000002 0.06499999999999999
0 0.64625 0.289375 0.03750000000000009 0.04874999999999994
0 0.7981250000000001 0.29874999999999996 0.04375000000000009 0.04750000000000001
0 0.1493750000000001 0.39 0.2087499999999999 0.20250000000000004
0 0.6018749999999999 0.35750000000000004 0.05875000000000004 0.05
0 0.75125 0.37249999999999994 0.05500000000000007 0.05249999999999999
0 0.659375 0.3825 0.06625000000000006 0.047499999999999966
0 0.39749999999999996 0.42750000000000005 0.09499999999999993 0.06250000000000004
0 0.7368750000000001 0.5349999999999999 0.053750000000000055 0.07999999999999999
0 0.15250000000000002 0.5650000000000001 0.08750000000000002 0.12000000000000002
0 0.968125 0.6168750000000001 0.06374999999999993 0.11124999999999989
0 0.709375 0.6456249999999999 0.07124999999999995 0.08875000000000002
0 0.5731249999999999 0.6681250000000001 0.08874999999999993 0.12374999999999999
0 0.03562500000000002 0.70375 0.07125000000000004 0.12000000000000002
0 0.635 0.8324999999999999 0.05500000000000007 0.10250000000000004
0 0.18812500000000001 0.915 0.11375000000000005 0.15
0 0.8724999999999999 0.976875 0.04499999999999993 0.046250000000000034
0 0.19874999999999993 0.99875 0.04500000000000004 0.002499999999999858
