0 0.11125 0.058125 0.2225 0.11625
0 0.061875 0.104375 0.12375 0.16875
0 0.284375 0.16125 0.03125 0.04249999999999998
0 0.9574999999999999 0.210625 0.0375 0.053750000000000006
0 0.23125 0.260625 0.05500000000000003 0.13124999999999995
0 0.03875 0.33937500000000004 0.0775 0.08624999999999998
0 0.849375 0.425 0.09875000000000007 0.1275
0 0.7681250000000001 0.409375 0.04874999999999998 0.06625
0 0.33187500000000003 0.501875 0.08624999999999998 0.12374999999999989
0 0.685625 0.7275 0.39625000000000005 0.53
0 0.24937499999999999 0.540625 0.12625 0.15124999999999994
0 0.151875 0.603125 0.08125 0.09375
0 0.43062500000000004 0.6025 0.028750000000000053 0.07000000000000002
0 0.366875 0.641875 0.12624999999999997 0.10375000000000005
0 0.46375 0.718125 0.047499999999999966 0.06624999999999988
0 0.395 0.7375 0.07500000000000004 0.07750000000000004
0 0.01625 0.746875 0.0325 0.05625
0 0.065625 0.790625 0.05625 0.12375000000000007
0 0.46312499999999995 0.780625 0.06874999999999991 0.036249999999999984
0 0.383125 0.8493749999999999 0.04874999999999989 0.05875000000000004
0 0.963125 0.9262499999999999 0.07375000000000007 0.14749999999999996
0 0.66875 0.95375 0.1425 0.09250000000000007
0 0.401875 0.9712500000000001 0.15374999999999997 0.057499999999999926
0 0.811875 0.97625 0.07124999999999995 0.047499999999999966
0 0.18687499999999999 0.97875 0.10124999999999999 0.04250000000000007
