0 0.66875 0.025625 0.32249999999999995 0.05125
0 0.931875 0.10875000000000001 0.13625000000000007 0.21000000000000002
0 0.528125 0.1875 0.32875 0.3
0 0.9956250000000001 0.22000000000000003 0.008750000000000036 0.2225
0 0.6950000000000001 0.34625 0.29000000000000004 0.21749999999999997
0 0.26812500000000006 0.30874999999999997 0.10874999999999999 0.1325
0 0.923125 0.353125 0.15375000000000014 0.12374999999999994
0 0.465625 0.41937499999999994 0.11625000000000014 0.17375
0 0.21875 0.471875 0.17750000000000002 0.14875000000000002
0 0.48125 0.6487499999999999 0.615 0.39499999999999985
0 0.276875 0.56375 0.14124999999999996 0.1700000000000001
0 0.8681249999999998 0.610625 0.20624999999999982 0.18375000000000002
0 0.9862500000000001 0.616875 0.027500000000000035 0.19624999999999995
0 0.06 0.65625 0.12 0.26499999999999985
0 0.7681250000000001 0.850625 0.22874999999999987 0.19875000000000007
0 0.129375 0.903125 0.24374999999999997 0.19375
0 0.003125 0.931875 0.00625 0.13625000000000007
0 0.270625 0.9724999999999999 0.26375000000000004 0.05500000000000007
0 0.9075 0.9824999999999999 0.18500000000000014 0.03499999999999996
