0 0.60875 0.95875 0.18 0.08249999999999993
0 0.9099999999999999 0.983125 0.18000000000000008 0.033749999999999857
0 0.5018750000000001 0.9324999999999999 0.21375000000000002 0.13499999999999995
0 0.951875 0.9199999999999999 0.09624999999999986 0.13749999999999982
0 0.8081250000000001 0.9043749999999999 0.026250000000000016 0.03375000000000004
0 0.8225 0.7212500000000001 0.07250000000000005 0.08500000000000005
0 0.41187499999999994 0.680625 0.19624999999999998 0.13874999999999993
0 0.6356249999999999 0.70375 0.06375000000000001 0.075
0 0.7324999999999999 0.708125 0.03500000000000005 0.038750000000000104
0 0.9199999999999999 0.6725 0.075 0.09999999999999991
0 0.9824999999999999 0.6737500000000001 0.03499999999999996 0.08750000000000009
0 0.55 0.66875 0.07999999999999999 0.075
0 0.3125 0.6268749999999998 0.04249999999999998 0.06375000000000001
0 0.648125 0.39625 0.021249999999999946 0.020000000000000018
0 0.17125 0.31437499999999996 0.15749999999999997 0.15374999999999991
0 0.7143750000000001 0.324375 0.05874999999999995 0.05625
0 0.51125 0.25625000000000003 0.17750000000000005 0.17749999999999988
0 0.050624999999999976 0.260625 0.07124999999999992 0.11624999999999996
0 0.23687499999999995 0.14437499999999998 0.19874999999999998 0.28874999999999995
0 0.34562499999999996 0.26 0.07875000000000001 0.04499999999999993
0 0.153125 0.20999999999999996 0.13875000000000007 0.09499999999999995
0 0.47562499999999996 0.15250000000000008 0.06374999999999993 0.0625
0 0.54625 0.11875000000000002 0.06749999999999998 0.07499999999999996
0 0.525625 0.04562499999999997 0.061249999999999985 0.05874999999999997
0 0.39437500000000003 0.014375000000000082 0.10624999999999991 0.028750000000000164
