0 0.025625 0.7025 0.05125 0.0625
0 0.08875000000000001 0.5475 0.10250000000000001 0.18
0 0.171875 0.940625 0.14375 0.11875
0 0.32 0.971875 0.047499999999999966 0.05625
0 0.4625 0.985625 0.0875 0.028750000000000143
0 0.615625 0.9400000000000001 0.19125000000000006 0.11999999999999993
0 0.60875 0.32437499999999997 0.14749999999999996 0.15625000000000008
0 0.55625 0.1912500000000001 0.030000000000000072 0.04249999999999985
0 0.7068749999999999 0.209375 0.07625000000000001 0.06374999999999997
0 0.7768750000000001 0.28624999999999995 0.19125000000000014 0.2200000000000001
0 0.765625 0.7512500000000001 0.15874999999999986 0.21250000000000008
0 0.805 0.921875 0.23499999999999996 0.15625
0 0.7637499999999999 0.12937499999999996 0.1425 0.10124999999999995
0 0.9356249999999999 0.26749999999999996 0.12874999999999998 0.23750000000000004
0 0.9274999999999999 0.8931250000000001 0.040000000000000036 0.04375
0 0.9574999999999999 0.76625 0.08499999999999996 0.09000000000000012
0 0.95875 0.85375 0.08249999999999993 0.075
0 0.974375 0.9662499999999999 0.05124999999999993 0.05500000000000007
