0 0.7763671875 0.0576171875 0.123046875 0.115234375
0 0.68115234375 0.05859375 0.0419921875 0.107421875
0 0.8671875 0.02392578125 0.0390625 0.0205078125
0 0.1025390625 0.1171875 0.1484375 0.197265625
0 0.46728515625 0.05908203125 0.0576171875 0.0517578125
0 0.58984375 0.07275390625 0.076171875 0.0576171875
0 0.65087890625 0.07666015625 0.0205078125 0.0244140625
0 0.4990234375 0.1044921875 0.099609375 0.078125
0 0.7626953125 0.1923828125 0.115234375 0.142578125
0 0.02783203125 0.28662109375 0.0556640625 0.1787109375
0 0.5341796875 0.2333984375 0.041015625 0.05078125
0 0.28369140625 0.2705078125 0.0478515625 0.041015625
0 0.48828125 0.2607421875 0.0234375 0.013671875
0 0.12939453125 0.3076171875 0.0537109375 0.080078125
0 0.0703125 0.31591796875 0.044921875 0.0732421875
0 0.7509765625 0.3134765625 0.037109375 0.060546875
0 0.509765625 0.3408203125 0.05859375 0.064453125
0 0.01123046875 0.42041015625 0.0224609375 0.0908203125
0 0.1884765625 0.50439453125 0.1640625 0.2568359375
0 0.88134765625 0.48291015625 0.0751953125 0.1162109375
0 0.78564453125 0.4990234375 0.1376953125 0.12890625
0 0.61474609375 0.49755859375 0.0595703125 0.0830078125
0 0.0458984375 0.55029296875 0.091796875 0.1318359375
0 0.77294921875 0.7421875 0.1728515625 0.345703125
0 0.0537109375 0.62158203125 0.04296875 0.0498046875
0 0.103515625 0.65673828125 0.09375 0.0830078125
0 0.88671875 0.67041015625 0.0703125 0.0986328125
0 0.021484375 0.6904296875 0.04296875 0.13671875
0 0.28271484375 0.705078125 0.1142578125 0.09765625
0 0.59033203125 0.7197265625 0.0751953125 0.091796875
0 0.1005859375 0.7451171875 0.0625 0.0859375
0 0.1748046875 0.74560546875 0.02734375 0.0341796875
0 0.298828125 0.77734375 0.052734375 0.0546875
0 0.02978515625 0.7978515625 0.0595703125 0.083984375
0 0.6396484375 0.81103515625 0.03515625 0.0791015625
0 0.6787109375 0.82470703125 0.03515625 0.0654296875
0 0.90283203125 0.85009765625 0.0849609375 0.1103515625
0 0.08544921875 0.83203125 0.0576171875 0.05859375
0 0.68701171875 0.875 0.0205078125 0.041015625
0 0.04296875 0.943359375 0.0859375 0.11328125
0 0.69775390625 0.93994140625 0.0341796875 0.0927734375
0 0.92919921875 0.95458984375 0.0615234375 0.0517578125
0 0.63916015625 0.96728515625 0.0732421875 0.0400390625
0 0.357421875 0.9853515625 0.037109375 0.029296875
