0 0.11437499999999994 0.963125 0.07374999999999987 0.07375000000000007
0 0.27875000000000005 0.9193749999999999 0.18500000000000005 0.16125000000000006
0 0.675 0.921875 0.31999999999999995 0.15625
0 0.14625 0.8731249999999999 0.125 0.12125000000000004
0 0.289375 0.7068749999999999 0.32875 0.2437499999999999
0 0.625 0.7293749999999999 0.10250000000000004 0.18624999999999997
0 0.39875000000000005 0.516875 0.17749999999999994 0.1737499999999999
0 0.6224999999999999 0.43375 0.22749999999999995 0.3075
0 0.9018750000000001 0.44000000000000006 0.19625000000000004 0.21250000000000005
0 0.26625 0.41187500000000005 0.11250000000000004 0.15124999999999994
0 0.46187500000000004 0.31124999999999997 0.1437499999999999 0.1525
0 0.6849999999999999 0.11499999999999999 0.13999999999999996 0.22999999999999998
0 0.520625 0.133125 0.14625000000000005 0.19125000000000003
0 0.39 0.100625 0.21250000000000008 0.20125
0 0.195625 0.11124999999999996 0.15374999999999994 0.15250000000000008
0 0.9875 0.078125 0.025 0.15625
0 0.04375000000000001 0.06687500000000002 0.06999999999999995 0.1237499999999998
0 0.0012499999999999178 0.05124999999999991 0.0024999999999998357 0.09750000000000014
0 0.35625 0.025624999999999953 0.25749999999999995 0.05124999999999991
0 0.19 0.013124999999999942 0.11000000000000001 0.026249999999999885
0 0.5725 0.008124999999999993 0.16999999999999993 0.016249999999999987
