0 0.105625 0.7249999999999999 0.21125 0.24249999999999988
0 0.026875 0.9824999999999999 0.05375 0.03499999999999996
0 0.26625 0.7481250000000002 0.195 0.18625000000000008
0 0.34249999999999997 0.32437499999999997 0.11500000000000003 0.08624999999999994
0 0.505625 0.775 0.29875000000000007 0.16749999999999998
0 0.575 0.6824999999999999 0.15750000000000003 0.13999999999999996
0 0.608125 0.5493750000000001 0.14124999999999996 0.16875
0 0.5737500000000001 0.40750000000000003 0.047500000000000056 0.04000000000000008
0 0.655 0.41187500000000005 0.09249999999999999 0.07874999999999996
0 0.7525 0.530625 0.2174999999999999 0.15625
0 0.725625 0.010624999999999996 0.11624999999999996 0.02124999999999999
0 0.809375 0.19375000000000003 0.14875000000000008 0.12249999999999991
0 0.87625 0.33812499999999995 0.24750000000000005 0.21624999999999997
0 0.86875 0.853125 0.1424999999999999 0.18374999999999994
0 0.95625 0.6481250000000001 0.0875 0.12125000000000004
