0 0.024374999999999925 0.5943750000000001 0.04874999999999985 0.22125000000000003
0 0.02812500000000001 0.7162499999999999 0.053750000000000075 0.04500000000000002
0 0.23375000000000007 0.51875 0.31999999999999995 0.26250000000000007
0 0.11749999999999998 0.713125 0.06500000000000006 0.05125000000000002
0 0.41125000000000006 0.7318749999999999 0.45249999999999985 0.24375
0 0.25875000000000004 0.16812500000000008 0.10000000000000009 0.09124999999999986
0 0.35687499999999994 0.9668749999999999 0.21125000000000002 0.06624999999999996
0 0.425625 0.449375 0.22375000000000003 0.22375000000000006
0 0.44749999999999995 0.86875 0.19750000000000006 0.1424999999999999
0 0.438125 0.12125000000000008 0.09875000000000007 0.10749999999999993
0 0.43499999999999994 0.038749999999999896 0.040000000000000036 0.025000000000000022
0 0.5706249999999999 0.951875 0.1387500000000001 0.09624999999999986
0 0.6268750000000001 0.8387499999999999 0.21375000000000002 0.10499999999999998
0 0.640625 0.6775 0.2137500000000001 0.1999999999999999
0 0.6443749999999999 0.48125 0.2062500000000001 0.19499999999999992
0 0.7212500000000001 0.9493750000000001 0.0875 0.07124999999999986
0 0.789375 0.5806250000000001 0.10125000000000002 0.10375000000000015
0 0.83375 0.7693749999999999 0.1875 0.2512499999999999
0 0.7731250000000001 0.48 0.06624999999999996 0.0700000000000001
0 0.9181250000000001 0.40062499999999995 0.16374999999999992 0.18875000000000003
0 0.9075 0.05937500000000001 0.1299999999999999 0.11875000000000002
0 0.934375 0.890625 0.13125 0.20374999999999996
0 0.925 0.604375 0.1125 0.08375000000000003
0 0.9925 0.036250000000000004 0.015000000000000036 0.07250000000000001
