0 0.351875 0.40499999999999997 0.18125 0.1700000000000001
0 0.44625000000000004 0.6449999999999999 0.125 0.13249999999999992
0 0.5974999999999999 0.24562499999999998 0.05500000000000007 0.053749999999999964
0 0.6431250000000001 0.681875 0.07375000000000007 0.06375000000000001
0 0.713125 0.81875 0.06375000000000001 0.047500000000000056
0 0.7612499999999999 0.496875 0.15499999999999997 0.14375
0 0.754375 0.663125 0.1362499999999999 0.10125000000000002
0 0.7137499999999999 0.778125 0.050000000000000086 0.03874999999999993
0 0.73375 0.743125 0.06749999999999998 0.03875000000000002
0 0.8 0.603125 0.02250000000000014 0.02375000000000007
0 0.8275 0.2625 0.04250000000000007 0.049999999999999954
0 0.8418749999999999 0.2093750000000001 0.04375 0.04874999999999987
0 0.8350000000000002 0.5706249999999999 0.012500000000000178 0.013750000000000106
0 0.929375 0.42374999999999996 0.14124999999999996 0.2975
0 0.930625 0.514375 0.11374999999999993 0.0887500000000001
0 0.8993749999999998 0.06500000000000006 0.04375000000000018 0.04499999999999993
0 0.9706250000000001 0.012500000000000011 0.04124999999999997 0.025000000000000022
0 0.9800000000000001 0.71 0.040000000000000036 0.0375
