0 0.13875 0.108125 0.2775 0.21625
0 0.49874999999999997 0.060625 0.1924999999999999 0.12125
0 0.73875 0.028750000000000005 0.1450000000000001 0.05750000000000001
0 0.934375 0.05125 0.13125 0.1025
0 0.6231249999999999 0.114375 0.13374999999999995 0.21125000000000002
0 0.38187499999999996 0.06999999999999999 0.05624999999999995 0.042499999999999996
0 0.710625 0.1325 0.053750000000000055 0.05249999999999999
0 0.7681250000000001 0.15499999999999997 0.036249999999999984 0.057499999999999996
0 0.945 0.181875 0.042500000000000246 0.08624999999999998
0 0.305625 0.253125 0.21125 0.18874999999999997
0 0.2 0.19187500000000002 0.075 0.061250000000000006
0 0.535625 0.23125 0.13375000000000004 0.12749999999999997
0 0.6606249999999999 0.26687500000000003 0.18125 0.17875000000000002
0 0.8631249999999999 0.23937499999999998 0.09875000000000007 0.07875000000000001
0 0.49499999999999994 0.286875 0.09500000000000001 0.10375000000000005
0 0.768125 0.339375 0.15875000000000003 0.18125
0 0.9018750000000001 0.29500000000000004 0.12124999999999986 0.09000000000000004
0 0.08687500000000001 0.33625 0.16375 0.15999999999999998
0 0.8574999999999999 0.44437499999999996 0.17249999999999996 0.24874999999999997
0 0.4725 0.456875 0.33999999999999997 0.26125000000000004
0 0.655 0.40437500000000004 0.0625 0.06375000000000006
0 0.9712500000000001 0.53125 0.057499999999999926 0.225
0 0.2575 0.4625 0.03500000000000001 0.06500000000000003
0 0.66875 0.6074999999999999 0.27250000000000013 0.2899999999999999
0 0.165625 0.561875 0.05875000000000001 0.08624999999999998
0 0.30374999999999996 0.6224999999999999 0.17499999999999996 0.2000000000000001
0 0.09937500000000002 0.58125 0.058750000000000004 0.06999999999999992
0 0.4987500000000001 0.574375 0.09500000000000001 0.053749999999999964
0 0.90625 0.60625 0.13999999999999985 0.11750000000000008
0 0.49749999999999994 0.698125 0.1 0.16375000000000012
0 0.11750000000000001 0.6599999999999999 0.04250000000000002 0.057499999999999926
0 0.790625 0.693125 0.08125 0.11874999999999991
0 0.15687500000000001 0.7 0.04124999999999999 0.04500000000000002
0 0.01875 0.708125 0.0375 0.053749999999999964
0 0.365625 0.7300000000000001 0.01875 0.027499999999999948
0 0.203125 0.778125 0.13125 0.11124999999999999
0 0.90625 0.8550000000000001 0.1875 0.25250000000000006
0 0.828125 0.788125 0.08624999999999998 0.11374999999999993
0 0.273125 0.765625 0.05125000000000002 0.03624999999999989
0 0.68875 0.889375 0.22499999999999992 0.22124999999999995
0 0.285 0.82125 0.07250000000000001 0.05249999999999995
0 0.40625 0.843125 0.08249999999999998 0.09624999999999995
0 0.48562500000000003 0.8231249999999999 0.06875 0.053749999999999964
0 0.025625 0.931875 0.05125 0.11125000000000007
0 0.48125 0.9393750000000001 0.18000000000000008 0.12125000000000004
0 0.600625 0.953125 0.09375 0.09375
0 0.28625 0.9625 0.11000000000000001 0.075
0 0.86625 0.99875 0.26749999999999996 0.002499999999999858
