0 0.346875 0.9574999999999999 0.22125000000000003 0.08499999999999996
0 0.820625 0.9956250000000001 0.12125000000000004 0.008750000000000036
0 0.22500000000000003 0.9356249999999999 0.04500000000000002 0.053750000000000145
0 0.4225 0.7300000000000001 0.26249999999999996 0.31999999999999995
0 0.9818749999999999 0.8175000000000001 0.036250000000000074 0.12500000000000008
0 0.228125 0.8462499999999998 0.051249999999999886 0.06500000000000003
0 0.20937500000000003 0.5525 0.24375 0.4525
0 0.7731250000000001 0.7050000000000001 0.09124999999999997 0.09999999999999991
0 0.0037499999999999756 0.6068749999999999 0.007499999999999951 0.21125000000000008
0 0.984375 0.674375 0.03125 0.0737499999999999
0 0.49187499999999995 0.538125 0.22374999999999998 0.22374999999999998
0 0.07250000000000001 0.51625 0.14250000000000007 0.19750000000000006
0 0.82 0.525625 0.10750000000000011 0.09875000000000007
0 0.9962500000000001 0.50625 0.007499999999999929 0.10500000000000007
0 0.9025000000000001 0.5287499999999999 0.025 0.040000000000000036
0 0.01874999999999999 0.393125 0.03749999999999998 0.13875
0 0.10250000000000004 0.336875 0.10499999999999998 0.21375000000000002
0 0.26375000000000004 0.32312500000000005 0.19999999999999996 0.21375000000000002
0 0.4600000000000001 0.319375 0.19499999999999998 0.2062499999999999
0 0.01375000000000004 0.24250000000000002 0.02750000000000008 0.08749999999999988
0 0.36062500000000003 0.174375 0.10374999999999993 0.10124999999999998
0 0.171875 0.13000000000000006 0.2512499999999999 0.18749999999999986
0 0.46125000000000005 0.190625 0.07000000000000002 0.06625
0 0.540625 0.06374999999999992 0.18875000000000003 0.12749999999999984
0 0.905 0.06062500000000004 0.16500000000000004 0.12125000000000008
0 0.07625000000000004 0.04749999999999999 0.15250000000000008 0.09499999999999997
0 0.3368749999999999 0.04749999999999999 0.08374999999999999 0.09499999999999997
