0 0.21500000000000002 0.9487500000000001 0.0975 0.09750000000000014
0 0.19374999999999992 0.8331249999999999 0.07000000000000017 0.05625
0 0.008749999999999925 0.755625 0.01749999999999985 0.13625000000000007
0 0.286875 0.746875 0.09624999999999995 0.09625000000000003
0 0.195 0.779375 0.039999999999999904 0.03125
0 0.5506249999999999 0.766875 0.05125000000000002 0.04124999999999997
0 0.05812499999999998 0.72875 0.061249999999999805 0.0625
0 0.16437499999999994 0.7418750000000001 0.04375000000000018 0.03375000000000004
0 0.6018749999999999 0.578125 0.21125000000000008 0.22874999999999995
0 0.04625000000000001 0.615 0.09250000000000003 0.1375
0 0.29875 0.600625 0.16000000000000006 0.13625000000000007
0 0.4418749999999999 0.6212500000000001 0.08875000000000002 0.08250000000000002
0 0.95875 0.56875 0.08249999999999993 0.1
0 0.7874999999999999 0.52625 0.15250000000000002 0.15250000000000002
0 0.9756250000000002 0.43937499999999996 0.04874999999999989 0.07874999999999996
0 0.175 0.3825 0.2725000000000001 0.14000000000000004
0 0.016249999999999987 0.388125 0.03249999999999997 0.1062500000000001
0 0.3818750000000001 0.36687499999999995 0.09625000000000009 0.11625000000000005
0 0.526875 0.35500000000000004 0.17874999999999996 0.12999999999999998
0 0.676875 0.3525 0.11124999999999989 0.1124999999999999
0 0.5362499999999999 0.2174999999999999 0.16249999999999992 0.13250000000000006
0 0.009999999999999953 0.17750000000000005 0.019999999999999907 0.06750000000000003
0 0.731875 0.17437499999999995 0.03375000000000004 0.028750000000000053
0 0.24062500000000003 0.009999999999999953 0.05874999999999995 0.019999999999999907
