0 0.078125 0.945 0.15625 0.10999999999999996
0 0.56875 0.9912500000000002 0.12749999999999995 0.017499999999999894
0 0.90625 0.914375 0.14750000000000013 0.17125000000000004
0 0.000625 0.7993750000000001 0.00125 0.22875000000000006
0 0.61375 0.8675 0.05250000000000003 0.06500000000000003
0 0.29312499999999997 0.82 0.061249999999999985 0.05249999999999986
0 0.5549999999999999 0.8325000000000001 0.029999999999999895 0.01750000000000007
0 0.095625 0.7725 0.06875 0.10250000000000012
0 0.024375 0.7618750000000001 0.04875 0.09375
0 0.8912500000000001 0.765 0.047499999999999966 0.07749999999999986
0 0.5825 0.73 0.075 0.0825000000000001
0 0.17125 0.520625 0.21000000000000002 0.3287500000000001
0 0.9237500000000001 0.5275 0.15250000000000002 0.16500000000000004
0 0.7168749999999999 0.5293749999999999 0.07625000000000001 0.1062500000000001
0 0.02375 0.46187500000000004 0.0475 0.1687500000000001
0 0.9043749999999999 0.21875 0.19124999999999998 0.4375
0 0.013125000000000001 0.370625 0.026250000000000002 0.06374999999999993
0 0.0625 0.325625 0.12000000000000002 0.1062500000000001
0 0.291875 0.26375000000000004 0.14625 0.125
0 0.685625 0.24500000000000002 0.09625000000000003 0.11749999999999994
0 0.058750000000000004 0.2125 0.08 0.11000000000000001
0 0.15375 0.21187499999999995 0.03500000000000001 0.0437500000000002
0 0.3125 0.17125000000000007 0.06749999999999998 0.06999999999999995
0 0.003125 0.14500000000000013 0.00625 0.10749999999999993
0 0.74875 0.128125 0.04500000000000011 0.10124999999999995
0 0.7987500000000001 0.11062500000000001 0.04500000000000002 0.0837500000000001
0 0.039375 0.10125000000000006 0.07375 0.07500000000000018
0 0.809375 0.04624999999999996 0.02624999999999993 0.0525000000000001
0 0.02 0.015625 0.04 0.03125
0 0.8231249999999999 0.011249999999999982 0.04375 0.022499999999999964
