0 0.010625 0.534375 0.02125 0.061249999999999895
0 0.03125 0.7587499999999999 0.0625 0.07750000000000004
0 0.095625 0.983125 0.10874999999999999 0.033749999999999857
0 0.138125 0.8300000000000001 0.07374999999999998 0.07000000000000002
0 0.1875 0.32999999999999996 0.14000000000000004 0.15750000000000006
0 0.21437499999999998 0.9956250000000001 0.14375 0.008750000000000036
0 0.271875 0.17312499999999997 0.12125000000000004 0.11624999999999996
0 0.31812500000000005 0.5675000000000001 0.20375000000000001 0.16749999999999998
0 0.31625 0.32437499999999997 0.13000000000000003 0.16375000000000006
0 0.3075 0.8443750000000001 0.07749999999999999 0.053749999999999964
0 0.378125 0.99375 0.11875 0.0125
0 0.534375 0.33937500000000004 0.36875 0.22374999999999998
0 0.4462499999999999 0.709375 0.0625 0.053749999999999964
0 0.5125 0.016874999999999918 0.12750000000000003 0.033749999999999836
0 0.5393749999999999 0.996875 0.14124999999999996 0.00625
0 0.659375 0.9125 0.06875 0.047499999999999966
0 0.67875 0.546875 0.08499999999999996 0.06374999999999993
0 0.7106250000000001 0.76 0.07625000000000011 0.08000000000000007
0 0.788125 0.573125 0.13375000000000012 0.07624999999999993
0 0.834375 0.325625 0.17874999999999988 0.20125
0 0.8018750000000001 0.06187500000000007 0.10874999999999994 0.10124999999999995
0 0.8225000000000001 0.64 0.10000000000000017 0.09250000000000007
0 0.82 0.741875 0.09500000000000011 0.08875000000000002
0 0.8618749999999998 0.8412499999999999 0.09124999999999997 0.10749999999999993
0 0.881875 0.545625 0.07375000000000007 0.08374999999999995
0 0.953125 0.5675000000000001 0.09375 0.07499999999999991
0 0.974375 0.8412499999999999 0.05124999999999993 0.08500000000000005
0 0.9925 0.63625 0.015000000000000036 0.0825000000000001
0 0.99875 0.7125 0.002499999999999858 0.025
