0 0.35875 0.013125000000000001 0.3225 0.026250000000000002
0 0.08187499999999998 0.094375 0.16374999999999995 0.18875
0 0.499375 0.1625 0.32875000000000015 0.3
0 0.018125000000000058 0.195 0.036250000000000115 0.2225
0 0.3325 0.32125 0.29000000000000004 0.21749999999999997
0 0.759375 0.28375 0.10874999999999986 0.1325
0 0.09062500000000001 0.328125 0.18125000000000002 0.12375000000000007
0 0.561875 0.39437500000000003 0.11625000000000005 0.17375
0 0.8087499999999999 0.446875 0.17750000000000005 0.14875000000000002
0 0.54625 0.62375 0.615 0.395
0 0.750625 0.5387500000000001 0.14125000000000015 0.1700000000000001
0 0.159375 0.5856250000000001 0.2062499999999999 0.18375000000000002
0 0.027500000000000024 0.5918749999999999 0.05500000000000005 0.19624999999999995
0 0.95375 0.63125 0.09250000000000007 0.26499999999999996
0 0.25937499999999997 0.8256249999999999 0.22875000000000015 0.19875000000000007
0 0.8881249999999999 0.890625 0.22374999999999998 0.21875
0 0.7568750000000001 0.9600000000000002 0.2637500000000001 0.07999999999999989
0 0.10625 0.97 0.2125 0.060000000000000143
