0 0.5756249999999999 0.011875 0.06625000000000006 0.02375
0 0.24875000000000003 0.14375 0.1624999999999999 0.2875
0 0.09000000000000002 0.026250000000000002 0.03749999999999998 0.03250000000000001
0 0.446875 0.183125 0.19874999999999998 0.20875
0 0.003124999999999989 0.19687499999999997 0.006249999999999978 0.17624999999999996
0 0.579375 0.17875 0.03875000000000002 0.06499999999999999
0 0.635 0.17937499999999998 0.03750000000000009 0.04874999999999996
0 0.786875 0.18875000000000003 0.04375 0.04749999999999999
0 0.13812499999999997 0.27999999999999997 0.2087500000000002 0.20250000000000004
0 0.590625 0.2475 0.05874999999999995 0.05
0 0.74 0.2625 0.05499999999999998 0.05250000000000003
0 0.6481250000000001 0.2725 0.06624999999999996 0.047500000000000056
0 0.38625 0.3175 0.09499999999999993 0.0625
0 0.725625 0.425 0.053749999999999964 0.08000000000000003
0 0.14125000000000004 0.45500000000000007 0.08750000000000024 0.12000000000000002
0 0.9625 0.506875 0.075 0.11124999999999999
0 0.698125 0.535625 0.07125000000000004 0.08874999999999993
0 0.561875 0.5581250000000001 0.08875000000000002 0.12374999999999999
0 0.030000000000000082 0.59375 0.060000000000000164 0.1200000000000001
0 0.62375 0.7225 0.05499999999999998 0.10250000000000004
0 0.17687499999999995 0.805 0.11375000000000016 0.15000000000000008
0 0.8612500000000001 0.869375 0.04500000000000011 0.05124999999999993
0 0.1875 0.911875 0.04499999999999993 0.04875000000000007
0 0.615 0.9650000000000001 0.16999999999999993 0.06999999999999992
0 0.914375 0.9700000000000001 0.0887500000000001 0.05500000000000007
0 0.47562499999999996 0.9806250000000001 0.05874999999999995 0.03874999999999993
0 0.9868750000000001 0.9868750000000001 0.02624999999999993 0.02624999999999993
