0 0.12353515625 0.67822265625 0.1142578125 0.0771484375
0 0.2431640625 0.6328125 0.103515625 0.095703125
0 0.25 0.47265625 0.08984375 0.078125
0 0.337890625 0.32275390625 0.1171875 0.1005859375
0 0.40576171875 0.93896484375 0.1962890625 0.1220703125
0 0.41796875 0.27587890625 0.083984375 0.0908203125
0 0.513671875 0.03076171875 0.1171875 0.0615234375
0 0.52099609375 0.34619140625 0.1025390625 0.0888671875
0 0.5703125 0.7470703125 0.177734375 0.158203125
0 0.71826171875 0.3037109375 0.1494140625 0.142578125
0 0.7099609375 0.4736328125 0.10546875 0.0703125
0 0.74267578125 0.10205078125 0.0693359375 0.0693359375
0 0.8125 0.7470703125 0.06640625 0.068359375
0 0.87353515625 0.654296875 0.1591796875 0.125
0 0.84130859375 0.48046875 0.0361328125 0.025390625
0 0.84375 0.5419921875 0.02734375 0.0234375
0 0.923828125 0.76806640625 0.09375 0.0849609375
0 0.98291015625 0.8349609375 0.0341796875 0.041015625
0 0.9970703125 0.66552734375 0.005859375 0.0263671875
