0 0.018125 0.04937499999999995 0.03625 0.07374999999999998
0 0.03375 0.1543750000000001 0.0675 0.09374999999999986
0 0.011875 0.24312499999999998 0.02375 0.07625000000000001
0 0.035 0.8175000000000001 0.07 0.17
0 0.14375 0.09937500000000005 0.2875 0.1987500000000001
0 0.09625 0.41999999999999993 0.1925 0.19249999999999998
0 0.064375 0.6599999999999999 0.12875 0.14500000000000002
0 0.10374999999999998 0.8706250000000001 0.13999999999999999 0.16125000000000006
0 0.185625 0.5443749999999999 0.21125 0.13375000000000004
0 0.14125000000000001 0.303125 0.0425 0.05625000000000004
0 0.25375000000000003 0.96125 0.21000000000000005 0.07750000000000004
0 0.20375000000000001 0.631875 0.05250000000000003 0.053749999999999964
0 0.22625 0.6893750000000001 0.057499999999999975 0.036249999999999984
0 0.253125 0.86625 0.08625000000000002 0.04250000000000007
0 0.324375 0.22687500000000008 0.18874999999999997 0.21124999999999994
0 0.263125 0.1212499999999999 0.061249999999999985 0.07499999999999984
0 0.3025 0.45687500000000003 0.12750000000000003 0.13375000000000004
0 0.338125 0.5818749999999999 0.17875000000000005 0.1812499999999999
0 0.31062500000000004 0.784375 0.07875000000000001 0.09875000000000007
0 0.35812499999999997 0.41624999999999995 0.10374999999999997 0.09500000000000001
0 0.4106249999999999 0.689375 0.1812499999999999 0.15875000000000003
0 0.36624999999999996 0.8231249999999999 0.09 0.12125000000000004
0 0.40750000000000003 0.04500000000000004 0.15999999999999998 0.09000000000000008
0 0.515625 0.7787499999999999 0.24875000000000008 0.17250000000000004
0 0.528125 0.39374999999999993 0.2612499999999999 0.33999999999999997
0 0.47562499999999996 0.57625 0.06374999999999993 0.0625
0 0.47125000000000006 0.990625 0.0375 0.01875
0 0.6025 0.931875 0.22499999999999992 0.13625000000000007
0 0.5337500000000001 0.17875000000000008 0.06500000000000013 0.03499999999999992
0 0.67875 0.59 0.29000000000000015 0.27249999999999996
0 0.784375 0.960625 0.43125 0.07874999999999996
0 0.6331249999999999 0.08687499999999992 0.08625000000000008 0.05875000000000008
0 0.69375 0.225 0.2 0.17500000000000004
0 0.6525000000000001 0.025000000000000022 0.06999999999999992 0.050000000000000044
0 0.645625 0.4200000000000001 0.053749999999999964 0.09500000000000001
0 0.6775 0.8274999999999999 0.11749999999999998 0.14000000000000004
0 0.7693749999999999 0.41875 0.16374999999999992 0.1
0 0.73125 0.03875000000000001 0.057499999999999926 0.042500000000000315
0 0.764375 0.711875 0.11875000000000009 0.0812499999999999
0 0.77125 0.078125 0.04499999999999993 0.04125000000000023
0 0.8012499999999999 0.28687500000000005 0.027499999999999858 0.018749999999999954
0 0.849375 0.12437499999999994 0.11125000000000007 0.13124999999999976
0 0.9 0.8625 0.2 0.25749999999999995
0 0.859375 0.749375 0.11374999999999993 0.08624999999999998
0 0.836875 0.19437499999999996 0.036250000000000074 0.05125000000000002
0 0.925 0.61 0.15 0.2250000000000001
0 0.8925000000000001 0.20625000000000004 0.05250000000000003 0.07249999999999979
0 0.914375 0.3275 0.09625000000000003 0.08250000000000002
0 0.8943750000000001 0.406875 0.053749999999999964 0.06874999999999991
0 0.975 0.40249999999999997 0.05 0.17999999999999988
0 0.9887499999999999 0.521875 0.022499999999999964 0.09375
0 0.9981249999999999 0.20750000000000002 0.0037499999999999643 0.10999999999999988
