0 0.265 0.8825 0.24249999999999994 0.23499999999999996
0 0.012500000000000011 0.96125 0.025000000000000022 0.07750000000000004
0 0.241875 0.71 0.18624999999999992 0.19499999999999992
0 0.665625 0.63375 0.08624999999999998 0.11499999999999995
0 0.215 0.47062500000000007 0.1675 0.29874999999999996
0 0.3075 0.40125 0.1399999999999999 0.15749999999999997
0 0.440625 0.3681249999999999 0.16875000000000004 0.14124999999999996
0 0.5825 0.4025 0.040000000000000036 0.047499999999999966
0 0.578125 0.32125000000000004 0.07874999999999979 0.09250000000000007
0 0.459375 0.22374999999999998 0.15625 0.21750000000000003
0 0.984375 0.25062500000000004 0.03125 0.11624999999999983
0 0.79625 0.166875 0.12250000000000014 0.14874999999999994
0 0.651875 0.11187499999999999 0.21624999999999997 0.22374999999999998
0 0.13687500000000008 0.10750000000000004 0.18374999999999986 0.14249999999999985
0 0.341875 0.03187499999999999 0.12124999999999994 0.06374999999999997
