0 0.9568749999999999 0.3075 0.08625000000000008 0.23500000000000001
0 0.86625 0.289375 0.0625 0.08874999999999997
0 0.811875 0.34562499999999996 0.09375 0.13374999999999998
0 0.26749999999999996 0.36624999999999996 0.13249999999999998 0.11249999999999996
0 0.42437500000000006 0.37750000000000006 0.10375000000000001 0.11000000000000001
0 0.09875 0.380625 0.11000000000000001 0.11375000000000002
0 0.609375 0.388125 0.14625000000000005 0.12875000000000006
0 0.8931249999999998 0.4125 0.07874999999999996 0.09250000000000003
0 0.9756250000000002 0.46125000000000005 0.046250000000000034 0.06749999999999998
0 0.6300000000000001 0.518125 0.20249999999999996 0.16624999999999995
0 0.7543749999999999 0.5743750000000001 0.13125 0.08125000000000009
0 0.9506249999999999 0.5931249999999999 0.09875000000000007 0.06875
0 0.6074999999999999 0.67 0.1124999999999999 0.12750000000000003
0 0.96875 0.68125 0.0625 0.13999999999999996
0 0.8837499999999998 0.693125 0.14000000000000004 0.15124999999999994
0 0.77625 0.7481249999999999 0.16250000000000017 0.16374999999999992
0 0.5075000000000001 0.724375 0.10999999999999996 0.10624999999999991
0 0.271875 0.8081250000000001 0.07375000000000007 0.10374999999999997
0 0.68875 0.8618749999999998 0.15 0.14124999999999996
0 0.05187499999999999 0.849375 0.10374999999999998 0.10875000000000012
0 0.57125 0.859375 0.057500000000000016 0.08625000000000008
0 0.476875 0.9018750000000001 0.04124999999999997 0.05125000000000011
0 0.9862500000000001 0.9537500000000001 0.027500000000000035 0.08499999999999996
0 0.8175000000000001 0.9662499999999999 0.24249999999999988 0.06750000000000007
0 0.75 0.954375 0.027500000000000035 0.028750000000000143
0 0.68625 0.9724999999999999 0.07250000000000005 0.05500000000000007
0 0.9824999999999999 0.9981249999999999 0.03499999999999996 0.0037499999999999643
