0 0.9956250000000001 0.596875 0.008750000000000036 0.046250000000000034
0 0.953125 0.9868750000000001 0.09125000000000014 0.02624999999999993
0 0.960625 0.596875 0.026250000000000107 0.02624999999999993
0 0.9037499999999999 0.16250000000000003 0.1375 0.12000000000000002
0 0.9268750000000001 0.634375 0.028749999999999963 0.03125
0 0.809375 0.9800000000000001 0.20124999999999993 0.040000000000000036
0 0.8487500000000001 0.6375 0.0700000000000001 0.057499999999999926
0 0.8637499999999999 0.8300000000000001 0.03750000000000018 0.02250000000000014
0 0.8550000000000001 0.889375 0.03500000000000014 0.03624999999999989
0 0.82875 0.5775 0.04750000000000014 0.06000000000000005
0 0.818125 0.5193749999999999 0.03125 0.028749999999999963
0 0.7768749999999999 0.18375000000000008 0.11124999999999999 0.10749999999999993
0 0.630625 0.8975 0.11624999999999996 0.205
0 0.6068749999999999 0.688125 0.03874999999999993 0.03875000000000002
0 0.56875 0.659375 0.040000000000000036 0.03375000000000004
0 0.54375 0.9181250000000001 0.07000000000000002 0.06125000000000007
0 0.530625 0.751875 0.09125000000000005 0.046250000000000034
0 0.46312499999999995 0.40937499999999993 0.09375 0.04124999999999997
0 0.46875 0.3375 0.060000000000000143 0.07000000000000006
0 0.458125 0.984375 0.021250000000000036 0.03125
0 0.390625 0.255625 0.13125000000000003 0.09125000000000005
0 0.36 0.8006249999999999 0.09749999999999992 0.07374999999999998
0 0.359375 0.975 0.05624999999999991 0.05
0 0.18625000000000003 0.524375 0.3499999999999999 0.5112500000000001
0 0.26812500000000006 0.9475 0.12374999999999994 0.10500000000000007
0 0.20312499999999992 0.945 0.10375000000000009 0.10999999999999996
0 0.22875 0.8699999999999999 0.050000000000000086 0.054999999999999896
0 0.174375 0.8237500000000001 0.12374999999999994 0.12500000000000008
0 0.135 0.15687500000000004 0.17500000000000007 0.15124999999999997
