0 0.19187500000000002 0.985625 0.03374999999999995 0.028750000000000143
0 0.351875 0.9600000000000002 0.09124999999999997 0.07999999999999989
0 0.8675 0.9774999999999998 0.08249999999999975 0.04500000000000011
0 0.79625 0.9675 0.030000000000000072 0.030000000000000072
0 0.99875 0.925 0.002499999999999858 0.11000000000000014
0 0.57125 0.8881250000000002 0.05250000000000003 0.05875000000000004
0 0.25687499999999996 0.790625 0.22375000000000006 0.24875000000000008
0 0.8787499999999999 0.8425 0.125 0.12749999999999995
0 0.09437499999999993 0.8775000000000001 0.03874999999999995 0.05
0 0.008749999999999925 0.871875 0.01749999999999985 0.03874999999999993
0 0.9706250000000001 0.794375 0.05875000000000004 0.1262500000000001
0 0.684375 0.75875 0.09625000000000003 0.08999999999999994
0 0.8087499999999999 0.721875 0.11500000000000003 0.11375000000000002
0 0.14749999999999996 0.64875 0.08499999999999974 0.075
0 0.625625 0.621875 0.11375000000000002 0.12625000000000003
0 0.009999999999999953 0.651875 0.019999999999999907 0.05125000000000011
0 0.9418749999999999 0.6206250000000001 0.06875 0.06625000000000006
0 0.42749999999999994 0.5381250000000001 0.14000000000000004 0.1262500000000001
0 0.9506249999999999 0.5618749999999999 0.06875 0.04874999999999989
0 0.11749999999999998 0.5193749999999999 0.11749999999999983 0.11875
0 0.959375 0.45124999999999993 0.08125 0.14499999999999985
0 0.619375 0.4574999999999999 0.12374999999999999 0.11000000000000006
0 0.246875 0.459375 0.09875000000000003 0.09375
0 0.04812500000000003 0.37875000000000003 0.05874999999999997 0.040000000000000036
0 0.645 0.35500000000000004 0.040000000000000036 0.03500000000000005
0 0.9587499999999999 0.34750000000000003 0.027500000000000035 0.022499999999999964
0 0.37374999999999997 0.315 0.05500000000000007 0.04999999999999991
0 0.9237500000000001 0.323125 0.025 0.028750000000000053
0 0.05312499999999998 0.2543749999999999 0.08874999999999988 0.10874999999999999
0 0.16749999999999998 0.26375 0.029999999999999805 0.03500000000000005
0 0.68625 0.250625 0.06499999999999995 0.06125000000000003
0 0.4418749999999999 0.259375 0.03874999999999993 0.04125000000000001
0 0.9412499999999999 0.17874999999999996 0.11750000000000008 0.15749999999999995
0 0.39625000000000005 0.22125000000000003 0.047499999999999966 0.042500000000000114
0 0.7706250000000001 0.18562499999999998 0.09375000000000008 0.05625000000000004
0 0.47625 0.20187499999999997 0.025 0.02125000000000008
0 0.7837500000000001 0.08437499999999998 0.175 0.16874999999999996
0 0.9025000000000001 0.06125000000000008 0.16000000000000014 0.12250000000000016
0 0.625 0.057499999999999996 0.29000000000000004 0.11499999999999999
0 0.37125 0.07312500000000005 0.06750000000000007 0.0687500000000002
0 0.39624999999999994 0.04999999999999999 0.14000000000000004 0.09999999999999998
0 0.17000000000000004 0.02124999999999999 0.01749999999999985 0.022499999999999964
