0 0.01125 0.13562500000000005 0.0225 0.03375000000000006
0 0.036875 0.295625 0.07375 0.09125000000000005
0 0.019375 0.81125 0.03875 0.08250000000000002
0 0.026250000000000002 0.74 0.030000000000000006 0.02999999999999998
0 0.06875 0.9706250000000001 0.11000000000000001 0.05875000000000004
0 0.105625 0.515 0.05875000000000001 0.05249999999999995
0 0.203125 0.20062499999999997 0.24875000000000003 0.22375000000000012
0 0.15125 0.8225 0.1275 0.125
0 0.11624999999999999 0.038124999999999964 0.04999999999999999 0.03874999999999984
0 0.199375 0.9425000000000001 0.12625 0.11500000000000003
0 0.23500000000000001 0.628125 0.09000000000000004 0.09625000000000003
0 0.271875 0.7525000000000001 0.11374999999999998 0.11500000000000021
0 0.34500000000000003 0.09124999999999994 0.075 0.08500000000000019
0 0.371875 0.569375 0.12624999999999992 0.11374999999999993
0 0.37312500000000004 0.8856249999999999 0.06624999999999996 0.06875000000000017
0 0.45562500000000006 0.37124999999999997 0.12624999999999997 0.13999999999999996
0 0.43187499999999995 0.8943749999999999 0.04875000000000007 0.06875
0 0.47437499999999994 0.06124999999999986 0.11875 0.11750000000000005
0 0.5425 0.9225000000000001 0.1450000000000001 0.1200000000000001
0 0.5362500000000001 0.563125 0.11000000000000006 0.12375000000000007
0 0.534375 0.190625 0.09375 0.09875
0 0.615 0.010624999999999996 0.040000000000000036 0.02124999999999999
0 0.6387499999999999 0.58875 0.03500000000000005 0.040000000000000036
0 0.64625 0.9025000000000001 0.022499999999999964 0.027499999999999858
0 0.67875 0.3175 0.04999999999999991 0.05499999999999994
0 0.670625 0.8675 0.028750000000000053 0.025
0 0.7393750000000001 0.020625000000000004 0.10874999999999994 0.04125000000000001
0 0.7300000000000001 0.11124999999999989 0.03500000000000005 0.030000000000000138
0 0.743125 0.6300000000000001 0.06125000000000007 0.06499999999999995
0 0.734375 0.385625 0.04124999999999997 0.038750000000000104
0 0.8150000000000001 0.90625 0.15750000000000003 0.15999999999999978
0 0.7725 0.33999999999999997 0.04250000000000007 0.0475000000000001
0 0.8081250000000001 0.714375 0.05625 0.09375
0 0.791875 0.41999999999999993 0.021250000000000036 0.025000000000000088
0 0.9125 0.7274999999999999 0.175 0.17499999999999982
0 0.9356249999999999 0.8462499999999998 0.12874999999999998 0.15999999999999998
0 0.9393750000000001 0.56875 0.12125000000000004 0.29000000000000004
0 0.920625 0.315 0.06874999999999983 0.06749999999999998
0 0.946875 0.33999999999999997 0.10625 0.13999999999999996
0 0.971875 0.976875 0.05625 0.046250000000000034
0 0.9725000000000001 0.11375000000000013 0.022499999999999964 0.01750000000000007
