0 0.005625 0.28687500000000005 0.01125 0.24375
0 0.051875000000000004 0.82875 0.058750000000000004 0.030000000000000072
0 0.11687499999999999 0.32999999999999996 0.18625 0.18000000000000002
0 0.175625 0.9525 0.21125 0.09499999999999993
0 0.17375000000000002 0.6174999999999999 0.14499999999999996 0.15999999999999998
0 0.12624999999999997 0.7518749999999998 0.045 0.06375000000000001
0 0.17187499999999997 0.8287500000000001 0.12624999999999997 0.1200000000000001
0 0.180625 0.08124999999999999 0.12875 0.08750000000000002
0 0.19437500000000002 0.47874999999999995 0.07125000000000004 0.07749999999999994
0 0.304375 0.24874999999999997 0.22624999999999998 0.2799999999999999
0 0.25 0.48 0.04500000000000002 0.04249999999999989
0 0.331875 0.860625 0.18124999999999997 0.1687499999999999
0 0.3125 0.6681250000000001 0.07249999999999997 0.09124999999999997
0 0.371875 0.06 0.10625 0.1050000000000001
0 0.40875000000000006 0.04375000000000001 0.14750000000000002 0.08750000000000002
0 0.39875 0.460625 0.08499999999999996 0.09374999999999982
0 0.4875 0.5068750000000001 0.075 0.07874999999999996
0 0.6043749999999999 0.26749999999999996 0.2437499999999999 0.3475
0 0.5643749999999998 0.68625 0.11375000000000002 0.13249999999999992
0 0.576875 0.8825 0.13375000000000004 0.10750000000000011
0 0.64625 0.679375 0.03750000000000009 0.04375000000000009
0 0.6743750000000001 0.878125 0.03375000000000013 0.036250000000000074
0 0.703125 0.6575 0.06125000000000007 0.0625
0 0.79375 0.5293749999999999 0.175 0.08875000000000002
0 0.8568749999999999 0.33687500000000004 0.28625 0.34375
0 0.8631249999999999 0.0037499999999999756 0.10124999999999992 0.007499999999999951
0 0.9262499999999999 0.09062500000000001 0.14749999999999996 0.18125000000000002
0 0.8962500000000002 0.5875 0.047499999999999966 0.040000000000000036
0 0.945 0.536875 0.10999999999999996 0.07875000000000006
0 0.94375 0.15062499999999984 0.08249999999999993 0.04625000000000001
