0 0.050624999999999976 0.03125 0.10124999999999995 0.0625
0 0.04749999999999999 0.09312499999999999 0.09499999999999997 0.10874999999999999
0 0.44000000000000006 0.11374999999999999 0.07249999999999987 0.085
0 0.850625 0.15437499999999998 0.19625000000000012 0.13874999999999998
0 0.19625000000000004 0.100625 0.0625 0.03125
0 0.6268749999999998 0.13125 0.06375000000000001 0.075
0 0.53 0.126875 0.03499999999999996 0.03874999999999999
0 0.3425 0.1625 0.07499999999999991 0.1
0 0.25937499999999997 0.16124999999999998 0.07625000000000001 0.0875
0 0.7125 0.16624999999999998 0.07999999999999999 0.07499999999999996
0 0.95 0.20812499999999998 0.04249999999999989 0.06375
0 0.041874999999999996 0.45375 0.08374999999999999 0.13500000000000006
0 0.614375 0.43875000000000003 0.021250000000000036 0.019999999999999928
0 0.548125 0.5106249999999999 0.05875000000000004 0.05624999999999991
0 0.75125 0.57875 0.17750000000000005 0.17749999999999994
0 0.03312499999999996 0.594375 0.06624999999999992 0.12125000000000012
0 0.963125 0.754375 0.07375000000000007 0.41624999999999995
0 0.9168749999999999 0.575 0.07875000000000014 0.04500000000000002
0 0.786875 0.6825 0.06375000000000001 0.0625
0 0.7162499999999999 0.7162499999999999 0.06749999999999998 0.0750000000000001
0 0.05250000000000005 0.8074999999999999 0.1050000000000001 0.1499999999999999
0 0.7368750000000001 0.7893749999999999 0.061249999999999985 0.05875000000000004
0 0.8681249999999998 0.8618750000000001 0.10625000000000018 0.11125000000000007
0 0.748125 0.9 0.15875000000000003 0.13000000000000006
0 0.60875 0.9112500000000001 0.09499999999999993 0.11000000000000014
0 0.03562500000000002 0.975 0.07125000000000004 0.05
0 0.775625 0.9725000000000001 0.07374999999999998 0.040000000000000036
0 0.9962500000000001 0.9793749999999999 0.007499999999999929 0.04124999999999997
0 0.9175000000000001 0.9824999999999999 0.1450000000000001 0.03499999999999996
0 0.5925 0.9981249999999999 0.15750000000000003 0.0037499999999999643
