0 0.12 0.045625 0.18 0.09125
0 0.8012499999999999 0.08125 0.2125 0.1625
0 0.40750000000000003 0.06375 0.15999999999999998 0.1275
0 0.5418749999999999 0.015 0.06375000000000001 0.03
0 0.61875 0.058125 0.12000000000000002 0.11625
0 0.26875 0.07562500000000001 0.07749999999999999 0.07125000000000001
0 0.089375 0.185625 0.17875 0.22625
0 0.27 0.13125 0.042500000000000024 0.04500000000000002
0 0.650625 0.213125 0.1687499999999999 0.18125
0 0.45812500000000006 0.19375 0.09125000000000005 0.07250000000000004
0 0.8637499999999999 0.228125 0.029999999999999895 0.028749999999999963
0 0.885 0.29812500000000003 0.09250000000000007 0.12625000000000006
0 0.250625 0.27999999999999997 0.09375 0.085
0 0.296875 0.36875 0.07874999999999996 0.075
0 0.115625 0.48562500000000003 0.23125 0.24375
0 0.47624999999999995 0.445625 0.1325 0.11374999999999998
0 0.6725 0.458125 0.10749999999999993 0.13375000000000004
0 0.9268750000000001 0.5 0.061249999999999895 0.075
0 0.469375 0.5275000000000001 0.04375000000000009 0.0375
0 0.95625 0.5475 0.04750000000000014 0.040000000000000036
0 0.6681250000000001 0.5556249999999999 0.036250000000000074 0.03375000000000004
0 0.44749999999999995 0.584375 0.0625 0.06125000000000007
0 0.319375 0.675 0.08875000000000002 0.175
0 0.9725000000000001 0.6074999999999999 0.040000000000000036 0.039999999999999945
0 0.149375 0.7481249999999999 0.29875 0.30625
0 0.89125 0.635625 0.09250000000000007 0.07624999999999993
0 0.9862500000000001 0.6925 0.027500000000000035 0.05250000000000003
0 0.3775 0.7775000000000001 0.040000000000000036 0.047499999999999876
0 0.32687499999999997 0.8350000000000002 0.07875000000000001 0.12750000000000003
0 0.276875 0.9274999999999999 0.06625 0.0700000000000001
0 0.26375000000000004 0.9974999999999999 0.07250000000000001 0.005000000000000071
