0 0.025 0.936875 0.05 0.12624999999999992
0 0.07062500000000001 0.974375 0.09874999999999999 0.05124999999999993
0 0.438125 0.8399999999999999 0.22124999999999995 0.24000000000000005
0 0.9887499999999999 0.88375 0.022499999999999964 0.13000000000000006
0 0.9118749999999999 0.8618750000000001 0.12125000000000004 0.13125
0 0.00125 0.7206250000000001 0.0025 0.11875000000000009
0 0.31625000000000003 0.740625 0.04500000000000002 0.053749999999999964
0 0.51375 0.535 0.2625 0.3200000000000001
0 0.31937499999999996 0.65125 0.051249999999999976 0.06500000000000003
0 0.009375 0.6399999999999999 0.01875 0.06500000000000003
0 0.300625 0.35750000000000004 0.24375 0.4525
0 0.8643750000000001 0.51 0.09124999999999997 0.1
0 0.049375 0.41187500000000005 0.09875 0.21125
0 0.583125 0.34312499999999996 0.2237499999999999 0.22375000000000003
0 0.16374999999999998 0.32125000000000004 0.14249999999999996 0.19749999999999995
0 0.9112500000000001 0.330625 0.10749999999999993 0.09874999999999998
0 0.990625 0.33375 0.01875 0.040000000000000036
0 0.068125 0.19812499999999994 0.12125000000000001 0.13875000000000007
0 0.19375 0.14187499999999997 0.10500000000000001 0.2137500000000001
0 0.355 0.128125 0.2 0.21374999999999997
0 0.55125 0.12437500000000001 0.19500000000000012 0.20625000000000004
0 0.083125 0.04750000000000004 0.07125000000000001 0.08750000000000024
0 0.4518750000000001 0.015000000000000013 0.10375000000000005 0.030000000000000027
0 0.26312499999999994 0.014375000000000082 0.25125 0.028750000000000164
0 0.5525 0.014375000000000082 0.07000000000000002 0.028750000000000164
