0 0.65966796875 0.4765625 0.1416015625 0.1328125
0 0.5859375 0.6640625 0.09765625 0.103515625
0 0.4677734375 0.35205078125 0.04296875 0.0419921875
0 0.43212890625 0.69287109375 0.0576171875 0.0498046875
0 0.37744140625 0.7998046875 0.0498046875 0.037109375
0 0.33984375 0.54833984375 0.12109375 0.1123046875
0 0.34521484375 0.67822265625 0.1064453125 0.0791015625
0 0.376953125 0.76806640625 0.0390625 0.0302734375
0 0.361328125 0.74072265625 0.052734375 0.0302734375
0 0.3095703125 0.63134765625 0.017578125 0.0185546875
0 0.2880859375 0.365234375 0.033203125 0.0390625
0 0.27685546875 0.32373046875 0.0341796875 0.0380859375
0 0.2822265625 0.60595703125 0.009765625 0.0107421875
0 0.13623046875 0.4912109375 0.2548828125 0.232421875
0 0.20751953125 0.56201171875 0.0888671875 0.0693359375
0 0.23193359375 0.2109375 0.0341796875 0.03515625
0 0.16259765625 0.0234375 0.1240234375 0.046875
0 0.18994140625 0.06201171875 0.0576171875 0.0615234375
0 0.17626953125 0.16455078125 0.0322265625 0.0302734375
0 0.162109375 0.71484375 0.044921875 0.029296875
0 0.0361328125 0.01220703125 0.072265625 0.0244140625
