0 0.00732421875 0.021484375 0.0146484375 0.04296875
0 0.45703125 0.02978515625 0.076171875 0.0595703125
0 0.35205078125 0.01904296875 0.0302734375 0.0263671875
0 0.45068359375 0.06982421875 0.0185546875 0.0146484375
0 0.64208984375 0.1279296875 0.0380859375 0.044921875
0 0.5537109375 0.13720703125 0.0390625 0.0283203125
0 0.69384765625 0.21240234375 0.0341796875 0.0244140625
0 0.3486328125 0.32177734375 0.15625 0.0791015625
0 0.7900390625 0.369140625 0.013671875 0.021484375
0 0.380859375 0.42431640625 0.109375 0.1279296875
0 0.7373046875 0.40576171875 0.060546875 0.0595703125
0 0.6005859375 0.4287109375 0.14453125 0.091796875
0 0.7939453125 0.3974609375 0.01953125 0.0234375
0 0.77734375 0.4052734375 0.017578125 0.02734375
0 0.56103515625 0.4111328125 0.0283203125 0.03125
0 0.482421875 0.4140625 0.029296875 0.025390625
0 0.7939453125 0.44140625 0.025390625 0.033203125
0 0.5244140625 0.51953125 0.115234375 0.126953125
0 0.23876953125 0.5341796875 0.1611328125 0.154296875
0 0.1005859375 0.5673828125 0.033203125 0.025390625
0 0.849609375 0.60009765625 0.033203125 0.0439453125
0 0.439453125 0.61181640625 0.05078125 0.0341796875
0 0.12646484375 0.63623046875 0.0517578125 0.0576171875
0 0.27490234375 0.6337890625 0.0439453125 0.03515625
0 0.5615234375 0.65283203125 0.046875 0.0341796875
0 0.44873046875 0.67333984375 0.0576171875 0.0712890625
0 0.724609375 0.8271484375 0.42578125 0.345703125
0 0.10546875 0.71533203125 0.076171875 0.0947265625
0 0.6435546875 0.72412109375 0.107421875 0.1103515625
0 0.5341796875 0.77685546875 0.08984375 0.1162109375
0 0.0400390625 0.771484375 0.0390625 0.044921875
0 0.1201171875 0.81787109375 0.087890625 0.1181640625
0 0.17431640625 0.84423828125 0.0498046875 0.0478515625
0 0.482421875 0.86328125 0.08203125 0.0859375
0 0.1162109375 0.947265625 0.087890625 0.10546875
0 0.2158203125 0.91455078125 0.01953125 0.0185546875
0 0.4208984375 0.96728515625 0.046875 0.0498046875
0 0.9541015625 0.986328125 0.091796875 0.02734375
