0 0.40087890625 0.97216796875 0.0771484375 0.0556640625
0 0.1884765625 0.94189453125 0.037109375 0.0478515625
0 0.02001953125 0.93408203125 0.0400390625 0.0556640625
0 0.66162109375 0.884765625 0.0517578125 0.06640625
0 0.162109375 0.83251953125 0.06640625 0.1298828125
0 0.40625 0.76171875 0.126953125 0.232421875
0 0.2822265625 0.849609375 0.029296875 0.025390625
0 0.56103515625 0.72705078125 0.1552734375 0.1630859375
0 0.1494140625 0.71630859375 0.134765625 0.1376953125
0 0.0556640625 0.76708984375 0.025390625 0.0263671875
0 0.66455078125 0.73046875 0.0302734375 0.05078125
0 0.7080078125 0.72998046875 0.029296875 0.0380859375
0 0.82666015625 0.72265625 0.0341796875 0.037109375
0 0.31982421875 0.6513671875 0.1630859375 0.158203125
0 0.67333984375 0.6767578125 0.0458984375 0.0390625
0 0.7900390625 0.6650390625 0.04296875 0.041015625
0 0.71826171875 0.6572265625 0.0517578125 0.037109375
0 0.513671875 0.6220703125 0.07421875 0.048828125
0 0.77880859375 0.5380859375 0.0419921875 0.0625
0 0.322265625 0.5146484375 0.068359375 0.09375
0 0.96728515625 0.47412109375 0.0654296875 0.0869140625
0 0.75732421875 0.45166015625 0.0556640625 0.0693359375
0 0.65087890625 0.43408203125 0.0693359375 0.0966796875
0 0.2109375 0.40625 0.095703125 0.09375
0 0.1533203125 0.38916015625 0.0625 0.0869140625
0 0.06787109375 0.36767578125 0.0302734375 0.0751953125
0 0.69921875 0.3056640625 0.04296875 0.080078125
0 0.13232421875 0.25341796875 0.1005859375 0.1298828125
0 0.35009765625 0.2412109375 0.0888671875 0.1171875
0 0.884765625 0.19091796875 0.03515625 0.0400390625
0 0.3583984375 0.15771484375 0.03515625 0.0380859375
0 0.6923828125 0.08056640625 0.1328125 0.1259765625
0 0.92626953125 0.1123046875 0.0693359375 0.04296875
0 0.58349609375 0.083984375 0.0458984375 0.0703125
0 0.986328125 0.0947265625 0.02734375 0.029296875
0 0.3291015625 0.03662109375 0.103515625 0.0732421875
0 0.76025390625 0.03125 0.0751953125 0.0625
0 0.55517578125 0.02294921875 0.0712890625 0.0458984375
