0 0.869375 0.025 0.2437499999999999 0.05
0 0.07874999999999999 0.0025 0.10749999999999993 0.005
0 0.3275 0.090625 0.030000000000000027 0.05874999999999999
0 0.8262499999999999 0.15562499999999999 0.17999999999999988 0.18624999999999997
0 0.14499999999999996 0.21437499999999998 0.2125 0.21125000000000002
0 0.5387500000000001 0.2125 0.15999999999999998 0.14499999999999996
0 0.4043750000000001 0.16499999999999998 0.06375000000000001 0.04500000000000002
0 0.32749999999999996 0.21062499999999998 0.11999999999999997 0.12625
0 0.6775 0.23312499999999997 0.07750000000000012 0.07125
0 0.88375 0.343125 0.2325 0.22624999999999998
0 0.67625 0.28875 0.04249999999999989 0.04500000000000006
0 0.295625 0.370625 0.1687499999999999 0.18124999999999997
0 0.488125 0.35125 0.09125000000000005 0.07250000000000001
0 0.08250000000000002 0.385625 0.029999999999999805 0.028749999999999963
0 0.06125000000000008 0.45562500000000006 0.09250000000000014 0.12624999999999997
0 0.6956249999999999 0.4375 0.09375 0.08499999999999996
0 0.6493749999999999 0.5262499999999999 0.07874999999999996 0.07499999999999991
0 0.8574999999999999 0.6431250000000001 0.285 0.24375
0 0.47000000000000003 0.603125 0.13249999999999992 0.11375000000000002
0 0.27375 0.615625 0.10750000000000007 0.13375000000000004
0 0.025000000000000022 0.6575 0.050000000000000044 0.07499999999999991
0 0.47687500000000005 0.6849999999999999 0.04375000000000009 0.0375
0 0.0068750000000000755 0.7050000000000001 0.013750000000000151 0.039999999999999945
0 0.278125 0.713125 0.036250000000000025 0.03374999999999995
0 0.4987500000000001 0.7418750000000001 0.0625 0.061249999999999895
0 0.6268750000000001 0.8325000000000001 0.08875000000000002 0.1750000000000001
0 0.819375 0.87625 0.34375 0.24750000000000005
0 0.05499999999999999 0.7931250000000001 0.09249999999999992 0.07625000000000001
0 0.9875 0.945625 0.025 0.10875000000000004
0 0.56875 0.9350000000000002 0.040000000000000036 0.047499999999999966
0 0.619375 0.9643750000000001 0.07874999999999996 0.07125000000000004
0 0.9912500000000002 0.9706250000000001 0.017499999999999894 0.05875000000000004
