0 0.79625 0.9893750000000001 0.11750000000000008 0.021250000000000036
0 0.701875 0.9475 0.14625000000000005 0.10500000000000007
0 0.8025 0.9081249999999998 0.10749999999999993 0.12624999999999992
0 0.11500000000000003 0.889375 0.09250000000000014 0.11124999999999989
0 0.315625 0.8800000000000001 0.12875 0.09749999999999996
0 0.6993750000000001 0.8243750000000001 0.22874999999999987 0.19375
0 0.5625 0.878125 0.07750000000000021 0.08375000000000021
0 0.8768750000000001 0.826875 0.11124999999999989 0.13874999999999993
0 0.9756250000000002 0.754375 0.04874999999999989 0.20875000000000005
0 0.52125 0.7725 0.125 0.14499999999999993
0 0.20124999999999998 0.7543749999999999 0.21499999999999994 0.14875000000000008
0 0.376875 0.7500000000000001 0.12124999999999994 0.15250000000000002
0 0.05874999999999991 0.7793749999999999 0.04249999999999987 0.05124999999999984
0 0.04749999999999999 0.70875 0.0625 0.075
0 0.835625 0.56375 0.19374999999999992 0.18999999999999995
0 0.7362500000000001 0.6075 0.06749999999999998 0.09749999999999996
0 0.027500000000000024 0.530625 0.05500000000000005 0.15874999999999995
0 0.588125 0.555 0.06375000000000001 0.09250000000000017
0 0.21499999999999994 0.438125 0.10250000000000001 0.13624999999999998
0 0.5449999999999999 0.4525 0.07250000000000005 0.10499999999999998
0 0.426875 0.40687500000000004 0.11125000000000007 0.11875
0 0.899375 0.32875000000000004 0.20125 0.24499999999999997
0 0.04999999999999999 0.254375 0.09999999999999998 0.2737499999999999
0 0.31 0.2862499999999999 0.1900000000000001 0.1925000000000001
0 0.449375 0.309375 0.05874999999999995 0.07625000000000007
0 0.5356249999999999 0.14687499999999995 0.10124999999999992 0.13624999999999995
0 0.6412500000000001 0.10812499999999996 0.1700000000000001 0.20875000000000007
0 0.8393750000000001 0.06187500000000001 0.25875000000000004 0.12375000000000003
0 0.728125 0.11437499999999994 0.001249999999999929 0.0012500000000000844
0 0.9737500000000001 0.03687500000000005 0.05250000000000003 0.0737500000000001
0 0.528125 0.022500000000000075 0.14375 0.04500000000000015
