0 0.609375 0.04 0.22124999999999986 0.08
0 0.135625 0.001875 0.12125000000000008 0.00375
0 0.73125 0.059375 0.04500000000000002 0.053749999999999985
0 0.5337500000000001 0.265 0.26250000000000007 0.32
0 0.728125 0.14875 0.05125000000000002 0.06499999999999999
0 0.746875 0.4425 0.24375 0.4525
0 0.18312499999999998 0.29000000000000004 0.09125000000000005 0.10000000000000005
0 0.974375 0.38812499999999994 0.05124999999999993 0.21125000000000002
0 0.4643750000000001 0.456875 0.22374999999999998 0.22375000000000003
0 0.8837499999999998 0.47874999999999995 0.1424999999999999 0.19750000000000006
0 0.13624999999999987 0.469375 0.10749999999999993 0.09874999999999998
0 0.053749999999999964 0.46624999999999994 0.02499999999999991 0.040000000000000036
0 0.959375 0.6018749999999999 0.08125 0.1387500000000001
0 0.85375 0.6581250000000001 0.10500000000000007 0.21375000000000002
0 0.6925000000000001 0.671875 0.1999999999999999 0.2137500000000001
0 0.49625 0.6756249999999999 0.19499999999999992 0.2062500000000001
0 0.9643750000000001 0.7525000000000001 0.07125000000000004 0.0875
0 0.595625 0.820625 0.10374999999999997 0.10125000000000002
0 0.784375 0.865 0.25125000000000003 0.1875
0 0.495 0.804375 0.0700000000000001 0.06624999999999996
0 0.415625 0.9337500000000001 0.18874999999999992 0.13249999999999992
0 0.06687500000000002 0.936875 0.13375000000000004 0.12624999999999992
0 0.9018750000000001 0.95 0.19625000000000004 0.1
0 0.619375 0.95 0.08374999999999995 0.1
