0 0.8674999999999999 0.01875 0.18 0.0375
0 0.2125 0.024375 0.11500000000000002 0.04875
0 0.04375 0.16124999999999998 0.0875 0.09999999999999998
0 0.9706250000000001 0.23687500000000003 0.05875000000000004 0.14125000000000001
0 0.14250000000000002 0.22625 0.05249999999999999 0.057499999999999975
0 0.996875 0.359375 0.00625 0.24125000000000002
0 0.81125 0.37875000000000003 0.23499999999999996 0.20750000000000002
0 0.968125 0.37 0.05124999999999993 0.08499999999999996
0 0.951875 0.505 0.09624999999999986 0.15999999999999998
0 0.34437500000000004 0.478125 0.028750000000000008 0.026250000000000016
0 0.25375 0.5512499999999999 0.057499999999999975 0.057500000000000016
0 0.008125 0.590625 0.01625 0.08125
0 0.653125 0.6756249999999999 0.3212499999999999 0.24874999999999997
0 0.16625 0.6431250000000001 0.06499999999999999 0.06625000000000006
0 0.01 0.7424999999999999 0.02 0.22249999999999998
0 0.5512499999999999 0.8618750000000001 0.34500000000000003 0.27625
0 0.754375 0.8150000000000001 0.08125 0.08000000000000007
0 0.193125 0.9043749999999999 0.19625 0.18125
0 0.69625 0.8675 0.08249999999999993 0.07500000000000018
0 0.343125 0.9 0.11625000000000005 0.13000000000000006
0 0.9806250000000001 0.923125 0.03874999999999993 0.09624999999999986
0 0.9518749999999999 0.98125 0.08625000000000008 0.0375
0 0.313125 0.9887499999999999 0.13875 0.022499999999999964
