0 0.013750000000000002 0.05812499999999998 0.027500000000000004 0.11624999999999996
0 0.019375 0.68125 0.03875 0.11499999999999995
0 0.15125000000000002 0.88375 0.1 0.15500000000000008
0 0.21625 0.75125 0.057500000000000016 0.05249999999999995
0 0.36875 0.09999999999999998 0.20749999999999993 0.19999999999999996
0 0.375625 0.9912500000000002 0.07874999999999996 0.017499999999999894
0 0.468125 0.549375 0.026250000000000016 0.028749999999999963
0 0.54125 0.64 0.057499999999999926 0.057499999999999926
0 0.5806250000000001 0.9199999999999999 0.0812499999999999 0.08500000000000014
0 0.665625 0.24062499999999992 0.24875000000000008 0.32125000000000015
0 0.6331249999999999 0.7275 0.06624999999999996 0.06499999999999986
0 0.7324999999999999 0.936875 0.22250000000000006 0.12624999999999992
0 0.8568749999999999 0.3425000000000001 0.28625 0.34499999999999986
0 0.805 0.13937500000000008 0.07999999999999989 0.08124999999999993
0 0.8943749999999999 0.7006249999999999 0.18125 0.19624999999999995
0 0.8574999999999999 0.1975 0.075 0.08250000000000002
0 0.8899999999999999 0.550625 0.1299999999999999 0.11624999999999996
0 0.98375 0.5806250000000001 0.03249999999999993 0.13875
