0 0.026875 0.009375 0.05375 0.01875
0 0.166875 0.015 0.15375 0.03
0 0.48250000000000004 0.04625 0.06500000000000003 0.0925
0 0.046875 0.08812499999999998 0.09375 0.12125
0 0.16312500000000002 0.09 0.09624999999999997 0.06999999999999999
0 0.82 0.081875 0.040000000000000036 0.04625000000000001
0 0.469375 0.191875 0.06125000000000007 0.06625
0 0.69375 0.22874999999999995 0.07749999999999994 0.07499999999999996
0 0.9506249999999999 0.29937500000000006 0.09875000000000007 0.10874999999999999
0 0.765 0.341875 0.07000000000000002 0.07374999999999998
0 0.265 0.39125 0.1575 0.13999999999999999
0 0.963125 0.418125 0.07375000000000007 0.14375000000000004
0 0.108125 0.47562499999999996 0.11625 0.12125000000000004
0 0.5025000000000001 0.521875 0.16750000000000007 0.20375000000000004
0 0.259375 0.5199999999999999 0.16375 0.12999999999999998
0 0.7793749999999999 0.51125 0.053750000000000055 0.07750000000000004
0 0.96125 0.5818749999999999 0.07750000000000004 0.11875
0 0.274375 0.7381249999999999 0.22374999999999998 0.36875
0 0.644375 0.65 0.053749999999999964 0.0625
0 0.9643750000000001 0.7431249999999999 0.07125000000000004 0.14124999999999996
0 0.8475000000000001 0.8631249999999999 0.047499999999999966 0.06875
0 0.48187499999999994 0.8825 0.06375000000000001 0.08499999999999996
0 0.6950000000000001 0.914375 0.07999999999999989 0.07625000000000011
0 0.5081249999999999 0.9625 0.07625000000000011 0.075
0 0.260625 0.974375 0.20125 0.05124999999999993
0 0.02375 0.9756250000000002 0.0475 0.04874999999999989
0 0.575 0.9881249999999999 0.09249999999999989 0.02375000000000007
0 0.6768749999999999 0.9881249999999999 0.08875000000000002 0.02375000000000007
