0 0.8975 0.6925 0.205 0.24749999999999997
0 0.9400000000000001 0.37812499999999993 0.11999999999999993 0.18374999999999994
0 0.890625 0.438125 0.001249999999999929 0.001249999999999929
0 0.765625 0.34625000000000006 0.2337500000000002 0.13249999999999998
0 0.6125 0.311875 0.05499999999999998 0.11375000000000002
0 0.61375 0.414375 0.047499999999999966 0.04874999999999989
0 0.5893750000000001 0.685625 0.04874999999999998 0.09625000000000003
0 0.480625 0.329375 0.19125 0.22875000000000006
0 0.49749999999999994 0.6537499999999999 0.10249999999999995 0.15249999999999994
0 0.448125 0.28562499999999996 0.07125000000000004 0.08875000000000002
0 0.365625 0.57875 0.18625000000000008 0.1375
0 0.3625 0.683125 0.15 0.07874999999999996
0 0.333125 0.418125 0.1437500000000001 0.09875000000000007
0 0.351875 0.4950000000000001 0.08874999999999997 0.05499999999999998
0 0.286875 0.25999999999999995 0.13874999999999993 0.11999999999999997
0 0.266875 0.484375 0.06375000000000001 0.07125000000000004
0 0.1781250000000001 0.21250000000000005 0.013750000000000151 0.020000000000000018
0 0.08875 0.23937499999999998 0.1775 0.19375000000000023
0 0.0625 0.5181250000000001 0.125 0.3412499999999999
