0 0.8868749999999999 0.019375 0.10875000000000004 0.03875
0 0.040625 0.055625 0.08125 0.11125
0 0.49312500000000004 0.019375 0.03125000000000009 0.028750000000000005
0 0.9012499999999999 0.136875 0.16500000000000004 0.20125
0 0.49625 0.0975 0.057499999999999926 0.07000000000000002
0 0.68875 0.0825 0.022499999999999964 0.03750000000000002
0 0.7481249999999999 0.09124999999999998 0.036249999999999984 0.034999999999999996
0 0.43624999999999997 0.11749999999999998 0.05999999999999996 0.04749999999999999
0 0.378125 0.128125 0.028750000000000008 0.03125
0 0.048125 0.169375 0.09625 0.11125
0 0.7618750000000001 0.315625 0.2162499999999999 0.11625
0 0.99375 0.288125 0.0125 0.061249999999999985
0 0.9225 0.27874999999999994 0.01750000000000007 0.01499999999999999
0 0.954375 0.29500000000000004 0.026250000000000107 0.02250000000000001
0 0.546875 0.33937500000000004 0.038750000000000104 0.03875000000000002
0 0.990625 0.36 0.01875 0.04249999999999998
0 0.929375 0.38937499999999997 0.06624999999999996 0.07125
0 0.5181250000000001 0.3775 0.03375000000000013 0.040000000000000036
0 0.7768749999999999 0.4025 0.061249999999999985 0.07000000000000002
0 0.610625 0.415625 0.046250000000000034 0.09124999999999997
0 0.985625 0.43624999999999997 0.028750000000000143 0.1
0 0.26812500000000006 0.4831250000000001 0.04125000000000001 0.09375
0 0.19624999999999998 0.4774999999999999 0.06999999999999999 0.05999999999999996
0 0.849375 0.488125 0.04375 0.021250000000000123
0 0.114375 0.555625 0.09125000000000001 0.13124999999999992
0 0.659375 0.5862499999999999 0.07374999999999998 0.09749999999999996
0 0.835625 0.586875 0.053749999999999964 0.05625000000000009
0 0.383125 0.76 0.5112500000000001 0.3500000000000002
0 0.806875 0.678125 0.10624999999999991 0.12375000000000007
0 0.9649999999999999 0.711875 0.04249999999999989 0.05625000000000009
0 0.843125 0.743125 0.18874999999999992 0.10374999999999997
0 0.72875 0.7175 0.05499999999999998 0.050000000000000086
0 0.6825 0.771875 0.125 0.12375000000000007
0 0.045625 0.81125 0.09125 0.1750000000000001
