0 0.253125 0.63375 0.18125 0.17
0 0.3475 0.39375000000000004 0.125 0.1325
0 0.4987500000000001 0.793125 0.05499999999999998 0.053749999999999964
0 0.5443749999999999 0.35687499999999994 0.07375000000000007 0.06374999999999997
0 0.6143750000000001 0.22000000000000003 0.06375000000000001 0.047499999999999966
0 0.6625 0.5418749999999999 0.15500000000000008 0.1437500000000001
0 0.655625 0.375625 0.13624999999999998 0.10125000000000006
0 0.615 0.260625 0.050000000000000086 0.03875000000000006
0 0.635 0.29562499999999997 0.06750000000000007 0.03874999999999993
0 0.7012499999999999 0.43562499999999993 0.022500000000000055 0.023749999999999983
0 0.72875 0.7762499999999999 0.04249999999999998 0.05
0 0.743125 0.829375 0.04375000000000009 0.04874999999999989
0 0.7362500000000001 0.46812499999999996 0.01250000000000009 0.013750000000000106
0 0.8800000000000001 0.615 0.24000000000000005 0.29750000000000004
0 0.8318750000000001 0.524375 0.1137500000000001 0.08875000000000002
0 0.8006249999999999 0.9737500000000001 0.043749999999999914 0.04499999999999993
0 0.8899999999999999 0.32875 0.05750000000000011 0.03749999999999987
