0 0.60625 0.95875 0.1125 0.08249999999999993
0 0.43062500000000004 0.5675 0.16375 0.16999999999999993
0 0.476875 0.29125 0.06624999999999996 0.06749999999999998
0 0.46875 0.091875 0.07000000000000002 0.03374999999999999
0 0.468125 0.6900000000000001 0.06624999999999988 0.047500000000000056
0 0.41937499999999994 0.826875 0.13875 0.2012500000000001
0 0.425 0.14125000000000001 0.12249999999999997 0.08499999999999999
0 0.41125 0.9668749999999999 0.125 0.06624999999999996
0 0.391875 0.44875 0.06375000000000001 0.047499999999999966
0 0.36 0.21812499999999999 0.10250000000000004 0.09624999999999995
0 0.28812499999999996 0.704375 0.13624999999999998 0.12374999999999999
0 0.21374999999999997 0.265625 0.08249999999999999 0.05625
0 0.06624999999999998 0.734375 0.13249999999999995 0.23374999999999985
0 0.05999999999999994 0.524375 0.11999999999999988 0.16625000000000006
0 0.026249999999999996 0.10625 0.05249999999999999 0.06750000000000002
0 0.0006249999999999867 0.646875 0.0012499999999999734 0.40625
