0 0.39812499999999995 0.943125 0.09874999999999998 0.11374999999999993
0 0.45625 0.80625 0.12249999999999997 0.13250000000000012
0 0.66125 0.7975000000000001 0.09999999999999983 0.11500000000000003
0 0.853125 0.6849999999999999 0.12874999999999998 0.15
0 0.07124999999999992 0.598125 0.14249999999999985 0.2512499999999999
0 0.913125 0.5824999999999999 0.11624999999999978 0.10750000000000001
0 0.8231249999999999 0.45062499999999994 0.1137500000000001 0.13124999999999995
0 0.30999999999999994 0.3875 0.20249999999999999 0.22749999999999987
0 0.8775000000000001 0.198125 0.18250000000000002 0.19124999999999992
0 0.66 0.20875 0.09000000000000004 0.13500000000000004
0 0.30999999999999994 0.0774999999999999 0.08750000000000005 0.08499999999999996
0 0.42874999999999996 0.050624999999999976 0.15999999999999998 0.10124999999999995
0 0.6512499999999999 0.04062499999999991 0.032500000000000015 0.046250000000000124
0 0.5725 0.03749999999999998 0.02999999999999998 0.03500000000000014
