0 0.9512499999999999 0.04375 0.09749999999999996 0.0875
0 0.15249999999999994 0.074375 0.14749999999999994 0.14875
0 0.44499999999999995 0.10999999999999999 0.05249999999999995 0.06499999999999997
0 0.765625 0.1575 0.06125000000000007 0.05249999999999999
0 0.5037499999999999 0.14500000000000002 0.02999999999999998 0.017500000000000005
0 0.9631250000000001 0.205 0.06875000000000017 0.1025
0 0.16749999999999998 0.2125 0.047499999999999876 0.07749999999999999
0 0.47624999999999995 0.2475 0.0750000000000001 0.08250000000000002
0 0.8875 0.456875 0.21000000000000013 0.32875
0 0.024374999999999925 0.429375 0.04874999999999985 0.14875000000000008
0 0.123125 0.45 0.17625000000000016 0.16499999999999995
0 0.341875 0.44812499999999994 0.07625000000000001 0.10624999999999991
0 0.13937500000000008 0.7612500000000001 0.22124999999999986 0.44250000000000006
0 0.968125 0.651875 0.06374999999999993 0.10625
0 0.019374999999999976 0.6693749999999999 0.03874999999999995 0.12625000000000003
0 0.766875 0.71375 0.14625000000000005 0.125
0 0.37312500000000004 0.7324999999999999 0.09625000000000009 0.11749999999999998
0 0.9800000000000001 0.7649999999999999 0.040000000000000036 0.10999999999999996
0 0.905 0.765625 0.03499999999999996 0.04375
0 0.7462500000000001 0.80625 0.06750000000000007 0.0700000000000001
0 0.31 0.849375 0.04500000000000002 0.10125000000000002
0 0.26 0.866875 0.04499999999999993 0.08374999999999985
0 0.01375000000000004 0.8993749999999998 0.02750000000000008 0.14124999999999996
0 0.9912500000000002 0.87625 0.017499999999999894 0.075
0 0.24937499999999996 0.93125 0.026249999999999975 0.05249999999999986
0 0.23562499999999997 0.9774999999999998 0.043749999999999914 0.04500000000000011
