0 0.5475000000000001 0.38187499999999996 0.1700000000000001 0.18124999999999997
0 0.7875 0.47624999999999995 0.1325 0.12499999999999992
0 0.388125 0.6275000000000001 0.053750000000000055 0.05500000000000007
0 0.8243750000000001 0.673125 0.06375000000000001 0.07374999999999998
0 0.96125 0.743125 0.047499999999999966 0.06374999999999993
0 0.6393749999999999 0.79125 0.1437499999999999 0.15499999999999997
0 0.805625 0.784375 0.10125000000000002 0.13624999999999998
0 0.9206249999999999 0.74375 0.03874999999999993 0.05
0 0.8856249999999999 0.7637499999999999 0.038750000000000104 0.06749999999999998
0 0.7456250000000001 0.8300000000000001 0.02375000000000007 0.02250000000000014
0 0.4050000000000001 0.8574999999999999 0.050000000000000086 0.04249999999999989
0 0.351875 0.871875 0.04874999999999994 0.04375
0 0.713125 0.865 0.013749999999999929 0.0125
0 0.5662499999999999 0.9443750000000002 0.29750000000000004 0.11124999999999989
0 0.656875 0.951875 0.08874999999999993 0.09624999999999986
0 0.20750000000000007 0.929375 0.04499999999999982 0.04375000000000018
0 0.02812500000000001 0.9731249999999999 0.05625000000000002 0.053749999999999964
0 0.148125 0.99 0.03875000000000017 0.019999999999999928
0 0.8525 0.9949999999999999 0.0375 0.009999999999999964
