0 0.996875 0.951875 0.00625 0.09624999999999986
0 0.025624999999999953 0.971875 0.05124999999999991 0.03874999999999993
0 0.9962500000000001 0.531875 0.007499999999999929 0.19124999999999986
0 0.436875 0.53875 0.15625 0.14750000000000005
0 0.30374999999999996 0.5912499999999999 0.04249999999999998 0.02999999999999998
0 0.030624999999999902 0.4725 0.053749999999999964 0.06000000000000005
0 0.321875 0.440625 0.06374999999999997 0.07625000000000001
0 0.39875000000000005 0.37062500000000004 0.21999999999999997 0.19125000000000006
0 0.8637499999999999 0.3818750000000001 0.2125 0.15875000000000009
0 0.978125 0.34249999999999997 0.04375 0.23499999999999996
0 0.24187499999999992 0.38375 0.10125000000000006 0.1425
0 0.38 0.18375000000000008 0.2375000000000001 0.18499999999999986
0 0.991875 0.21999999999999997 0.016249999999999966 0.040000000000000036
0 0.8787499999999999 0.181875 0.08999999999999986 0.10125000000000003
0 0.9643750000000001 0.188125 0.07125000000000004 0.08374999999999999
0 0.954375 0.050624999999999976 0.09125000000000014 0.10124999999999995
0 0.395625 0.036250000000000004 0.1437500000000001 0.07250000000000001
0 0.8387499999999999 0.03562500000000002 0.08749999999999991 0.07125000000000004
0 0.296875 0.023749999999999993 0.05624999999999991 0.04749999999999999
