0 0.745625 0.9862500000000001 0.06875000000000017 0.027500000000000035
0 0.79125 0.8475000000000001 0.20749999999999993 0.22249999999999998
0 0.93 0.884375 0.1 0.1012500000000001
0 0.015000000000000013 0.883125 0.030000000000000027 0.10375000000000015
0 0.9581250000000001 0.729375 0.08375000000000003 0.11624999999999996
0 0.166875 0.45124999999999993 0.33375 0.35750000000000004
0 0.715625 0.5668749999999999 0.07874999999999996 0.07625000000000001
0 0.9131250000000002 0.5050000000000001 0.1387500000000001 0.1499999999999999
0 0.4575 0.38812500000000005 0.2475 0.22874999999999995
0 0.99375 0.39625 0.0125 0.09249999999999999
0 0.73125 0.35000000000000003 0.08999999999999994 0.10750000000000001
0 0.660625 0.37875000000000003 0.03375000000000004 0.03249999999999997
0 0.6793750000000001 0.246875 0.15875000000000003 0.16125000000000003
0 0.46125 0.24562500000000004 0.05500000000000007 0.06625000000000006
0 0.538125 0.241875 0.08375000000000003 0.06375000000000011
0 0.565625 0.155625 0.08874999999999993 0.12125000000000008
0 0.041874999999999996 0.051875000000000004 0.08374999999999999 0.10375000000000001
0 0.7481250000000002 0.027500000000000024 0.06375000000000001 0.05500000000000005
0 0.60125 0.025000000000000022 0.2625 0.050000000000000044
0 0.885 0.021874999999999978 0.22999999999999998 0.043749999999999956
0 0.13687500000000002 0.020000000000000018 0.08875 0.040000000000000036
