0 0.976875 0.316875 0.046250000000000034 0.06125000000000007
0 0.95 0.09249999999999997 0.075 0.07750000000000001
0 0.9112500000000001 0.95625 0.07749999999999986 0.06500000000000003
0 0.836875 0.02812500000000001 0.07375000000000007 0.05625000000000002
0 0.7875000000000001 0.52125 0.14000000000000004 0.15750000000000003
0 0.703125 0.678125 0.12124999999999994 0.11625000000000005
0 0.7212500000000001 0.9675 0.075 0.06499999999999986
0 0.656875 0.28375000000000006 0.20375000000000015 0.16750000000000012
0 0.6587500000000001 0.526875 0.12999999999999998 0.16375000000000012
0 0.6675 0.016874999999999918 0.07750000000000004 0.033749999999999836
0 0.534375 0.984375 0.21625000000000005 0.03125
0 0.440625 0.5118750000000001 0.36875 0.22375000000000006
0 0.5287499999999999 0.14187499999999997 0.06249999999999991 0.053749999999999964
0 0.4625 0.8725000000000002 0.12749999999999995 0.10999999999999996
0 0.32937500000000003 0.9525 0.14875000000000008 0.09499999999999993
0 0.29625 0.304375 0.08499999999999996 0.06375000000000011
0 0.26437499999999997 0.09124999999999994 0.07625000000000007 0.08000000000000007
0 0.18687499999999996 0.278125 0.13375000000000017 0.07625000000000007
0 0.14062499999999994 0.525625 0.17875000000000008 0.20124999999999993
0 0.17312500000000003 0.789375 0.10875000000000001 0.10125000000000002
0 0.15250000000000002 0.21125 0.1 0.09249999999999989
0 0.15500000000000008 0.109375 0.09499999999999989 0.08875000000000033
0 0.11312499999999996 0.03187499999999999 0.09124999999999972 0.06374999999999997
0 0.09312500000000007 0.30562500000000004 0.0737500000000001 0.08375000000000003
0 0.03437499999999999 0.28375 0.06874999999999998 0.0750000000000001
0 0.013124999999999942 0.026249999999999996 0.026249999999999885 0.05249999999999999
