0 0.8587499999999999 0.03125 0.08499999999999996 0.0625
0 0.54625 0.109375 0.16249999999999992 0.21875
0 0.34812499999999996 0.114375 0.19874999999999998 0.20875
0 0.875 0.128125 0.17250000000000015 0.17625000000000002
0 0.9893750000000001 0.06312500000000001 0.021250000000000036 0.03375
0 0.215625 0.10999999999999999 0.03874999999999995 0.06499999999999997
0 0.15999999999999998 0.110625 0.0375 0.048750000000000016
0 0.015 0.12 0.03 0.0475
0 0.656875 0.21125 0.20874999999999994 0.20249999999999999
0 0.20437500000000003 0.17875 0.05875000000000004 0.049999999999999954
0 0.05500000000000001 0.19375 0.05500000000000001 0.05250000000000001
0 0.146875 0.20374999999999996 0.06624999999999999 0.04750000000000001
0 0.40875000000000006 0.24874999999999997 0.09499999999999997 0.06250000000000004
0 0.069375 0.35625 0.05375 0.08000000000000003
0 0.6537499999999999 0.38625 0.0875 0.11999999999999997
0 0.09687500000000002 0.46687499999999993 0.07125000000000001 0.08875000000000002
0 0.23312500000000003 0.48937500000000006 0.08875000000000004 0.12374999999999999
0 0.79625 0.525 0.12250000000000014 0.11999999999999993
0 0.8699999999999999 0.546875 0.08000000000000007 0.11124999999999999
0 0.9793749999999999 0.5743750000000001 0.038750000000000104 0.09625000000000003
0 0.17124999999999999 0.6537499999999999 0.05500000000000001 0.10249999999999995
0 0.896875 0.720625 0.12875000000000014 0.16624999999999995
0 0.618125 0.7362500000000001 0.11374999999999993 0.15000000000000008
0 0.6074999999999999 0.843125 0.04500000000000002 0.04875000000000007
0 0.18000000000000002 0.9306249999999998 0.17000000000000004 0.1387500000000001
0 0.31937499999999996 0.9375 0.05874999999999999 0.09000000000000022
0 0.645 0.9756250000000002 0.13250000000000012 0.04874999999999989
0 0.09312499999999999 0.9824999999999999 0.09624999999999999 0.03499999999999996
0 0.355625 0.9931249999999998 0.09125000000000001 0.013750000000000106
