0 0.03500000000000003 0.9887499999999999 0.07000000000000006 0.022499999999999964
0 0.11187499999999999 0.589375 0.22374999999999998 0.22125000000000003
0 0.0625 0.025000000000000022 0.125 0.050000000000000044
0 0.08187499999999998 0.11562499999999998 0.13124999999999998 0.12124999999999986
0 0.20312499999999994 0.7112499999999999 0.053750000000000075 0.04500000000000011
0 0.40875000000000006 0.5137499999999999 0.31999999999999995 0.26250000000000007
0 0.2925 0.7081250000000001 0.06499999999999995 0.05125000000000002
0 0.5862499999999999 0.726875 0.4525 0.24375000000000008
0 0.43375 0.16312500000000002 0.1 0.09124999999999994
0 0.531875 0.9643750000000001 0.21125 0.07125000000000004
0 0.600625 0.44437499999999996 0.22374999999999998 0.22374999999999998
0 0.6224999999999999 0.8637500000000001 0.19749999999999987 0.14250000000000015
0 0.6131249999999999 0.11625000000000008 0.09875000000000007 0.10750000000000015
0 0.61 0.03375 0.040000000000000036 0.025000000000000022
0 0.7456249999999999 0.9493749999999999 0.13874999999999985 0.1012500000000001
0 0.8018749999999999 0.83375 0.21374999999999994 0.10500000000000007
0 0.815625 0.6725 0.21374999999999994 0.2
0 0.819375 0.47625 0.2062499999999999 0.19499999999999992
0 0.8962499999999999 0.944375 0.08749999999999983 0.07125000000000022
0 0.9568749999999999 0.5756249999999999 0.08625000000000008 0.10375000000000005
0 0.9574999999999999 0.764375 0.08499999999999996 0.2512500000000001
0 0.9481249999999999 0.475 0.06624999999999996 0.07000000000000002
