0 0.9099999999999999 0.960625 0.18000000000000008 0.07874999999999996
0 0.7893749999999999 0.9793749999999999 0.1612499999999999 0.04124999999999997
0 0.05625 0.89625 0.1125 0.20750000000000002
0 0.6025 0.9662499999999999 0.022499999999999964 0.02250000000000014
0 0.9506249999999999 0.920625 0.09875000000000007 0.10374999999999997
0 0.786875 0.8231249999999999 0.13625000000000007 0.18624999999999997
0 0.6675000000000001 0.7943749999999999 0.16000000000000006 0.20874999999999994
0 0.9256249999999999 0.7925000000000001 0.14875000000000008 0.15750000000000003
0 0.53125 0.779375 0.014999999999999857 0.016249999999999966
0 0.97625 0.68125 0.047499999999999966 0.18249999999999994
0 0.649375 0.6212500000000001 0.18625000000000008 0.1125
0 0.46687500000000004 0.6381249999999999 0.028749999999999963 0.026250000000000016
0 0.85375 0.5775 0.20749999999999993 0.13500000000000006
0 0.953125 0.48 0.09375 0.1875
0 0.614375 0.465625 0.2862499999999999 0.18624999999999997
0 0.8393750000000001 0.4774999999999999 0.09625000000000003 0.09249999999999989
0 0.7925000000000001 0.365625 0.16000000000000014 0.15874999999999995
0 0.5337500000000001 0.330625 0.08499999999999996 0.07124999999999995
0 0.8868750000000001 0.3075 0.08874999999999993 0.07250000000000001
0 0.931875 0.240625 0.13625000000000007 0.16874999999999996
0 0.9637499999999999 0.14687500000000003 0.07249999999999997 0.25625
0 0.5625 0.2425 0.054999999999999896 0.05999999999999996
0 0.7487499999999999 0.025624999999999953 0.13249999999999984 0.05124999999999991
