0 0.7212500000000001 0.013750000000000002 0.06500000000000013 0.027500000000000004
0 0.25625 0.041875 0.15250000000000002 0.08375
0 0.401875 0.03 0.09624999999999999 0.06
0 0.7081250000000001 0.12687500000000002 0.061249999999999985 0.06625
0 0.9324999999999999 0.16375 0.07749999999999986 0.07500000000000002
0 0.06875 0.20250000000000004 0.06500000000000002 0.07749999999999999
0 0.984375 0.276875 0.03125 0.07374999999999998
0 0.5037499999999999 0.32625000000000004 0.15750000000000003 0.13999999999999999
0 0.34687500000000004 0.410625 0.11625000000000005 0.12125000000000004
0 0.055624999999999994 0.39249999999999996 0.06874999999999999 0.075
0 0.74125 0.456875 0.16750000000000007 0.20374999999999996
0 0.49812499999999993 0.45500000000000007 0.16375 0.12999999999999998
0 0.9956250000000001 0.4462499999999999 0.008750000000000036 0.07750000000000004
0 0.028125 0.579375 0.05625 0.21624999999999997
0 0.5131249999999999 0.6731250000000001 0.22374999999999998 0.3687500000000001
0 0.883125 0.585 0.053749999999999964 0.0625
0 0.1525 0.6512499999999999 0.10999999999999996 0.12749999999999995
0 0.06 0.784375 0.12 0.14875000000000008
0 0.7206249999999998 0.8175000000000001 0.06375000000000001 0.08499999999999996
0 0.9337500000000001 0.849375 0.08000000000000007 0.07624999999999993
0 0.746875 0.9268750000000001 0.07625000000000001 0.13375000000000004
0 0.499375 0.9418749999999999 0.20125 0.11624999999999996
0 0.23562500000000003 0.940625 0.10124999999999998 0.10874999999999986
0 0.81375 0.9556250000000001 0.09249999999999999 0.08874999999999993
0 0.915625 0.9556250000000001 0.08874999999999993 0.08874999999999993
0 0.9806250000000001 0.9774999999999998 0.03874999999999993 0.04500000000000011
0 0.719375 0.991875 0.08374999999999995 0.016249999999999966
