0 0.983125 0.376875 0.033749999999999857 0.19125000000000006
0 0.9712499999999998 0.46937500000000004 0.032500000000000105 0.046250000000000034
0 0.9168749999999999 0.04625000000000001 0.09124999999999997 0.09250000000000003
0 0.9243750000000001 0.469375 0.02624999999999993 0.026250000000000016
0 0.8675 0.9037499999999999 0.1375000000000001 0.11999999999999993
0 0.890625 0.43187499999999995 0.028750000000000143 0.03125
0 0.7731250000000001 0.05312499999999998 0.2012500000000001 0.10624999999999996
0 0.8125 0.42874999999999996 0.07000000000000002 0.057500000000000016
0 0.8274999999999999 0.23625000000000002 0.037499999999999825 0.022500000000000055
0 0.81875 0.1768749999999999 0.03499999999999996 0.036250000000000115
0 0.7925 0.48875 0.047499999999999966 0.05999999999999996
0 0.781875 0.546875 0.03125 0.028750000000000143
0 0.740625 0.8825 0.11124999999999999 0.10750000000000011
0 0.594375 0.16312500000000002 0.11625000000000005 0.21624999999999997
0 0.63125 0.005625000000000047 0.014999999999999857 0.011250000000000093
0 0.570625 0.378125 0.03875000000000002 0.03874999999999993
0 0.520625 0.014375000000000082 0.07125000000000004 0.028750000000000164
0 0.5325 0.406875 0.040000000000000036 0.03374999999999995
0 0.5075000000000001 0.148125 0.06999999999999992 0.061249999999999916
0 0.49437499999999995 0.31437499999999996 0.09124999999999997 0.04624999999999999
0 0.426875 0.656875 0.09375 0.04125000000000005
0 0.43249999999999994 0.72875 0.06000000000000005 0.07000000000000002
0 0.421875 0.07562499999999994 0.021250000000000036 0.043749999999999956
0 0.354375 0.8106249999999999 0.1312500000000001 0.09124999999999997
0 0.32375000000000004 0.265625 0.09750000000000006 0.07374999999999998
0 0.323125 0.08937499999999998 0.05624999999999991 0.053749999999999964
0 0.16249999999999998 0.5418749999999999 0.32499999999999996 0.51125
0 0.23187500000000005 0.11812499999999992 0.1237499999999998 0.10625000000000018
0 0.166875 0.08812499999999995 0.10375000000000001 0.1762499999999999
0 0.19250000000000006 0.19624999999999998 0.04999999999999993 0.05500000000000003
0 0.13812500000000005 0.24250000000000008 0.1237499999999998 0.12500000000000003
0 0.09875000000000006 0.909375 0.17499999999999993 0.15124999999999994
