0 0.013124999999999942 0.3875 0.026249999999999885 0.06500000000000003
0 0.04124999999999995 0.8525 0.0824999999999999 0.15249999999999994
0 0.02937500000000004 0.7068749999999999 0.05875000000000008 0.09625000000000003
0 0.019374999999999976 0.04999999999999999 0.03874999999999995 0.039999999999999925
0 0.12562499999999993 0.40062499999999995 0.06624999999999981 0.061249999999999985
0 0.16249999999999998 0.17624999999999996 0.07499999999999996 0.07749999999999999
0 0.275625 0.10499999999999998 0.07374999999999998 0.07000000000000006
0 0.325 0.6050000000000001 0.14000000000000004 0.15750000000000003
0 0.409375 0.7618750000000001 0.12124999999999994 0.11625000000000014
0 0.45562500000000006 0.3675 0.20375000000000001 0.16750000000000007
0 0.45375 0.610625 0.13000000000000006 0.16375
0 0.445 0.09062500000000001 0.07750000000000004 0.053750000000000075
0 0.671875 0.5956250000000001 0.36875 0.22374999999999998
0 0.58375 0.22562500000000002 0.0625 0.05374999999999985
0 0.65 0.9506249999999999 0.12749999999999995 0.09875000000000007
0 0.7831250000000001 0.994375 0.14875000000000008 0.01125000000000007
0 0.796875 0.023125000000000007 0.06875 0.04625000000000001
0 0.8162500000000001 0.38812499999999994 0.08499999999999996 0.06375000000000006
0 0.8481250000000001 0.175 0.07624999999999993 0.07999999999999993
0 0.9256250000000001 0.361875 0.13375000000000004 0.07625000000000001
0 0.9412499999999999 0.609375 0.11750000000000008 0.20125
0 0.9393750000000001 0.8731249999999999 0.10875000000000004 0.10124999999999992
0 0.9550000000000001 0.29500000000000004 0.09000000000000004 0.09250000000000003
0 0.9550000000000001 0.19312500000000005 0.09000000000000004 0.08875
0 0.976875 0.09375 0.046250000000000034 0.10749999999999993
0 0.9912500000000002 0.389375 0.017499999999999894 0.08374999999999995
