0 0.991875 0.7162499999999999 0.016249999999999966 0.23500000000000004
0 0.93625 0.734375 0.0625 0.0887500000000001
0 0.881875 0.678125 0.09375 0.13374999999999995
0 0.3375 0.6575000000000001 0.13249999999999998 0.1124999999999999
0 0.49437499999999995 0.64625 0.10375000000000005 0.10999999999999996
0 0.16875 0.643125 0.10999999999999999 0.1137500000000001
0 0.679375 0.6356249999999999 0.14624999999999994 0.12875000000000006
0 0.9618749999999998 0.61125 0.07625000000000011 0.09249999999999989
0 0.7 0.505625 0.20249999999999996 0.16625000000000006
0 0.8243750000000001 0.449375 0.13125 0.08125000000000009
0 0.985625 0.4306249999999999 0.028750000000000143 0.06874999999999995
0 0.6775 0.35375 0.11250000000000009 0.12749999999999995
0 0.9418749999999999 0.330625 0.11624999999999996 0.15125000000000002
0 0.8462500000000001 0.275625 0.1625 0.16375000000000003
0 0.5774999999999999 0.299375 0.10999999999999996 0.1062500000000001
0 0.341875 0.21562499999999996 0.07374999999999998 0.10375000000000004
0 0.75875 0.16187500000000007 0.15000000000000008 0.14124999999999985
0 0.12125 0.17437499999999995 0.10499999999999998 0.10875000000000012
0 0.64125 0.16437500000000005 0.057500000000000016 0.08624999999999994
0 0.546875 0.12187499999999991 0.04124999999999997 0.05125000000000013
0 0.883125 0.04562500000000008 0.23375000000000004 0.09125000000000016
0 0.82 0.06937500000000002 0.027500000000000035 0.028749999999999942
0 0.75625 0.04312499999999997 0.07250000000000005 0.07125000000000004
