0 0.5806250000000001 0.03875 0.06625000000000006 0.0775
0 0.25375 0.1925 0.16249999999999998 0.2975
0 0.09500000000000003 0.08 0.037499999999999756 0.03250000000000001
0 0.4518750000000001 0.23687500000000003 0.19874999999999998 0.20875
0 0.005625000000000047 0.250625 0.011250000000000093 0.17625000000000002
0 0.584375 0.2325 0.03874999999999993 0.06500000000000003
0 0.64 0.23312499999999997 0.03749999999999991 0.04875000000000003
0 0.7918749999999999 0.2425 0.043749999999999914 0.047499999999999966
0 0.143125 0.33375 0.20875000000000013 0.20249999999999996
0 0.595625 0.30125 0.05875000000000004 0.049999999999999954
0 0.745 0.31625000000000003 0.054999999999999896 0.05250000000000003
0 0.653125 0.32625000000000004 0.06625000000000006 0.04750000000000001
0 0.39125 0.37125 0.09499999999999993 0.0625
0 0.7306250000000001 0.47874999999999995 0.053750000000000145 0.08000000000000007
0 0.14624999999999994 0.50875 0.0874999999999998 0.12000000000000002
0 0.9649999999999999 0.5606249999999999 0.0700000000000001 0.11124999999999999
0 0.703125 0.5893750000000001 0.07125000000000004 0.08875000000000002
0 0.5668750000000001 0.6118750000000001 0.08875000000000002 0.12374999999999999
0 0.03249999999999992 0.6475 0.06499999999999984 0.12000000000000002
0 0.62875 0.77625 0.054999999999999896 0.10250000000000004
0 0.181875 0.85875 0.11375000000000002 0.15000000000000008
0 0.8662500000000002 0.923125 0.04500000000000011 0.05125000000000011
0 0.19250000000000006 0.965625 0.0449999999999998 0.04875000000000007
0 0.62 0.991875 0.1700000000000001 0.016249999999999966
0 0.9193749999999999 0.9981249999999999 0.08874999999999993 0.0037499999999999643
