0 0.015625 0.669375 0.03125 0.09124999999999997
0 0.04062500000000002 0.011875000000000024 0.08125000000000004 0.02375000000000005
0 0.06312499999999993 0.45 0.05875000000000019 0.05249999999999995
0 0.16062500000000002 0.764375 0.2487499999999998 0.2237499999999999
0 0.10875000000000008 0.1424999999999999 0.12749999999999984 0.12500000000000014
0 0.07374999999999998 0.9268750000000001 0.050000000000000266 0.038750000000000104
0 0.156875 0.039999999999999925 0.12624999999999997 0.07999999999999985
0 0.1925 0.3368749999999999 0.09000000000000008 0.09625000000000009
0 0.22937499999999997 0.2125 0.11374999999999999 0.11499999999999999
0 0.30250000000000005 0.87375 0.07500000000000004 0.08499999999999996
0 0.32937500000000003 0.395625 0.1262500000000001 0.11375000000000002
0 0.330625 0.07937500000000003 0.06625000000000006 0.06874999999999976
0 0.4131250000000001 0.59375 0.1262500000000001 0.1400000000000002
0 0.3893750000000001 0.0706250000000001 0.04875000000000011 0.06874999999999998
0 0.43187500000000006 0.9037499999999999 0.11875 0.11750000000000008
0 0.5 0.05125000000000002 0.14499999999999993 0.10250000000000004
0 0.49375 0.401875 0.11000000000000006 0.12375000000000007
0 0.491875 0.774375 0.09374999999999982 0.09875000000000007
0 0.5725 0.971875 0.040000000000000036 0.05625
0 0.5962500000000001 0.37625 0.03500000000000005 0.040000000000000036
0 0.60375 0.0625 0.022499999999999964 0.027500000000000302
0 0.63625 0.6475 0.05 0.05499999999999998
0 0.628125 0.09749999999999998 0.028749999999999963 0.025000000000000022
0 0.696875 0.9618749999999998 0.10874999999999994 0.07625000000000011
0 0.6875 0.85375 0.03499999999999996 0.030000000000000072
0 0.7006249999999999 0.3350000000000001 0.061249999999999985 0.06500000000000009
0 0.691875 0.579375 0.04124999999999997 0.03875000000000002
0 0.7725 0.06937500000000008 0.15749999999999992 0.13875000000000015
0 0.73 0.625 0.04249999999999989 0.047499999999999785
0 0.765625 0.250625 0.05625 0.09375
0 0.749375 0.5449999999999999 0.021249999999999946 0.025000000000000088
0 0.89125 0.2375 0.21750000000000008 0.17499999999999993
0 0.914375 0.11875000000000002 0.17125000000000004 0.16000000000000014
0 0.9181250000000001 0.39624999999999994 0.16374999999999992 0.29
0 0.878125 0.65 0.06875 0.06750000000000007
0 0.9256249999999999 0.625 0.14875000000000008 0.1400000000000002
0 0.9506249999999999 0.005625000000000047 0.09875000000000007 0.011250000000000093
0 0.93 0.85125 0.022499999999999964 0.017499999999999894
0 0.9912500000000002 0.71875 0.017499999999999894 0.09750000000000006
