0 0.14208984375 0.94970703125 0.1025390625 0.1005859375
0 0.4423828125 0.97900390625 0.068359375 0.0341796875
0 0.58740234375 0.91650390625 0.1494140625 0.1572265625
0 0.83740234375 0.98046875 0.0380859375 0.029296875
0 0.7421875 0.9365234375 0.05078125 0.04296875
0 0.828125 0.93359375 0.033203125 0.0390625
0 0.7919921875 0.939453125 0.01953125 0.017578125
0 0.8271484375 0.89599609375 0.017578125 0.0185546875
0 0.51513671875 0.841796875 0.0361328125 0.025390625
0 0.85205078125 0.79931640625 0.0849609375 0.0712890625
0 0.51513671875 0.80517578125 0.0205078125 0.0205078125
0 0.17578125 0.7607421875 0.09375 0.107421875
0 0.54443359375 0.77880859375 0.0244140625 0.0224609375
0 0.86328125 0.68701171875 0.12890625 0.1572265625
0 0.546875 0.7177734375 0.044921875 0.0546875
0 0.697265625 0.7294921875 0.017578125 0.029296875
0 0.74365234375 0.72265625 0.0283203125 0.02734375
0 0.5 0.7021484375 0.046875 0.037109375
0 0.45458984375 0.69384765625 0.0224609375 0.0244140625
0 0.1923828125 0.66162109375 0.083984375 0.0869140625
0 0.75439453125 0.54736328125 0.1689453125 0.0908203125
0 0.94287109375 0.56884765625 0.0244140625 0.0478515625
0 0.8798828125 0.576171875 0.013671875 0.01171875
0 0.90478515625 0.5634765625 0.0205078125 0.017578125
0 0.58642578125 0.52880859375 0.0302734375 0.0302734375
0 0.94677734375 0.5126953125 0.0419921875 0.033203125
0 0.88525390625 0.48974609375 0.0517578125 0.0556640625
0 0.56396484375 0.4990234375 0.0263671875 0.03125
0 0.76611328125 0.4794921875 0.0478515625 0.0546875
0 0.63623046875 0.46923828125 0.0361328125 0.0712890625
0 0.947265625 0.453125 0.05859375 0.078125
0 0.36865234375 0.41650390625 0.0322265625 0.0732421875
0 0.3125 0.4208984375 0.0546875 0.046875
0 0.82275390625 0.41259765625 0.0341796875 0.0166015625
0 0.24853515625 0.35986328125 0.0712890625 0.1025390625
0 0.67431640625 0.3359375 0.0576171875 0.076171875
0 0.81201171875 0.33544921875 0.0419921875 0.0439453125
0 0.45849609375 0.2001953125 0.3994140625 0.2734375
0 0.78955078125 0.26416015625 0.0830078125 0.0966796875
0 0.95263671875 0.26025390625 0.0224609375 0.0185546875
0 0.9130859375 0.23779296875 0.033203125 0.0439453125
0 0.81787109375 0.21337890625 0.1474609375 0.0810546875
0 0.728515625 0.2333984375 0.04296875 0.0390625
0 0.6923828125 0.19091796875 0.09765625 0.0966796875
0 0.17138671875 0.16015625 0.1181640625 0.13671875
