0 0.9862500000000001 0.5825 0.027500000000000035 0.125
0 0.9625 0.473125 0.075 0.1137500000000001
0 0.9974999999999999 0.41812499999999997 0.005000000000000071 0.09375
0 0.051875000000000004 0.32937500000000003 0.10375000000000001 0.17875000000000002
0 0.92125 0.29312499999999997 0.15749999999999992 0.23124999999999996
0 0.203125 0.26249999999999996 0.26125 0.20500000000000007
0 0.8293750000000001 0.255 0.11875000000000009 0.14999999999999994
0 0.385625 0.190625 0.14625000000000005 0.16374999999999995
0 0.735 0.1912500000000001 0.12749999999999995 0.13749999999999984
0 0.90625 0.09874999999999995 0.15500000000000008 0.18499999999999994
0 0.765625 0.07374999999999998 0.10375000000000005 0.11499999999999999
0 0.960625 0.038125000000000075 0.07874999999999996 0.07625000000000015
0 0.9706250000000001 0.03937499999999994 0.05875000000000004 0.053749999999999964
0 0.78875 0.010624999999999996 0.11749999999999998 0.02124999999999999
