0 0.756875 0.01125 0.11374999999999993 0.0225
0 0.44499999999999995 0.09375 0.0625 0.05499999999999998
0 0.6 0.15875 0.18 0.10250000000000001
0 0.19312499999999994 0.241875 0.14625000000000007 0.14374999999999996
0 0.15562500000000007 0.39 0.09624999999999981 0.04750000000000001
0 0.13937499999999997 0.5325 0.07374999999999987 0.0875
0 0.17187500000000006 0.6856249999999999 0.19124999999999984 0.19125000000000006
0 0.8231249999999999 0.67875 0.15624999999999992 0.14749999999999996
0 0.95625 0.62625 0.04249999999999989 0.02999999999999998
0 0.938125 0.7768749999999999 0.06374999999999993 0.07624999999999985
0 0.8612499999999998 0.846875 0.21999999999999992 0.19125000000000014
0 0.39625000000000005 0.835625 0.2125 0.15875000000000003
0 0.17812499999999998 0.875 0.25125 0.23500000000000015
0 0.98375 0.83375 0.03249999999999993 0.14250000000000007
0 0.8800000000000001 0.9706250000000001 0.2375000000000001 0.05875000000000004
0 0.254375 0.9887499999999999 0.04375 0.022499999999999964
0 0.38125000000000003 0.9925 0.08999999999999994 0.015000000000000036
0 0.29375 0.99375 0.07500000000000004 0.0125
