0 0.0068359375 0.85400390625 0.013671875 0.0244140625
0 0.0361328125 0.41064453125 0.072265625 0.0986328125
0 0.0205078125 0.94189453125 0.03125 0.0263671875
0 0.10498046875 0.63720703125 0.0517578125 0.0634765625
0 0.09912109375 0.96826171875 0.0361328125 0.0224609375
0 0.146484375 0.9619140625 0.0234375 0.04296875
0 0.17578125 0.30859375 0.076171875 0.076171875
0 0.20751953125 0.96826171875 0.0830078125 0.0634765625
0 0.2734375 0.03466796875 0.087890625 0.0693359375
0 0.26611328125 0.2919921875 0.0439453125 0.0546875
0 0.32666015625 0.0947265625 0.1064453125 0.119140625
0 0.33349609375 0.36474609375 0.0751953125 0.0751953125
0 0.30810546875 0.29296875 0.0244140625 0.03125
0 0.31787109375 0.57080078125 0.0322265625 0.0400390625
0 0.34765625 0.18603515625 0.048828125 0.0478515625
0 0.33740234375 0.26904296875 0.0263671875 0.0341796875
0 0.4130859375 0.0439453125 0.119140625 0.087890625
0 0.46533203125 0.61083984375 0.1787109375 0.1650390625
0 0.4365234375 0.14404296875 0.107421875 0.1376953125
0 0.44775390625 0.3740234375 0.1064453125 0.125
0 0.431640625 0.48583984375 0.064453125 0.0693359375
0 0.47265625 0.908203125 0.078125 0.1015625
0 0.505859375 0.755859375 0.119140625 0.119140625
0 0.57373046875 0.91943359375 0.0615234375 0.0712890625
0 0.58251953125 0.9814453125 0.0615234375 0.037109375
0 0.6181640625 0.27734375 0.109375 0.212890625
0 0.61376953125 0.13525390625 0.0830078125 0.0615234375
0 0.63037109375 0.43896484375 0.0908203125 0.0751953125
0 0.6396484375 0.55224609375 0.1015625 0.1396484375
0 0.6416015625 0.66943359375 0.087890625 0.0869140625
0 0.6611328125 0.02734375 0.1015625 0.0546875
0 0.7470703125 0.5595703125 0.103515625 0.126953125
0 0.76611328125 0.98095703125 0.1357421875 0.0380859375
0 0.7783203125 0.12939453125 0.052734375 0.0537109375
0 0.78076171875 0.71240234375 0.0224609375 0.0263671875
0 0.93017578125 0.32861328125 0.0576171875 0.0458984375
