0 0.79125 0.9675 0.4175 0.06499999999999986
0 0.9418749999999999 0.8731249999999999 0.11624999999999996 0.1387500000000001
0 0.85375 0.8856249999999999 0.09250000000000007 0.10374999999999997
0 0.6431250000000001 0.9037499999999998 0.05625 0.05250000000000003
0 0.63875 0.7681250000000001 0.14000000000000004 0.23625000000000007
0 0.996875 0.7768750000000001 0.00625 0.14875000000000008
0 0.42687500000000006 0.695 0.30125 0.20750000000000002
0 0.555625 0.640625 0.15375000000000014 0.13875
0 0.73625 0.690625 0.047499999999999966 0.03125
0 0.704375 0.6175 0.061249999999999895 0.06749999999999998
0 0.5756249999999999 0.47562499999999996 0.14125000000000004 0.14625000000000005
0 0.440625 0.39937500000000004 0.17375000000000002 0.16624999999999995
0 0.19937499999999997 0.42749999999999994 0.0787500000000001 0.08499999999999992
0 0.008749999999999925 0.29500000000000004 0.01749999999999985 0.16249999999999995
0 0.7281250000000001 0.30624999999999997 0.16375000000000012 0.12999999999999998
0 0.7887500000000001 0.16812500000000002 0.285 0.33625000000000005
0 0.53875 0.275625 0.09499999999999993 0.08374999999999995
0 0.943125 0.21812500000000004 0.08125 0.10624999999999996
0 0.03749999999999998 0.18062499999999998 0.07499999999999996 0.15875000000000006
0 0.6387499999999999 0.17374999999999996 0.18 0.15250000000000008
0 0.9806250000000001 0.175 0.03874999999999993 0.0675
0 0.13437499999999997 0.16125000000000012 0.06874999999999998 0.04499999999999993
0 0.9649999999999999 0.08437499999999998 0.0700000000000001 0.16874999999999996
0 0.57125 0.07437500000000002 0.11749999999999998 0.14875000000000005
0 0.08749999999999997 0.10749999999999993 0.060000000000000164 0.050000000000000044
