0 0.18312500000000004 0.9418749999999999 0.09874999999999998 0.11624999999999996
0 0.24125000000000002 0.80375 0.12249999999999994 0.13249999999999992
0 0.4462499999999999 0.795 0.09999999999999995 0.11500000000000003
0 0.6381249999999999 0.6825 0.12875000000000006 0.1500000000000002
0 0.698125 0.5800000000000001 0.11624999999999996 0.10750000000000001
0 0.9862500000000001 0.4574999999999999 0.027500000000000035 0.15
0 0.608125 0.44812499999999994 0.11375000000000002 0.1312500000000001
0 0.09812500000000002 0.38500000000000006 0.19625000000000004 0.2275000000000001
0 0.6625 0.195625 0.1825000000000001 0.19125000000000003
0 0.445 0.2062500000000001 0.09000000000000004 0.13499999999999993
0 0.920625 0.16437499999999994 0.0887500000000001 0.0887500000000001
0 0.09500000000000003 0.07500000000000001 0.08750000000000024 0.08500000000000008
0 0.21375000000000002 0.04937500000000006 0.15999999999999992 0.09875000000000012
0 0.4362500000000001 0.03812500000000002 0.032500000000000015 0.04625000000000001
0 0.35750000000000004 0.03499999999999992 0.030000000000000027 0.03500000000000014
