0 0.145625 0.728125 0.14625 0.09874999999999998
0 0.29874999999999996 0.67 0.13249999999999998 0.12249999999999997
0 0.3075 0.465 0.11499999999999999 0.10000000000000009
0 0.42000000000000004 0.273125 0.15000000000000005 0.12875
0 0.506875 0.991875 0.2512499999999999 0.016249999999999966
0 0.5225 0.213125 0.10750000000000001 0.11624999999999996
0 0.6543749999999999 0.303125 0.13124999999999992 0.11375000000000002
0 0.7175 0.8162499999999999 0.22750000000000004 0.20250000000000012
0 0.905625 0.24875000000000003 0.18874999999999992 0.1825000000000001
0 0.8962499999999999 0.46624999999999994 0.13499999999999995 0.08999999999999994
0 0.9381250000000001 0.01749999999999996 0.0887500000000001 0.03499999999999992
0 0.9925 0.8162499999999999 0.015000000000000036 0.0875
