0 0.459375 0.960625 0.19124999999999986 0.07874999999999996
0 0.15249999999999997 0.991875 0.022499999999999964 0.016249999999999966
0 0.551875 0.9262499999999999 0.046250000000000034 0.032500000000000105
0 0.12062499999999998 0.871875 0.10875000000000012 0.09124999999999997
0 0.5518750000000001 0.8793749999999999 0.02624999999999993 0.02624999999999993
0 0.963125 0.8225 0.07375000000000007 0.1374999999999999
0 0.514375 0.8456250000000001 0.03125 0.028749999999999963
0 0.10625 0.728125 0.16499999999999992 0.20125
0 0.51125 0.7675 0.057499999999999926 0.0700000000000001
0 0.31875 0.7825 0.022499999999999964 0.03749999999999991
0 0.25937499999999997 0.7737499999999999 0.036249999999999984 0.03499999999999996
0 0.57125 0.7474999999999999 0.060000000000000143 0.047500000000000056
0 0.629375 0.736875 0.028749999999999963 0.03125
0 0.9556250000000001 0.6956249999999999 0.08874999999999993 0.11124999999999989
0 0.24562499999999998 0.549375 0.21625000000000005 0.11624999999999996
0 0.009999999999999953 0.576875 0.019999999999999907 0.061249999999999895
0 0.08500000000000008 0.5862499999999999 0.01749999999999985 0.015000000000000036
0 0.05312499999999998 0.5700000000000001 0.026249999999999885 0.022499999999999964
0 0.460625 0.525625 0.03874999999999993 0.03875000000000002
0 0.013124999999999942 0.5050000000000001 0.026249999999999885 0.04249999999999998
0 0.078125 0.47562499999999996 0.0662499999999997 0.07125000000000004
0 0.48937500000000006 0.4875000000000001 0.03374999999999995 0.040000000000000036
0 0.23062499999999994 0.4625 0.06125000000000003 0.07000000000000002
0 0.396875 0.449375 0.04624999999999999 0.09124999999999997
0 0.018125000000000058 0.42874999999999996 0.036250000000000115 0.09999999999999991
0 0.739375 0.38187499999999996 0.04124999999999997 0.09375
0 0.8112499999999999 0.3875 0.06999999999999984 0.05999999999999996
0 0.15812500000000007 0.37687499999999996 0.043749999999999956 0.02124999999999999
0 0.8931249999999998 0.309375 0.09124999999999997 0.13125
0 0.348125 0.27875 0.07374999999999998 0.09750000000000006
0 0.171875 0.278125 0.053750000000000187 0.05625
0 0.624375 0.14 0.5112500000000001 0.28
0 0.200625 0.186875 0.1062500000000001 0.12375000000000003
0 0.003124999999999989 0.18187500000000006 0.006249999999999978 0.023749999999999827
0 0.04249999999999998 0.153125 0.04249999999999998 0.05625000000000002
0 0.164375 0.12187499999999991 0.18875000000000008 0.1037499999999999
0 0.27874999999999994 0.14750000000000008 0.05500000000000003 0.04999999999999982
0 0.32499999999999996 0.09312500000000001 0.125 0.12375000000000003
0 0.9581250000000001 0.070625 0.08375000000000003 0.14125
