0 0.8931250000000001 0.309375 0.09875000000000007 0.11375000000000002
0 0.7150000000000001 0.31625000000000003 0.11999999999999993 0.1125
0 0.30500000000000005 0.49187499999999995 0.17 0.16375
0 0.03125 0.445625 0.0625 0.06624999999999996
0 0.42750000000000005 0.45437500000000003 0.047500000000000056 0.06624999999999996
0 0.5643750000000001 0.503125 0.20125 0.13874999999999993
0 0.784375 0.51125 0.22624999999999992 0.125
0 0.18625 0.530625 0.04750000000000001 0.06374999999999993
0 0.001875 0.5625 0.00375 0.10250000000000004
0 0.921875 0.5925 0.13874999999999993 0.13249999999999992
0 0.9981249999999999 0.588125 0.0037499999999999643 0.046250000000000034
0 0.441875 0.634375 0.12375000000000007 0.13624999999999998
0 0.858125 0.735625 0.15625 0.14375
0 0.015625 0.70875 0.03125 0.08250000000000002
0 0.9581250000000001 0.766875 0.08375000000000003 0.07125000000000004
0 0.471875 0.8756250000000001 0.23375000000000004 0.17125000000000004
0 0.26187499999999997 0.8887499999999999 0.16624999999999998 0.17249999999999996
0 0.8556250000000001 0.8825 0.1437500000000001 0.13250000000000012
0 0.95875 0.8725000000000002 0.08249999999999993 0.07750000000000004
0 0.384375 0.960625 0.40625 0.07874999999999996
0 0.96875 0.960625 0.0625 0.07874999999999996
