0 0.77125 0.921875 0.23500000000000004 0.15625
0 0.6231249999999999 0.940625 0.16124999999999998 0.11875
0 0.9349999999999999 0.8375 0.13000000000000006 0.12750000000000003
0 0.43624999999999997 0.8887499999999999 0.022499999999999964 0.02250000000000014
0 0.8081250000000001 0.8431249999999999 0.14625000000000005 0.10374999999999997
0 0.620625 0.745625 0.1362499999999999 0.1862499999999999
0 0.50125 0.716875 0.15999999999999998 0.20875000000000005
0 0.7681250000000001 0.7150000000000001 0.16624999999999987 0.15750000000000003
0 0.365 0.701875 0.015000000000000036 0.016249999999999966
0 0.865625 0.60375 0.15874999999999995 0.1825000000000001
0 0.4831250000000001 0.54375 0.18624999999999997 0.1125
0 0.954375 0.5293749999999999 0.07625000000000011 0.1062500000000001
0 0.300625 0.5606249999999999 0.028750000000000008 0.026250000000000016
0 0.6875 0.5 0.20749999999999993 0.13499999999999995
0 0.8168749999999999 0.40249999999999997 0.15374999999999997 0.1875
0 0.448125 0.388125 0.28625000000000006 0.18624999999999997
0 0.673125 0.4 0.09624999999999995 0.09250000000000003
0 0.62625 0.2881250000000001 0.15999999999999998 0.15875000000000009
0 0.9956250000000001 0.271875 0.008750000000000036 0.06874999999999995
0 0.3675 0.253125 0.08499999999999996 0.0712499999999999
0 0.7206250000000001 0.22999999999999998 0.08875000000000002 0.07249999999999998
0 0.7787499999999999 0.16312500000000002 0.1625 0.16875000000000007
0 0.880625 0.09875 0.23875000000000002 0.1975
0 0.39625 0.16499999999999998 0.05499999999999998 0.05999999999999994
