0 0.06187500000000001 0.29500000000000004 0.12375000000000003 0.23500000000000001
0 0.17125000000000004 0.276875 0.06250000000000003 0.08874999999999997
0 0.22562499999999996 0.333125 0.09375 0.13375000000000004
0 0.7699999999999999 0.35374999999999995 0.13249999999999992 0.1125
0 0.613125 0.36500000000000005 0.10374999999999997 0.11000000000000001
0 0.93875 0.36812500000000004 0.10999999999999996 0.11374999999999998
0 0.428125 0.37562500000000004 0.14624999999999994 0.12875
0 0.1443750000000001 0.4 0.07874999999999999 0.09249999999999994
0 0.06187499999999996 0.44875 0.04625000000000001 0.06750000000000007
0 0.4074999999999999 0.505625 0.20249999999999996 0.16625000000000006
0 0.28312499999999996 0.561875 0.13124999999999995 0.08125
0 0.06812500000000005 0.5806250000000001 0.1362500000000001 0.06875
0 0.43 0.6575 0.11249999999999996 0.12749999999999995
0 0.04999999999999999 0.66875 0.09999999999999998 0.14000000000000004
0 0.15375 0.680625 0.13999999999999999 0.15125000000000002
0 0.26125000000000004 0.7356250000000001 0.16249999999999998 0.16375
0 0.53 0.711875 0.11000000000000006 0.1062500000000001
0 0.765625 0.795625 0.07375000000000007 0.10374999999999997
0 0.34875 0.849375 0.1499999999999999 0.14125000000000004
0 0.9668749999999999 0.8368749999999998 0.06624999999999996 0.10875000000000004
0 0.46624999999999994 0.846875 0.057500000000000016 0.08625000000000008
0 0.5606249999999999 0.889375 0.04125000000000005 0.05125000000000011
0 0.03249999999999992 0.9412500000000001 0.06499999999999984 0.08499999999999996
0 0.2200000000000001 0.9600000000000002 0.24249999999999994 0.07999999999999989
0 0.28750000000000003 0.9418749999999999 0.027499999999999948 0.028749999999999963
0 0.35124999999999995 0.9662499999999999 0.07250000000000001 0.06750000000000007
0 0.036250000000000004 0.991875 0.07250000000000001 0.016249999999999966
