0 0.9800000000000001 0.050624999999999996 0.040000000000000036 0.07375000000000001
0 0.93625 0.21500000000000002 0.12749999999999986 0.185
0 0.93875 0.6112500000000001 0.12250000000000014 0.32
0 0.9956250000000001 0.9818749999999999 0.008750000000000036 0.036250000000000074
0 0.906875 0.08249999999999999 0.12125000000000022 0.125
0 0.740625 0.22562500000000002 0.24375 0.32875000000000004
0 0.7631249999999999 0.56125 0.18625000000000008 0.10250000000000004
0 0.5506249999999999 0.33499999999999996 0.17375 0.1775
0 0.46749999999999997 0.5587500000000001 0.30750000000000005 0.22749999999999995
0 0.47375000000000006 0.8381250000000001 0.2124999999999999 0.19625000000000004
0 0.44562500000000005 0.20249999999999999 0.15125000000000002 0.1125
0 0.34500000000000003 0.39812499999999995 0.1525 0.14374999999999996
0 0.14187499999999997 0.6212500000000001 0.24375000000000008 0.14000000000000004
0 0.166875 0.45687500000000003 0.19124999999999992 0.14625000000000007
0 0.1343749999999999 0.32625000000000004 0.2012500000000001 0.2125
0 0.14499999999999996 0.13187500000000002 0.15249999999999997 0.15375
0 0.10624999999999991 0.9556250000000001 0.16749999999999987 0.08874999999999993
0 0.10062499999999996 0.0075 0.12375000000000003 0.015
0 0.04249999999999998 0.29250000000000004 0.08499999999999996 0.2575
0 0.030000000000000082 0.12625 0.060000000000000164 0.11000000000000001
0 0.025000000000000022 0.50875 0.050000000000000044 0.17
