0 0.9712500000000001 0.25687499999999996 0.057499999999999926 0.09375
0 0.9893750000000001 0.685 0.021250000000000036 0.022499999999999964
0 0.8618750000000001 0.25062500000000004 0.16125000000000006 0.1662499999999999
0 0.646875 0.3237500000000001 0.23625000000000007 0.3424999999999999
0 0.685 0.6862499999999999 0.1450000000000001 0.1375000000000001
0 0.721875 0.985 0.05125000000000002 0.030000000000000072
0 0.665625 0.985625 0.04624999999999986 0.028750000000000143
0 0.5862499999999999 0.530625 0.14000000000000004 0.0812499999999999
0 0.5962500000000001 0.64125 0.0875 0.10249999999999995
0 0.579375 0.9724999999999999 0.09124999999999997 0.05500000000000007
0 0.496875 0.12874999999999992 0.08125 0.0625
0 0.485 0.934375 0.07749999999999986 0.08625000000000008
0 0.4375 0.60375 0.10749999999999993 0.10250000000000004
0 0.465625 0.8306249999999998 0.04375 0.046250000000000034
0 0.4331250000000001 0.965625 0.05625 0.04875000000000007
0 0.403125 0.8443750000000001 0.06375000000000011 0.06874999999999983
0 0.335 0.11437499999999994 0.2000000000000001 0.18875000000000008
0 0.39937500000000004 0.93 0.06374999999999993 0.08499999999999996
0 0.328125 0.945 0.06374999999999993 0.05249999999999986
0 0.18 0.88125 0.36 0.2375
0 0.32625000000000004 0.8774999999999998 0.05999999999999992 0.03499999999999996
0 0.309375 0.920625 0.08874999999999997 0.05875000000000004
0 0.291875 0.585 0.11375000000000002 0.14749999999999996
0 0.25250000000000006 0.78625 0.09500000000000006 0.09249999999999989
0 0.253125 0.626875 0.05625 0.03375000000000004
0 0.20312500000000008 0.563125 0.03874999999999997 0.046249999999999944
0 0.16125000000000003 0.6112500000000001 0.10500000000000001 0.12000000000000002
0 0.12437499999999994 0.779375 0.1037499999999999 0.09625000000000003
0 0.11250000000000009 0.704375 0.04249999999999987 0.046250000000000034
0 0.09312499999999996 0.871875 0.056250000000000244 0.04875000000000007
0 0.09375 0.8162499999999999 0.022500000000000187 0.025
0 0.010624999999999996 0.9425000000000001 0.02124999999999999 0.0700000000000001
