0 0.565625 0.0025 0.1137500000000001 0.005
0 0.25375000000000003 0.07625 0.0625 0.05499999999999998
0 0.40875000000000006 0.14125000000000001 0.18000000000000008 0.10250000000000001
0 0.03749999999999998 0.22437500000000005 0.07499999999999996 0.14375000000000004
0 0.006249999999999978 0.37249999999999994 0.012499999999999956 0.04750000000000001
0 0.038125000000000075 0.6681250000000001 0.07625000000000015 0.19125000000000006
0 0.631875 0.66125 0.15624999999999992 0.14749999999999996
0 0.765 0.60875 0.04249999999999998 0.030000000000000072
0 0.746875 0.759375 0.06375000000000001 0.07625000000000001
0 0.67 0.829375 0.2200000000000001 0.19124999999999998
0 0.20500000000000007 0.818125 0.2124999999999999 0.15874999999999995
0 0.05625000000000002 0.8574999999999999 0.11250000000000004 0.23499999999999996
0 0.8268749999999999 0.8162499999999999 0.10124999999999984 0.1425
0 0.68875 0.9618749999999998 0.23749999999999982 0.07625000000000011
0 0.06312499999999999 0.9800000000000001 0.043749999999999956 0.040000000000000036
0 0.18999999999999995 0.98375 0.09000000000000005 0.03249999999999993
0 0.10249999999999992 0.985 0.07500000000000018 0.030000000000000072
