0 0.87646484375 0.32177734375 0.1142578125 0.0771484375
0 0.7568359375 0.3671875 0.103515625 0.095703125
0 0.75 0.52734375 0.08984375 0.078125
0 0.662109375 0.67724609375 0.1171875 0.1005859375
0 0.59423828125 0.06103515625 0.1962890625 0.1220703125
0 0.58203125 0.72412109375 0.083984375 0.0908203125
0 0.486328125 0.96923828125 0.1171875 0.0615234375
0 0.47900390625 0.65380859375 0.1025390625 0.0888671875
0 0.4296875 0.2529296875 0.177734375 0.158203125
0 0.28173828125 0.6962890625 0.1494140625 0.142578125
0 0.2900390625 0.5263671875 0.10546875 0.0703125
0 0.25732421875 0.89794921875 0.0693359375 0.0693359375
0 0.1875 0.2529296875 0.06640625 0.068359375
0 0.12646484375 0.345703125 0.1591796875 0.125
0 0.15869140625 0.51953125 0.0361328125 0.025390625
0 0.15625 0.4580078125 0.02734375 0.0234375
0 0.076171875 0.23193359375 0.09375 0.0849609375
0 0.01708984375 0.1650390625 0.0341796875 0.041015625
0 0.0029296875 0.33447265625 0.005859375 0.0263671875
