0 0.0234375 0.10791015625 0.0390625 0.0556640625
0 0.11328125 0.314453125 0.1171875 0.18359375
0 0.208984375 0.30029296875 0.048828125 0.0693359375
0 0.25146484375 0.34423828125 0.0732421875 0.1044921875
0 0.6767578125 0.3603515625 0.103515625 0.087890625
0 0.55419921875 0.369140625 0.0810546875 0.0859375
0 0.80859375 0.37158203125 0.0859375 0.0888671875
0 0.40966796875 0.37744140625 0.1142578125 0.1005859375
0 0.18798828125 0.396484375 0.0615234375 0.072265625
0 0.0244140625 0.38720703125 0.033203125 0.0400390625
0 0.12353515625 0.4345703125 0.0361328125 0.052734375
0 0.3935546875 0.47900390625 0.158203125 0.1298828125
0 0.29638671875 0.52294921875 0.1025390625 0.0634765625
0 0.0224609375 0.5419921875 0.044921875 0.091796875
0 0.11376953125 0.53759765625 0.1357421875 0.0537109375
0 0.4111328125 0.59765625 0.087890625 0.099609375
0 0.09814453125 0.6064453125 0.1103515625 0.109375
0 0.1953125 0.61572265625 0.109375 0.1181640625
0 0.279296875 0.65869140625 0.126953125 0.1279296875
0 0.4892578125 0.64013671875 0.0859375 0.0830078125
0 0.67333984375 0.70556640625 0.0576171875 0.0810546875
0 0.34765625 0.74755859375 0.1171875 0.1103515625
0 0.845703125 0.73779296875 0.08203125 0.0849609375
0 0.439453125 0.74560546875 0.044921875 0.0673828125
0 0.51318359375 0.77880859375 0.0322265625 0.0400390625
0 0.07666015625 0.8193359375 0.0986328125 0.06640625
0 0.2470703125 0.888671875 0.189453125 0.171875
0 0.2998046875 0.81982421875 0.021484375 0.0224609375
0 0.349609375 0.84033203125 0.056640625 0.0556640625
0 0.0927734375 0.89453125 0.078125 0.083984375
0 0.03466796875 0.88037109375 0.0341796875 0.0361328125
0 0.19384765625 0.9521484375 0.0615234375 0.05859375
0 0.0791015625 0.97216796875 0.05859375 0.0498046875
0 0.16357421875 0.990234375 0.0478515625 0.01953125
