0 0.9912500000000002 0.524375 0.017499999999999894 0.11374999999999993
0 0.028749999999999942 0.45187499999999997 0.057499999999999885 0.11374999999999993
0 0.08062500000000006 0.38062499999999994 0.16125000000000012 0.1787499999999999
0 0.95 0.344375 0.1 0.23124999999999996
0 0.260625 0.31375000000000003 0.26124999999999987 0.2049999999999999
0 0.8868750000000001 0.30625 0.11875 0.15000000000000005
0 0.44312500000000005 0.24187499999999992 0.14624999999999994 0.16375000000000006
0 0.7925 0.24249999999999994 0.12750000000000003 0.13750000000000018
0 0.943125 0.14999999999999997 0.11374999999999993 0.1850000000000002
0 0.8231249999999999 0.125 0.10374999999999997 0.11499999999999977
0 0.9893750000000001 0.06374999999999992 0.021250000000000036 0.12749999999999984
0 0.999375 0.09062500000000001 0.001249999999999929 0.053750000000000075
0 0.8462500000000001 0.036250000000000004 0.11750000000000008 0.07250000000000001
0 0.7306250000000001 0.021874999999999978 0.07374999999999998 0.043749999999999956
