0 0.9550000000000001 0.354375 0.09000000000000004 0.15875000000000003
0 0.81125 0.225 0.2800000000000001 0.24749999999999991
0 0.83625 0.5393749999999999 0.15999999999999998 0.18375000000000002
0 0.766875 0.47937499999999994 0.0012500000000000178 0.0012500000000000178
0 0.641875 0.57125 0.23375000000000004 0.1325
0 0.48875 0.6056250000000001 0.054999999999999896 0.11375000000000002
0 0.49000000000000005 0.503125 0.047499999999999966 0.04874999999999998
0 0.465625 0.23187500000000005 0.04874999999999998 0.09624999999999995
0 0.356875 0.588125 0.19125000000000006 0.22875000000000006
0 0.37374999999999997 0.26375000000000004 0.1025 0.15250000000000008
0 0.32437499999999997 0.631875 0.07125000000000004 0.08875000000000002
0 0.241875 0.33875 0.18624999999999992 0.1374999999999999
0 0.23874999999999996 0.234375 0.15000000000000002 0.07874999999999988
0 0.209375 0.499375 0.14375000000000004 0.09874999999999998
0 0.228125 0.4225 0.08874999999999988 0.05499999999999998
0 0.16312500000000002 0.6575000000000001 0.13875 0.12000000000000002
0 0.14312499999999995 0.433125 0.0637500000000002 0.07125000000000004
0 0.05437500000000001 0.7049999999999998 0.01375000000000004 0.020000000000000018
0 0.026874999999999982 0.678125 0.053749999999999964 0.19375
0 0.0006249999999999867 0.3993749999999999 0.0012499999999999734 0.34124999999999994
