0 0.29937499999999995 0.95375 0.09375 0.09250000000000007
0 0.7275 0.95875 0.022499999999999964 0.030000000000000072
0 0.29312499999999997 0.826875 0.16625 0.1612499999999999
0 0.36624999999999996 0.6118750000000001 0.3425000000000001 0.23625
0 0.72875 0.65 0.1375 0.14499999999999993
0 0.5731249999999999 0.55125 0.08125000000000009 0.14000000000000004
0 0.6837500000000001 0.56125 0.10249999999999986 0.0875
0 0.99375 0.544375 0.0125 0.09124999999999997
0 0.17125000000000004 0.46187500000000004 0.06250000000000003 0.08125
0 0.9668749999999999 0.45 0.06624999999999996 0.07750000000000004
0 0.64625 0.4025 0.10250000000000004 0.10750000000000001
0 0.8731249999999999 0.43062500000000004 0.046250000000000034 0.04375000000000009
0 0.991875 0.398125 0.016249999999999966 0.05625
0 0.8868750000000001 0.36812500000000004 0.06875 0.06374999999999993
0 0.156875 0.3 0.18874999999999997 0.20000000000000004
0 0.9649999999999999 0.364375 0.0700000000000001 0.06374999999999997
0 0.9806250000000001 0.29312499999999997 0.03874999999999993 0.06374999999999997
0 0.9024999999999999 0.16249999999999998 0.19500000000000012 0.32499999999999996
0 0.9199999999999999 0.29125 0.03499999999999996 0.06000000000000005
0 0.9631250000000001 0.274375 0.05875000000000004 0.08875000000000002
0 0.6275000000000001 0.25687499999999996 0.14749999999999988 0.11375000000000002
0 0.82875 0.21750000000000008 0.09250000000000007 0.09499999999999989
0 0.669375 0.2181249999999999 0.03375000000000004 0.05625000000000011
0 0.6056250000000001 0.16812500000000002 0.046249999999999944 0.03874999999999995
0 0.6537499999999999 0.12625000000000003 0.12000000000000002 0.10499999999999987
0 0.821875 0.08937499999999998 0.09625000000000003 0.10375000000000001
0 0.746875 0.07750000000000007 0.046250000000000034 0.04250000000000009
0 0.914375 0.05812500000000004 0.04874999999999989 0.05625000000000002
0 0.8587499999999999 0.05874999999999997 0.02500000000000018 0.022499999999999964
