0 0.765 0.100625 0.24750000000000014 0.20125
0 0.45062499999999994 0.058125 0.18374999999999994 0.11625
0 0.5106249999999999 0.105625 0.0012500000000000178 0.0012499999999999955
0 0.41875 0.230625 0.13249999999999992 0.23374999999999996
0 0.384375 0.38375 0.11375000000000002 0.05499999999999998
0 0.48687500000000006 0.3825 0.04874999999999998 0.047499999999999966
0 0.7581249999999999 0.406875 0.09625000000000003 0.04874999999999998
0 0.401875 0.515625 0.22874999999999995 0.19124999999999998
0 0.7262500000000001 0.49874999999999997 0.15250000000000002 0.10250000000000004
0 0.35812499999999997 0.548125 0.08874999999999997 0.07125000000000004
0 0.6512499999999999 0.630625 0.1374999999999999 0.18624999999999997
0 0.755625 0.63375 0.07874999999999996 0.15000000000000008
0 0.490625 0.663125 0.0987499999999999 0.1437499999999999
0 0.5674999999999999 0.6443749999999999 0.05499999999999998 0.08874999999999993
0 0.33249999999999996 0.709375 0.12000000000000002 0.13875
0 0.556875 0.7293749999999999 0.07125000000000004 0.06375000000000001
0 0.28500000000000003 0.818125 0.020000000000000018 0.013749999999999929
0 0.31187499999999996 0.909375 0.19375 0.18125
0 0.590625 0.9356249999999999 0.34124999999999994 0.12874999999999998
