0 0.45812500000000006 0.010625 0.11375000000000002 0.02125
0 0.7699999999999999 0.0925 0.06249999999999991 0.05499999999999999
0 0.615 0.1575 0.18 0.1025
0 0.974375 0.240625 0.05124999999999993 0.14375
0 0.003125 0.24437499999999995 0.00625 0.03874999999999997
0 0.9737500000000001 0.684375 0.05250000000000003 0.19125000000000006
0 0.3918749999999999 0.6775 0.15624999999999994 0.14749999999999996
0 0.25875000000000004 0.625 0.042500000000000024 0.030000000000000072
0 0.00625 0.74375 0.0125 0.06000000000000005
0 0.27687500000000004 0.775625 0.06375000000000001 0.07624999999999993
0 0.35375 0.8456250000000001 0.22000000000000003 0.19124999999999998
0 0.81875 0.834375 0.2125 0.15874999999999995
0 0.9556250000000001 0.87375 0.08874999999999993 0.23499999999999996
0 0.196875 0.8325000000000001 0.10125000000000002 0.14250000000000015
0 0.33499999999999996 0.97 0.23749999999999996 0.060000000000000143
0 0.960625 0.9881249999999999 0.04375000000000018 0.02375000000000007
0 0.8337499999999999 0.991875 0.09000000000000004 0.016249999999999966
0 0.92125 0.9931249999999998 0.075 0.013750000000000106
