0 0.765625 0.07687500000000003 0.11374999999999993 0.0987499999999999
0 0.7587499999999999 0.25499999999999995 0.11249999999999982 0.12
0 0.583125 0.665 0.16375000000000012 0.17
0 0.629375 0.9412499999999999 0.06624999999999996 0.06750000000000007
0 0.6206250000000001 0.5425 0.06625000000000006 0.047499999999999966
0 0.571875 0.405625 0.13874999999999993 0.20124999999999993
0 0.56375 0.18562499999999998 0.125 0.22624999999999998
0 0.5443749999999999 0.78375 0.06375000000000001 0.047499999999999966
0 0.5125 0.983125 0.10249999999999986 0.033749999999999857
0 0.48249999999999993 0.058750000000000024 0.1325 0.11750000000000005
0 0.440625 0.528125 0.1362499999999999 0.12374999999999999
0 0.339375 0.11187499999999984 0.14375 0.15625
0 0.36624999999999996 0.9668749999999999 0.08249999999999998 0.05625
0 0.308125 0.026874999999999982 0.07125000000000004 0.053749999999999964
0 0.199375 0.49812500000000004 0.17125000000000015 0.23375000000000004
0 0.18624999999999997 0.708125 0.1725 0.16624999999999995
0 0.1925 0.11437500000000007 0.13250000000000006 0.14374999999999993
0 0.20249999999999996 0.026249999999999996 0.07750000000000001 0.05249999999999999
0 0.07687500000000008 0.5856250000000001 0.15375000000000016 0.40625000000000017
0 0.11187500000000006 0.016249999999999987 0.08375000000000021 0.03249999999999997
0 0.03187499999999999 0.09999999999999998 0.06374999999999997 0.09250000000000003
0 0.023125000000000007 0.028749999999999942 0.04625000000000001 0.057499999999999885
0 0.022500000000000075 0.380625 0.04500000000000015 0.08125000000000009
0 0.014375000000000082 0.271875 0.028750000000000164 0.14125000000000001
