0 0.9619140625 0.59033203125 0.076171875 0.1240234375
0 0.96435546875 0.96337890625 0.0537109375 0.0458984375
0 0.8466796875 0.69140625 0.21875 0.193359375
0 0.8662109375 0.44580078125 0.125 0.1435546875
0 0.81201171875 0.49267578125 0.0009765625 0.0009765625
0 0.71435546875 0.4208984375 0.1826171875 0.103515625
0 0.6787109375 0.98681640625 0.052734375 0.0263671875
0 0.5947265625 0.39404296875 0.04296875 0.0888671875
0 0.595703125 0.47412109375 0.037109375 0.0380859375
0 0.57666015625 0.68603515625 0.0380859375 0.0751953125
0 0.49169921875 0.40771484375 0.1494140625 0.1787109375
0 0.5048828125 0.6611328125 0.080078125 0.119140625
0 0.46630859375 0.37353515625 0.0556640625 0.0693359375
0 0.40185546875 0.6025390625 0.1455078125 0.107421875
0 0.3994140625 0.68408203125 0.1171875 0.0615234375
0 0.37646484375 0.47705078125 0.1123046875 0.0771484375
0 0.39111328125 0.537109375 0.0693359375 0.04296875
0 0.34033203125 0.353515625 0.1083984375 0.09375
0 0.32470703125 0.52880859375 0.0498046875 0.0556640625
0 0.25537109375 0.31640625 0.0107421875 0.015625
0 0.1455078125 0.33740234375 0.21875 0.1513671875
0 0.10693359375 0.55517578125 0.2138671875 0.2666015625
0 0.052734375 0.28369140625 0.08203125 0.0791015625
0 0.017578125 0.9287109375 0.03515625 0.103515625
0 0.01611328125 0.86767578125 0.0322265625 0.0322265625
0 0.00634765625 0.99609375 0.0126953125 0.0078125
