0 0.35750000000000004 0.985625 0.23500000000000001 0.028750000000000143
0 0.339375 0.9237499999999998 0.08875000000000002 0.0625
0 0.395625 0.869375 0.13375000000000004 0.09375
0 0.41624999999999995 0.325 0.1125 0.13249999999999992
0 0.42750000000000005 0.48187499999999994 0.11000000000000001 0.10375000000000005
0 0.43062500000000004 0.15625 0.11374999999999998 0.10999999999999988
0 0.438125 0.666875 0.12874999999999992 0.14625000000000005
0 0.4625 0.9506250000000002 0.09250000000000007 0.07874999999999996
0 0.568125 0.6875 0.16625000000000006 0.20249999999999985
0 0.624375 0.8118749999999999 0.08125 0.13124999999999992
0 0.6431250000000001 0.9793749999999999 0.06875 0.04124999999999997
0 0.72 0.665 0.12749999999999995 0.1124999999999999
0 0.73125 0.9974999999999999 0.13999999999999996 0.005000000000000071
0 0.743125 0.9356249999999999 0.15125000000000002 0.12874999999999998
0 0.7981250000000001 0.83375 0.16375 0.1625000000000001
0 0.774375 0.5650000000000001 0.1062500000000001 0.11000000000000006
0 0.858125 0.329375 0.10374999999999997 0.07374999999999998
0 0.9118750000000002 0.7462500000000001 0.14124999999999996 0.15
0 0.8993749999999998 0.10875000000000008 0.10875000000000004 0.1050000000000001
0 0.909375 0.6287499999999999 0.08625000000000008 0.057499999999999926
0 0.951875 0.534375 0.05125000000000011 0.04125000000000005
0 0.9912500000000002 0.875 0.017499999999999894 0.2425
0 0.9949999999999999 0.8074999999999999 0.009999999999999964 0.027500000000000035
0 0.9974999999999999 0.74375 0.005000000000000071 0.07250000000000005
