0 0.39875 0.9962500000000001 0.18000000000000008 0.007499999999999929
0 0.03249999999999992 0.9443750000000002 0.06499999999999984 0.11124999999999989
0 0.0012499999999999178 0.8125 0.0024999999999998357 0.047499999999999785
0 0.03312499999999996 0.516875 0.06624999999999992 0.19124999999999998
0 0.621875 0.5237499999999999 0.15625 0.14749999999999996
0 0.7550000000000001 0.57625 0.04249999999999998 0.029999999999999895
0 0.7368750000000001 0.425625 0.06374999999999993 0.07625000000000007
0 0.6599999999999999 0.355625 0.22000000000000003 0.19125
0 0.19499999999999995 0.366875 0.21250000000000013 0.15875000000000003
0 0.05125000000000002 0.32749999999999996 0.10250000000000004 0.23499999999999996
0 0.8168749999999999 0.36874999999999997 0.10124999999999992 0.1425
0 0.67875 0.16875000000000007 0.2375 0.18499999999999983
0 0.05312499999999998 0.20500000000000007 0.043749999999999956 0.039999999999999834
0 0.18 0.166875 0.09 0.10125000000000006
0 0.09250000000000008 0.17312499999999997 0.07500000000000007 0.08374999999999996
0 0.0037499999999999756 0.15187499999999998 0.007499999999999951 0.0637500000000002
0 0.07500000000000001 0.043125000000000024 0.15000000000000002 0.08625000000000005
0 0.663125 0.028749999999999942 0.14375 0.057499999999999885
0 0.21999999999999997 0.02812500000000001 0.0875000000000001 0.05625000000000002
0 0.7618750000000001 0.016249999999999987 0.05625 0.03249999999999997
