0 0.9481249999999999 0.6375 0.10374999999999997 0.1125
0 0.54625 0.46187500000000004 0.17 0.16375
0 0.27 0.5081249999999999 0.06750000000000003 0.06624999999999996
0 0.07062500000000001 0.5 0.03375 0.07000000000000002
0 0.66875 0.499375 0.047499999999999966 0.06624999999999988
0 0.805625 0.45062499999999994 0.20125 0.13875
0 0.12 0.45625 0.08499999999999999 0.12249999999999997
0 0.95625 0.4425 0.0875 0.125
0 0.42750000000000005 0.4231249999999999 0.047500000000000056 0.06375000000000001
0 0.196875 0.39125 0.09625000000000003 0.10250000000000004
0 0.683125 0.31937499999999996 0.12375000000000007 0.13624999999999998
0 0.244375 0.24499999999999997 0.05625 0.08250000000000002
0 0.713125 0.08187499999999998 0.23374999999999996 0.16374999999999995
0 0.503125 0.07562499999999994 0.16625000000000006 0.15124999999999988
0 0.08499999999999999 0.05187499999999995 0.0675 0.06375000000000008
0 0.625625 0.016249999999999987 0.40625 0.03249999999999997
