0 0.9475 0.62 0.10500000000000007 0.13499999999999995
0 0.9724999999999999 0.4987500000000001 0.05500000000000007 0.15499999999999997
0 0.87625 0.67875 0.20999999999999996 0.22749999999999995
0 0.7831249999999998 0.7618750000000001 0.1687499999999999 0.19624999999999987
0 0.7262500000000001 0.503125 0.04249999999999998 0.03125
0 0.6268750000000001 0.55625 0.13124999999999992 0.05500000000000007
0 0.64375 0.9912500000000002 0.06499999999999995 0.017499999999999894
0 0.548125 0.7575 0.08624999999999998 0.09499999999999993
0 0.478125 0.021874999999999978 0.06625000000000006 0.043749999999999956
0 0.385625 0.45562500000000006 0.12374999999999999 0.08625000000000008
0 0.2125 0.15000000000000002 0.425 0.30000000000000004
0 0.346875 0.5381250000000001 0.15124999999999997 0.1262500000000001
0 0.34500000000000003 0.9793749999999999 0.04500000000000006 0.04124999999999997
0 0.28437500000000004 0.6356249999999999 0.09375 0.08125000000000009
0 0.285 0.35687499999999994 0.06999999999999992 0.02874999999999992
0 0.24562499999999998 0.4206250000000001 0.10374999999999998 0.12625000000000003
0 0.16937500000000005 0.3237500000000001 0.06624999999999995 0.04750000000000001
0 0.1499999999999999 0.3925 0.07750000000000012 0.0750000000000001
0 0.140625 0.7799999999999999 0.05624999999999991 0.04999999999999991
0 0.09687499999999988 0.721875 0.12374999999999992 0.05625
0 0.07624999999999998 0.8393750000000001 0.14500000000000013 0.08625000000000008
0 0.10687499999999994 0.324375 0.036250000000000115 0.06875
0 0.07250000000000006 0.968125 0.03500000000000003 0.03874999999999993
0 0.03375000000000006 0.915625 0.06750000000000012 0.09375
0 0.038125000000000075 0.40437499999999993 0.05875000000000008 0.04874999999999998
