0 0.129375 0.0025 0.026249999999999975 0.005
0 0.48312499999999997 0.049375 0.11124999999999989 0.09875
0 0.37125 0.4462499999999999 0.7425 0.8299999999999998
0 0.805 0.16187500000000002 0.10500000000000016 0.23125000000000004
0 0.845 0.32125 0.06499999999999986 0.057500000000000016
0 0.978125 0.4106249999999999 0.04375 0.061249999999999985
0 0.929375 0.49437499999999995 0.0987499999999999 0.13874999999999993
0 0.8543749999999999 0.509375 0.06624999999999996 0.07624999999999993
0 0.065 0.665 0.13 0.195
0 0.136875 0.796875 0.27375 0.32624999999999993
0 0.89625 0.8081250000000001 0.20750000000000002 0.20875000000000005
0 0.058125 0.7887500000000001 0.11625 0.15250000000000002
0 0.996875 0.778125 0.00625 0.061249999999999985
0 0.85 0.7681250000000001 0.03500000000000014 0.03375000000000013
0 0.5425 0.929375 0.29499999999999993 0.14124999999999996
0 0.945 0.9356249999999999 0.10999999999999996 0.12874999999999998
0 0.32875 0.9556250000000001 0.21749999999999997 0.08874999999999993
0 0.8024999999999999 0.9724999999999999 0.08749999999999983 0.05500000000000007
