0 0.185625 0.000625 0.06875000000000002 0.00125
0 0.13999999999999999 0.12625 0.20750000000000002 0.2225
0 0.025625 0.08937500000000001 0.05125 0.10125000000000002
0 0.94375 0.09062499999999998 0.08499999999999996 0.10374999999999998
0 0.0075 0.244375 0.015 0.11624999999999999
0 0.7987500000000001 0.5225 0.40249999999999997 0.35750000000000004
0 0.215625 0.406875 0.07874999999999999 0.07625000000000001
0 0.04375 0.46875 0.0875 0.15
0 0.47375000000000006 0.5856250000000001 0.24750000000000005 0.22874999999999995
0 0.2 0.62375 0.09000000000000001 0.10750000000000011
0 0.270625 0.595 0.03375000000000004 0.032500000000000015
0 0.25187499999999996 0.7268749999999999 0.15875 0.1612499999999999
0 0.4699999999999999 0.728125 0.05499999999999998 0.06625000000000006
0 0.393125 0.7318749999999999 0.08374999999999995 0.06375000000000001
0 0.365625 0.8181249999999999 0.08874999999999997 0.12125000000000004
0 0.900625 0.9243749999999998 0.10625 0.10875000000000004
0 0.18312499999999998 0.9487500000000001 0.06375 0.05999999999999996
0 0.32999999999999996 0.9618749999999998 0.2625 0.07625000000000011
0 0.080625 0.9650000000000001 0.16125 0.06999999999999992
0 0.7943749999999999 0.9668749999999999 0.08874999999999993 0.06624999999999996
