0 0.019375 0.5525 0.03875 0.14500000000000002
0 0.205625 0.12874999999999998 0.41125 0.24250000000000008
0 0.46624999999999994 0.10562500000000004 0.19499999999999992 0.18625000000000014
0 0.5425 0.5293749999999999 0.11500000000000003 0.08624999999999998
0 0.616875 0.9806250000000001 0.19624999999999995 0.03874999999999993
0 0.7056250000000001 0.08124999999999999 0.29875000000000007 0.16249999999999998
0 0.775 0.17124999999999996 0.15749999999999992 0.14
0 0.8081250000000001 0.304375 0.14124999999999996 0.16875000000000004
0 0.7737499999999999 0.44625000000000004 0.047499999999999966 0.040000000000000036
0 0.8550000000000001 0.4418749999999999 0.09249999999999989 0.07875000000000006
0 0.921875 0.323125 0.15625 0.15625
0 0.9256250000000001 0.8899999999999999 0.11624999999999996 0.11500000000000003
0 0.9675 0.6599999999999999 0.06499999999999986 0.12249999999999997
0 0.97625 0.515625 0.047499999999999966 0.21625000000000014
0 0.99875 0.04625000000000001 0.002499999999999858 0.09250000000000003
