0 0.744375 0.95875 0.2237499999999999 0.08249999999999993
0 0.030000000000000082 0.9912500000000002 0.060000000000000164 0.017499999999999894
0 0.316875 0.9824999999999999 0.09624999999999995 0.03499999999999996
0 0.1925 0.9581250000000001 0.11499999999999999 0.08375000000000003
0 0.8537500000000001 0.9 0.08499999999999996 0.075
0 0.375625 0.8731250000000002 0.11375000000000002 0.12624999999999992
0 0.990625 0.903125 0.01875 0.05125000000000011
0 0.05937500000000001 0.871875 0.06874999999999998 0.06625000000000014
0 0.57375 0.789375 0.14000000000000004 0.12624999999999992
0 0.050624999999999976 0.8131250000000001 0.06874999999999998 0.04874999999999989
0 0.88375 0.7706249999999999 0.11750000000000008 0.11875
0 0.04124999999999995 0.7025 0.0824999999999999 0.14500000000000002
0 0.38187499999999996 0.70875 0.12375000000000007 0.10999999999999996
0 0.754375 0.7106250000000001 0.0987499999999999 0.09375
0 0.953125 0.63 0.05875000000000021 0.040000000000000036
0 0.35625 0.60625 0.039999999999999904 0.03500000000000005
0 0.04250000000000009 0.59875 0.027499999999999858 0.022499999999999964
0 0.6275000000000001 0.5662499999999999 0.05500000000000007 0.05
0 0.07749999999999996 0.5743750000000001 0.025000000000000244 0.028750000000000053
0 0.9481250000000001 0.505625 0.08874999999999993 0.10874999999999994
0 0.83375 0.515 0.030000000000000072 0.03499999999999988
0 0.31500000000000006 0.5018749999999998 0.06500000000000009 0.061249999999999985
0 0.559375 0.510625 0.03875000000000002 0.04124999999999997
0 0.05937500000000001 0.4299999999999999 0.11875000000000002 0.15750000000000003
0 0.605 0.4725 0.047499999999999966 0.04249999999999998
0 0.23062500000000002 0.43687499999999996 0.09374999999999986 0.05625
0 0.525 0.453125 0.025 0.021250000000000036
0 0.21750000000000008 0.304375 0.17499999999999996 0.23125000000000004
0 0.09875 0.280625 0.15999999999999992 0.18625000000000003
0 0.37625000000000003 0.20062499999999997 0.2900000000000001 0.33125000000000004
0 0.6300000000000001 0.324375 0.06750000000000007 0.06875
0 0.605 0.23999999999999994 0.14000000000000004 0.2225
0 0.83125 0.27249999999999996 0.01750000000000007 0.022499999999999964
0 0.6987500000000001 0.16749999999999998 0.09750000000000006 0.10499999999999998
0 0.4262499999999999 0.11875000000000013 0.0875 0.10250000000000004
0 0.7737499999999999 0.12124999999999997 0.07999999999999989 0.040000000000000036
0 0.018125000000000058 0.06500000000000006 0.036250000000000115 0.13000000000000012
0 0.125 0.04812499999999992 0.16999999999999993 0.09624999999999984
0 0.971875 0.06875000000000009 0.05625 0.04500000000000015
0 0.35125 0.011875000000000024 0.047499999999999966 0.02375000000000005
