0 0.03625 0.609375 0.0725 0.15874999999999986
0 0.17125 0.73875 0.28 0.24749999999999997
0 0.14625000000000002 0.42437500000000006 0.16 0.18374999999999994
0 0.215625 0.484375 0.0012500000000000178 0.001249999999999929
0 0.340625 0.3925 0.23375000000000004 0.1325
0 0.49375 0.358125 0.05500000000000007 0.11375000000000002
0 0.4925 0.460625 0.047499999999999966 0.04874999999999989
0 0.516875 0.731875 0.04874999999999998 0.09625000000000003
0 0.625625 0.375625 0.19124999999999986 0.22875000000000006
0 0.60875 0.7 0.10250000000000004 0.15249999999999994
0 0.6581250000000001 0.331875 0.07124999999999995 0.08874999999999997
0 0.740625 0.625 0.18625000000000008 0.1375
0 0.74375 0.7293749999999999 0.15 0.07875000000000006
0 0.773125 0.4643750000000001 0.1437499999999999 0.09874999999999998
0 0.7543749999999999 0.54125 0.08875000000000002 0.05499999999999998
0 0.8193750000000002 0.30624999999999997 0.1387500000000001 0.12000000000000002
0 0.8393750000000001 0.530625 0.06375000000000011 0.07124999999999995
0 0.928125 0.25875000000000004 0.013750000000000106 0.020000000000000018
0 0.9643750000000001 0.2856249999999999 0.07125000000000004 0.19374999999999995
0 0.990625 0.564375 0.01875 0.34124999999999994
