0 0.23062500000000002 0.074375 0.22375000000000003 0.14875
0 0.8525 0.018125 0.125 0.03625
0 0.9574999999999999 0.041875 0.08499999999999996 0.08375
0 0.658125 0.05625000000000001 0.09625000000000003 0.09000000000000001
0 0.7825 0.093125 0.11500000000000003 0.11374999999999999
0 0.12125000000000001 0.16624999999999998 0.08500000000000002 0.07499999999999996
0 0.599375 0.193125 0.11375000000000002 0.12625
0 0.915625 0.19437500000000002 0.06875 0.06624999999999999
0 0.40125 0.27687500000000004 0.14000000000000004 0.12625000000000003
0 0.9243750000000001 0.253125 0.06875 0.04875000000000003
0 0.09125 0.29562499999999997 0.11750000000000001 0.11875
0 0.9462499999999998 0.36375 0.10750000000000011 0.14500000000000007
0 0.593125 0.35750000000000004 0.12375000000000007 0.11000000000000001
0 0.22062500000000002 0.355625 0.09875 0.09375
0 0.025625 0.43624999999999997 0.05125 0.040000000000000036
0 0.61875 0.45999999999999996 0.040000000000000036 0.03499999999999996
0 0.9324999999999999 0.46749999999999997 0.027500000000000035 0.022499999999999964
0 0.34750000000000003 0.5 0.05499999999999998 0.05
0 0.8975 0.49187499999999995 0.025 0.028750000000000053
0 0.035625 0.560625 0.07125 0.10875000000000004
0 0.14125000000000001 0.5512499999999999 0.030000000000000006 0.03500000000000005
0 0.6599999999999999 0.5643749999999998 0.06500000000000003 0.061249999999999985
0 0.415625 0.555625 0.03874999999999997 0.04124999999999997
0 0.928125 0.63625 0.14375 0.15749999999999992
0 0.37 0.59375 0.04750000000000001 0.04250000000000007
0 0.744375 0.6293749999999999 0.09375 0.05625
0 0.45 0.613125 0.025 0.021250000000000036
0 0.7575 0.761875 0.1749999999999999 0.23124999999999982
0 0.87625 0.7856249999999999 0.15999999999999998 0.18624999999999997
0 0.59875 0.85 0.29000000000000004 0.3
0 0.34500000000000003 0.7418750000000001 0.06749999999999994 0.06875
0 0.37 0.8262499999999999 0.14000000000000004 0.22250000000000006
0 0.991875 0.84375 0.016249999999999966 0.15749999999999992
0 0.14375 0.79375 0.01749999999999998 0.02250000000000014
0 0.27625 0.89875 0.0975 0.10500000000000025
0 0.5487500000000001 0.9475000000000001 0.08750000000000009 0.10250000000000004
0 0.20125 0.945 0.08 0.040000000000000036
0 0.969375 0.968125 0.06125000000000007 0.06374999999999993
0 0.85 0.985 0.1700000000000001 0.030000000000000072
0 0.015625 0.9875 0.03125 0.025
