0 0.24375 0.04875 0.24749999999999997 0.0975
0 0.558125 0.00625 0.18375000000000002 0.0125
0 0.49812500000000004 0.0018750000000000004 0.0012500000000001065 0.00125
0 0.5900000000000001 0.12687500000000002 0.13249999999999992 0.23374999999999999
0 0.624375 0.27999999999999997 0.11375000000000002 0.05500000000000003
0 0.521875 0.27874999999999994 0.04875000000000007 0.04750000000000001
0 0.25062500000000004 0.303125 0.09624999999999999 0.04875000000000003
0 0.6068749999999999 0.41187499999999994 0.22874999999999995 0.19124999999999998
0 0.28250000000000003 0.39499999999999996 0.15250000000000002 0.10249999999999995
0 0.650625 0.44437499999999996 0.08874999999999993 0.07124999999999995
0 0.35750000000000004 0.5268750000000001 0.1375 0.18624999999999997
0 0.253125 0.53 0.07874999999999996 0.15
0 0.5181250000000001 0.559375 0.09874999999999998 0.14375
0 0.44125 0.540625 0.05499999999999998 0.08874999999999993
0 0.6762499999999999 0.6056250000000001 0.12000000000000002 0.13875
0 0.45187499999999997 0.625625 0.07125000000000004 0.06374999999999993
0 0.7237500000000001 0.714375 0.020000000000000018 0.013749999999999929
0 0.696875 0.8549999999999999 0.19375 0.27999999999999997
0 0.418125 0.88375 0.34125 0.2325
0 0.765625 0.960625 0.10125000000000002 0.07874999999999996
0 0.003125 0.9981249999999999 0.00625 0.0037499999999999643
