0 0.8825 0.05125 0.18 0.1025
0 0.22749999999999998 0.056874999999999995 0.11499999999999995 0.11374999999999999
0 0.05125 0.22625 0.1025 0.10000000000000002
0 0.978125 0.301875 0.04375 0.14125000000000001
0 0.1575 0.29125 0.05249999999999999 0.057500000000000016
0 0.8262499999999999 0.44375 0.23499999999999996 0.20749999999999993
0 0.97875 0.43499999999999994 0.04250000000000007 0.08499999999999992
0 0.959375 0.5700000000000001 0.08125 0.15999999999999998
0 0.359375 0.5431250000000001 0.028750000000000053 0.02624999999999993
0 0.26875 0.61625 0.057499999999999975 0.057500000000000016
0 0.015625 0.655625 0.03125 0.08125
0 0.668125 0.740625 0.32125000000000004 0.24875000000000008
0 0.18125 0.708125 0.06500000000000003 0.06624999999999996
0 0.0175 0.8074999999999999 0.035 0.22249999999999998
0 0.5662499999999999 0.8943749999999999 0.34500000000000003 0.21125000000000008
0 0.769375 0.8800000000000001 0.08125000000000018 0.08000000000000007
0 0.20812499999999998 0.9393750000000001 0.19624999999999998 0.12125000000000004
0 0.7112499999999999 0.9324999999999999 0.08249999999999993 0.075
0 0.35812499999999997 0.95 0.11624999999999996 0.1
0 0.9881249999999999 0.97 0.02375000000000007 0.060000000000000143
