0 0.7787499999999999 0.0425 0.22749999999999987 0.085
0 0.8618750000000001 0.07875 0.19624999999999995 0.1575
0 0.603125 0.12999999999999998 0.03125 0.0425
0 0.65625 0.22937500000000002 0.05500000000000007 0.13124999999999995
0 0.8575000000000002 0.30812500000000004 0.09499999999999993 0.08624999999999998
0 0.04375000000000001 0.39375 0.08750000000000002 0.1275
0 0.11937500000000001 0.378125 0.04875000000000007 0.06625
0 0.555625 0.47062499999999996 0.08624999999999998 0.12374999999999989
0 0.20187499999999997 0.69625 0.3962500000000001 0.53
0 0.6381249999999999 0.509375 0.12624999999999992 0.15124999999999994
0 0.7356250000000001 0.571875 0.0812499999999999 0.09375
0 0.456875 0.57125 0.028749999999999963 0.07000000000000002
0 0.5206250000000001 0.610625 0.12625000000000003 0.10375000000000005
0 0.42374999999999996 0.686875 0.047499999999999966 0.06624999999999988
0 0.49250000000000005 0.70625 0.0750000000000001 0.07750000000000004
0 0.8800000000000001 0.715625 0.05 0.05625
0 0.821875 0.759375 0.05625 0.12375000000000007
0 0.9393750000000001 0.78 0.08625000000000008 0.14500000000000002
0 0.42437500000000006 0.749375 0.06875 0.036249999999999984
0 0.984375 0.845 0.03125 0.1125
0 0.5043749999999999 0.8181249999999999 0.04874999999999998 0.05875000000000004
0 0.21875 0.938125 0.14250000000000007 0.12375000000000007
0 0.4856249999999999 0.9556250000000001 0.15375000000000005 0.08874999999999993
0 0.07562499999999994 0.95375 0.07124999999999981 0.06499999999999986
0 0.7006249999999999 0.963125 0.10124999999999992 0.07375000000000007
0 0.09687499999999999 0.9868750000000001 0.19374999999999998 0.02624999999999993
