0 0.07750000000000001 0.9306249999999998 0.15500000000000003 0.1387500000000001
0 0.485 0.88125 0.32250000000000006 0.22250000000000006
0 0.725 0.9087500000000001 0.1 0.13249999999999992
0 0.036250000000000004 0.8018750000000001 0.07250000000000001 0.09375000000000008
0 0.145625 0.7125 0.28875000000000006 0.21000000000000013
0 0.6256250000000001 0.63375 0.32875 0.29999999999999993
0 0.08124999999999999 0.6012500000000001 0.16249999999999998 0.22249999999999998
0 0.45874999999999994 0.475 0.29 0.21750000000000008
0 0.8856249999999999 0.5125 0.10874999999999986 0.13249999999999992
0 0.193125 0.468125 0.22875000000000006 0.12375000000000007
0 0.688125 0.401875 0.11625000000000005 0.17375000000000007
0 0.923125 0.349375 0.15375000000000014 0.14875
0 0.007500000000000007 0.30999999999999994 0.015000000000000013 0.20749999999999988
0 0.6725000000000001 0.185 0.615 0.37
0 0.8768750000000001 0.2575 0.14124999999999996 0.17000000000000004
0 0.2856249999999999 0.210625 0.20625000000000013 0.18374999999999997
0 0.11062500000000001 0.20437499999999997 0.14125 0.19625000000000004
0 0.03312499999999996 0.11562499999999998 0.06624999999999992 0.16125000000000012
0 0.385625 0.034999999999999976 0.22875 0.06999999999999995
0 0.9512499999999999 0.007500000000000007 0.09749999999999996 0.015000000000000013
