0 0.018125000000000058 0.653125 0.026249999999999885 0.02624999999999993
0 0.07500000000000001 0.21875 0.13750000000000007 0.12000000000000002
0 0.05187499999999995 0.690625 0.028749999999999942 0.03125
0 0.13 0.69375 0.07000000000000006 0.057500000000000016
0 0.11499999999999995 0.8862500000000001 0.0375000000000002 0.022499999999999964
0 0.12374999999999999 0.945625 0.03500000000000003 0.03624999999999989
0 0.1499999999999999 0.6337499999999999 0.047499999999999876 0.05999999999999996
0 0.1606249999999999 0.5756249999999999 0.03125 0.028749999999999876
0 0.20187500000000003 0.24 0.11125000000000007 0.1075
0 0.348125 0.9256249999999999 0.11624999999999996 0.14875000000000008
0 0.371875 0.744375 0.03874999999999993 0.03875000000000002
0 0.41 0.715625 0.039999999999999855 0.03375000000000004
0 0.43499999999999994 0.971875 0.06999999999999992 0.05625
0 0.448125 0.8081250000000001 0.09124999999999997 0.046249999999999944
0 0.515625 0.465625 0.09375 0.04124999999999997
0 0.51 0.39375000000000004 0.06000000000000005 0.07000000000000002
0 0.588125 0.31187499999999996 0.1312500000000001 0.09125000000000001
0 0.61875 0.8568749999999999 0.09750000000000006 0.07375000000000007
0 0.7925000000000001 0.5806250000000001 0.35 0.5112500000000001
0 0.7106250000000001 0.9756250000000002 0.12374999999999989 0.04874999999999989
0 0.775625 0.9731249999999999 0.10375000000000005 0.053749999999999964
0 0.75 0.9262499999999999 0.05 0.054999999999999896
0 0.804375 0.8800000000000001 0.12374999999999989 0.125
0 0.84375 0.213125 0.175 0.15125000000000002
