0 0.925 0.9649999999999999 0.15 0.0700000000000001
0 0.52 0.9193749999999999 0.32249999999999995 0.16125000000000006
0 0.28 0.9556250000000001 0.1 0.08874999999999993
0 0.9662499999999999 0.8706250000000001 0.06750000000000007 0.09375
0 0.8574999999999999 0.78125 0.28500000000000003 0.21000000000000005
0 0.379375 0.7025 0.32875 0.3
0 0.92125 0.67 0.15749999999999992 0.22249999999999998
0 0.54625 0.54375 0.29000000000000004 0.21749999999999997
0 0.11937499999999998 0.58125 0.10874999999999999 0.13249999999999992
0 0.8118749999999999 0.536875 0.22874999999999995 0.12374999999999999
0 0.316875 0.47062500000000007 0.11625 0.17375
0 0.079375 0.418125 0.15875 0.14875000000000008
0 0.9949999999999999 0.37875000000000003 0.009999999999999964 0.20750000000000002
0 0.3325 0.24124999999999996 0.615 0.39499999999999996
0 0.128125 0.32625 0.14125000000000001 0.17
0 0.719375 0.279375 0.20625 0.18374999999999994
0 0.8943750000000001 0.273125 0.14124999999999996 0.1962499999999999
0 0.969375 0.184375 0.06125000000000007 0.16125000000000003
0 0.619375 0.06937500000000008 0.22875000000000006 0.13875000000000015
0 0.05125 0.041874999999999996 0.1025 0.08374999999999999
