0 0.11937500000000001 0.028125 0.13125 0.05625
0 0.6893750000000001 0.0675 0.19125000000000006 0.135
0 0.8875 0.018125 0.06500000000000003 0.03625
0 0.9881249999999999 0.01875 0.02375000000000007 0.0375
0 0.9512499999999999 0.008125 0.025 0.01625
0 0.9925 0.060625 0.015000000000000036 0.023749999999999993
0 0.596875 0.12999999999999998 0.046250000000000034 0.032499999999999994
0 0.9868750000000001 0.184375 0.02624999999999993 0.09125000000000001
0 0.596875 0.176875 0.02624999999999993 0.026249999999999975
0 0.1625 0.23374999999999999 0.12000000000000002 0.13749999999999998
0 0.634375 0.210625 0.03125 0.028749999999999987
0 0.9800000000000001 0.328125 0.040000000000000036 0.20125000000000007
0 0.6375 0.28874999999999995 0.057499999999999926 0.07000000000000002
0 0.8300000000000001 0.27375 0.02250000000000014 0.0375
0 0.889375 0.28250000000000003 0.03624999999999989 0.03499999999999996
0 0.5775 0.30874999999999997 0.06000000000000005 0.047500000000000056
0 0.5193749999999999 0.319375 0.028749999999999963 0.03125
0 0.18375 0.360625 0.1075 0.11124999999999999
0 0.8975 0.506875 0.205 0.11624999999999996
0 0.688125 0.530625 0.03875000000000002 0.03875000000000002
0 0.659375 0.56875 0.03375000000000004 0.040000000000000036
0 0.9181250000000001 0.59375 0.06125000000000007 0.0700000000000001
0 0.751875 0.6068749999999999 0.046250000000000034 0.09124999999999987
0 0.409375 0.674375 0.04125000000000001 0.09375
0 0.3375 0.66875 0.07000000000000002 0.05999999999999996
0 0.984375 0.679375 0.03125 0.021249999999999946
0 0.25562500000000005 0.746875 0.09125000000000001 0.13125
0 0.8006249999999999 0.7775000000000001 0.07374999999999998 0.09750000000000014
0 0.975 0.778125 0.05 0.05625
0 0.524375 0.8881249999999999 0.5112500000000001 0.22374999999999998
0 0.9475 0.869375 0.10500000000000007 0.12375000000000007
0 0.945 0.934375 0.10999999999999996 0.10374999999999997
0 0.8699999999999999 0.9087500000000001 0.054999999999999896 0.05
0 0.8237500000000001 0.9506249999999999 0.12500000000000008 0.09875000000000007
0 0.15687500000000001 0.9574999999999999 0.15125000000000002 0.08499999999999996
