0 0.7250000000000001 0.969375 0.18499999999999997 0.06125000000000007
0 0.32875 0.971875 0.32000000000000006 0.05625
0 0.8575000000000002 0.95625 0.12500000000000008 0.0875
0 0.714375 0.806875 0.32875 0.2437499999999999
0 0.37875000000000003 0.829375 0.10250000000000004 0.1862499999999999
0 0.605 0.6168750000000001 0.17750000000000005 0.1737499999999999
0 0.38125 0.5337500000000001 0.22750000000000004 0.3075
0 0.10187499999999994 0.54 0.19625000000000004 0.21250000000000008
0 0.7375 0.5118750000000001 0.1125 0.15124999999999994
0 0.5418749999999999 0.41125 0.1437500000000001 0.15250000000000002
0 0.31875 0.20812500000000003 0.13999999999999999 0.2437499999999999
0 0.4831250000000001 0.23312499999999997 0.14624999999999994 0.19125
0 0.61375 0.200625 0.21249999999999983 0.20125
0 0.8081250000000001 0.21125 0.15374999999999997 0.1525
0 0.014375000000000082 0.17249999999999993 0.028750000000000164 0.16750000000000012
0 0.96 0.16687500000000005 0.06999999999999992 0.12374999999999992
0 0.6475 0.07562499999999994 0.2575 0.15124999999999988
0 0.81375 0.06312499999999999 0.10999999999999996 0.12624999999999997
0 0.43125 0.05812499999999998 0.17 0.11624999999999996
