0 0.9075000000000001 0.990625 0.18000000000000008 0.01875
0 0.25250000000000006 0.985 0.11499999999999999 0.030000000000000072
0 0.06375 0.8574999999999999 0.1275 0.1
0 0.990625 0.781875 0.01875 0.14125000000000015
0 0.1825 0.7925000000000001 0.05249999999999999 0.057500000000000016
0 0.85125 0.64 0.23499999999999996 0.20750000000000002
0 0.9912500000000002 0.6487499999999999 0.017499999999999894 0.08499999999999996
0 0.971875 0.5137499999999999 0.05625 0.16000000000000006
0 0.384375 0.540625 0.028749999999999963 0.026250000000000016
0 0.29375 0.4674999999999999 0.057499999999999975 0.057500000000000016
0 0.028125 0.428125 0.05625 0.08125000000000004
0 0.693125 0.343125 0.32125000000000004 0.24875000000000008
0 0.20625 0.375625 0.06499999999999999 0.06624999999999992
0 0.03 0.27625 0.06 0.22249999999999992
0 0.5912499999999999 0.14750000000000002 0.34500000000000003 0.29500000000000004
0 0.7943749999999999 0.20374999999999996 0.0812499999999999 0.08000000000000004
0 0.23312499999999997 0.11437500000000003 0.19624999999999998 0.18124999999999994
0 0.7362499999999998 0.15124999999999994 0.08250000000000002 0.07500000000000007
0 0.383125 0.11875000000000002 0.11624999999999996 0.13000000000000012
0 0.974375 0.02812500000000001 0.05124999999999993 0.05625000000000002
0 0.353125 0.020625000000000004 0.13874999999999998 0.04125000000000001
0 0.191875 0.003124999999999989 0.20375000000000001 0.006249999999999978
