0 0.5 0.293125 0.17 0.18124999999999997
0 0.74 0.3875 0.13249999999999992 0.125
0 0.340625 0.5387500000000001 0.053750000000000096 0.05500000000000007
0 0.7768750000000001 0.584375 0.06375000000000001 0.07374999999999998
0 0.91375 0.6543750000000002 0.047499999999999966 0.06375000000000001
0 0.5918750000000002 0.7025 0.1437500000000001 0.15500000000000008
0 0.758125 0.6956249999999999 0.10125000000000002 0.13625000000000007
0 0.8731249999999999 0.655 0.03874999999999993 0.050000000000000086
0 0.8381250000000001 0.675 0.038750000000000104 0.06750000000000007
0 0.698125 0.74125 0.023749999999999893 0.022499999999999964
0 0.3575 0.76875 0.04999999999999991 0.04249999999999998
0 0.304375 0.7831250000000001 0.04874999999999994 0.04375000000000009
0 0.665625 0.7762499999999999 0.013750000000000017 0.01249999999999991
0 0.51875 0.9 0.2975 0.2
0 0.609375 0.871875 0.08875000000000002 0.1137500000000001
0 0.15999999999999992 0.840625 0.04499999999999993 0.04375
0 0.004375000000000018 0.8943750000000001 0.008750000000000036 0.0737499999999999
0 0.10062499999999996 0.9118749999999999 0.03874999999999984 0.04124999999999997
0 0.805 0.93 0.03750000000000009 0.05750000000000011
