0 0.39625000000000005 0.010624999999999996 0.12500000000000006 0.02124999999999999
0 0.505625 0.03437499999999999 0.11375000000000002 0.06874999999999998
0 0.578125 0.996875 0.11374999999999993 0.00625
0 0.649375 0.945 0.17874999999999996 0.10999999999999996
0 0.6856249999999999 0.07562499999999994 0.23125 0.15124999999999988
0 0.7162499999999999 0.790625 0.205 0.26125
0 0.7237500000000001 0.16437500000000002 0.1499999999999999 0.11874999999999988
0 0.788125 0.608125 0.16374999999999992 0.14624999999999994
0 0.7875 0.25875000000000004 0.1375 0.12749999999999995
0 0.8800000000000001 0.08750000000000002 0.18499999999999997 0.15500000000000003
0 0.905 0.22812499999999997 0.11500000000000003 0.10375000000000012
0 0.9512499999999999 0.036250000000000004 0.09749999999999996 0.07250000000000001
0 0.9393750000000001 0.026249999999999996 0.053750000000000145 0.05249999999999999
0 0.97875 0.205 0.04250000000000007 0.11749999999999994
0 0.9931249999999998 0.32062499999999994 0.013750000000000106 0.07374999999999998
