0 0.37125 0.96875 0.185 0.0625
0 0.7675000000000001 0.9712500000000001 0.32 0.057499999999999926
0 0.23875000000000002 0.9556250000000001 0.12500000000000003 0.08874999999999993
0 0.381875 0.805625 0.32875000000000004 0.24375
0 0.7175 0.828125 0.10250000000000004 0.18625000000000008
0 0.49124999999999996 0.615625 0.17749999999999994 0.17375000000000007
0 0.715 0.5325000000000001 0.22750000000000004 0.3075
0 0.9481249999999999 0.5387500000000001 0.10374999999999997 0.2125
0 0.35874999999999996 0.5106249999999999 0.11249999999999996 0.15124999999999983
0 0.554375 0.41 0.1437499999999999 0.1525
0 0.7775000000000001 0.20687499999999998 0.13999999999999996 0.24375
0 0.613125 0.23187500000000005 0.14625000000000005 0.19124999999999995
0 0.48250000000000004 0.19937500000000008 0.21250000000000005 0.20124999999999993
0 0.28812499999999996 0.21000000000000002 0.15375 0.15249999999999994
0 0.13625000000000004 0.16562500000000002 0.06999999999999999 0.12375000000000003
0 0.0475 0.15000000000000002 0.095 0.09750000000000014
0 0.061875 0.17374999999999996 0.053749999999999985 0.04500000000000015
0 0.4487500000000001 0.07500000000000001 0.2575 0.15000000000000002
0 0.28250000000000003 0.0625 0.11000000000000001 0.125
0 0.665 0.057499999999999996 0.17 0.11499999999999999
