0 0.8362499999999999 0.1725 0.2425 0.345
0 0.859375 0.4 0.18625000000000008 0.19499999999999998
0 0.43562500000000004 0.47624999999999995 0.08624999999999994 0.11499999999999995
0 0.001875 0.550625 0.00375 0.19625000000000004
0 0.8862500000000001 0.639375 0.1674999999999999 0.2987499999999999
0 0.79375 0.70875 0.13999999999999996 0.15750000000000003
0 0.660625 0.7418750000000001 0.16875 0.14124999999999996
0 0.51875 0.7074999999999999 0.039999999999999855 0.047500000000000056
0 0.5231250000000001 0.7887500000000001 0.07874999999999996 0.09249999999999989
0 0.641875 0.8862499999999999 0.15625 0.21749999999999997
0 0.07500000000000001 0.859375 0.11500000000000002 0.11625000000000014
0 0.305 0.934375 0.12250000000000001 0.13125
0 0.449375 0.943125 0.21625 0.11374999999999993
0 0.93625 0.965625 0.12749999999999986 0.06875
