0 0.02099609375 0.69287109375 0.0419921875 0.0263671875
0 0.0439453125 0.56787109375 0.076171875 0.0712890625
0 0.037109375 0.1650390625 0.03515625 0.064453125
0 0.044921875 0.220703125 0.0234375 0.0234375
0 0.078125 0.03173828125 0.0859375 0.0634765625
0 0.10693359375 0.396484375 0.0458984375 0.041015625
0 0.18310546875 0.64208984375 0.1943359375 0.1748046875
0 0.142578125 0.15625 0.099609375 0.09765625
0 0.115234375 0.76904296875 0.0390625 0.0302734375
0 0.11962890625 0.8427734375 0.0302734375 0.02734375
0 0.18017578125 0.0615234375 0.0986328125 0.091796875
0 0.16357421875 0.87744140625 0.0478515625 0.0556640625
0 0.2080078125 0.30810546875 0.0703125 0.0751953125
0 0.23681640625 0.2109375 0.0888671875 0.08984375
0 0.2939453125 0.7275390625 0.05859375 0.06640625
0 0.31494140625 0.35400390625 0.0986328125 0.0888671875
0 0.29150390625 0.84130859375 0.0400390625 0.0283203125
0 0.31591796875 0.10693359375 0.0517578125 0.0537109375
0 0.341796875 0.8564453125 0.03515625 0.0234375
0 0.38037109375 0.5087890625 0.0986328125 0.109375
0 0.36181640625 0.10009765625 0.0380859375 0.0537109375
0 0.39501953125 0.7509765625 0.0927734375 0.091796875
0 0.4482421875 0.078125 0.11328125 0.09375
0 0.443359375 0.35888671875 0.0859375 0.0966796875
0 0.44189453125 0.64990234375 0.0732421875 0.0771484375
0 0.45947265625 0.89697265625 0.0615234375 0.0556640625
0 0.5048828125 0.80517578125 0.03125 0.0458984375
0 0.5234375 0.3388671875 0.02734375 0.03125
0 0.5576171875 0.94921875 0.083984375 0.087890625
0 0.529296875 0.09375 0.017578125 0.021484375
0 0.5546875 0.55078125 0.0390625 0.04296875
0 0.54833984375 0.12109375 0.0224609375 0.01953125
0 0.60205078125 0.80126953125 0.0849609375 0.0693359375
0 0.5947265625 0.7119140625 0.02734375 0.0234375
0 0.60498046875 0.306640625 0.0478515625 0.05078125
0 0.59814453125 0.49755859375 0.0322265625 0.0302734375
0 0.6611328125 0.0908203125 0.123046875 0.125
0 0.6279296875 0.533203125 0.033203125 0.037109375
0 0.6708984375 0.947265625 0.111328125 0.10546875
0 0.65576171875 0.24072265625 0.0439453125 0.0732421875
0 0.64306640625 0.470703125 0.0166015625 0.01953125
0 0.65185546875 0.861328125 0.0283203125 0.0234375
0 0.65966796875 0.00732421875 0.0224609375 0.0146484375
0 0.75927734375 0.23046875 0.1806640625 0.13671875
0 0.77783203125 0.1376953125 0.1455078125 0.125
0 0.84033203125 0.3544921875 0.2587890625 0.2265625
0 0.74365234375 0.552734375 0.0537109375 0.052734375
0 0.8095703125 0.533203125 0.173828125 0.109375
0 0.8232421875 0.02685546875 0.123046875 0.0537109375
0 0.7841796875 0.7099609375 0.017578125 0.013671875
0 0.82568359375 0.8896484375 0.0556640625 0.060546875
0 0.8662109375 0.6064453125 0.08203125 0.076171875
0 0.904296875 0.3935546875 0.080078125 0.068359375
0 0.89404296875 0.96435546875 0.0283203125 0.0341796875
0 0.90234375 0.6650390625 0.03125 0.0625
0 0.94775390625 0.052734375 0.1044921875 0.072265625
0 0.9609375 0.158203125 0.078125 0.1328125
0 0.943359375 0.82177734375 0.03515625 0.0478515625
0 0.9541015625 0.861328125 0.017578125 0.01171875
0 0.9765625 0.955078125 0.046875 0.080078125
0 0.9892578125 0.3349609375 0.021484375 0.037109375
