0 0.945625 0.059375 0.10875000000000004 0.11875
0 0.5725 0.019375 0.0875 0.03875
0 0.386875 0.09875 0.19125 0.1975
0 0.06687500000000013 0.016875 0.04875000000000007 0.03375
0 0.18874999999999997 0.07125000000000001 0.06499999999999995 0.05500000000000001
0 0.07874999999999993 0.075 0.04250000000000009 0.05
0 0.125 0.0675 0.02499999999999991 0.0225
0 0.08000000000000007 0.12312500000000001 0.022500000000000187 0.023750000000000004
0 0.479375 0.19249999999999998 0.046250000000000034 0.032499999999999994
0 0.05125000000000002 0.246875 0.10250000000000004 0.09124999999999997
0 0.4793750000000001 0.23937499999999998 0.026250000000000016 0.026249999999999975
0 0.91375 0.29625 0.1200000000000001 0.1375
0 0.441875 0.273125 0.03125 0.028750000000000008
0 0.05812499999999998 0.390625 0.11624999999999996 0.20125000000000007
0 0.4387500000000001 0.35124999999999995 0.057500000000000016 0.07000000000000002
0 0.24624999999999994 0.33625 0.022499999999999964 0.0375
0 0.18687499999999996 0.34500000000000003 0.036250000000000025 0.03499999999999996
0 0.49874999999999997 0.37124999999999997 0.05999999999999996 0.047500000000000056
0 0.556875 0.381875 0.028749999999999963 0.03125
0 0.8925000000000001 0.4231249999999999 0.10750000000000011 0.11124999999999999
0 0.17312499999999992 0.569375 0.21625000000000014 0.11624999999999996
0 0.012499999999999956 0.5325 0.01750000000000007 0.015000000000000036
0 0.38812499999999994 0.593125 0.03874999999999993 0.03875000000000002
0 0.019374999999999976 0.6431250000000001 0.03874999999999995 0.07124999999999995
0 0.41687499999999994 0.63125 0.03374999999999995 0.040000000000000036
0 0.1581249999999999 0.65625 0.06125000000000014 0.0700000000000001
0 0.324375 0.6693749999999999 0.046250000000000034 0.09124999999999987
0 0.666875 0.736875 0.04124999999999997 0.09375
0 0.7387499999999999 0.73125 0.06999999999999992 0.05999999999999996
0 0.08562500000000006 0.741875 0.04375000000000018 0.021249999999999946
0 0.820625 0.809375 0.09124999999999997 0.13125
0 0.275625 0.8400000000000001 0.07374999999999998 0.09750000000000014
0 0.09937499999999999 0.840625 0.053749999999999964 0.05625
0 0.551875 0.9193749999999999 0.5112499999999999 0.16125000000000006
0 0.128125 0.931875 0.10625000000000007 0.12375000000000007
0 0.09312500000000001 0.9724999999999999 0.18625000000000003 0.05500000000000007
0 0.20625 0.9712500000000001 0.05500000000000007 0.05
0 0.2524999999999999 0.9818749999999999 0.1250000000000001 0.036250000000000074
0 0.9193749999999999 0.9887499999999999 0.15124999999999994 0.022499999999999964
