0 0.015625 0.16875 0.03125 0.15250000000000002
0 0.0037499999999999756 0.30625 0.007499999999999951 0.06750000000000003
0 0.03187499999999999 0.534375 0.06374999999999997 0.14625000000000005
0 0.012500000000000011 0.9506249999999999 0.025000000000000022 0.09875000000000007
0 0.14937500000000004 0.173125 0.29875000000000007 0.34625
0 0.3606249999999999 0.0225 0.13874999999999987 0.045
0 0.348125 0.075 0.10374999999999997 0.09249999999999999
0 0.32999999999999996 0.285625 0.05249999999999999 0.05624999999999995
0 0.465625 0.29 0.23625000000000013 0.13999999999999996
0 0.53875 0.501875 0.20750000000000002 0.3012499999999999
0 0.593125 0.37312500000000004 0.13874999999999993 0.15374999999999997
0 0.543125 0.1925 0.03125 0.04750000000000001
0 0.61625 0.224375 0.06749999999999998 0.061249999999999985
0 0.758125 0.353125 0.14624999999999994 0.14125000000000001
0 0.834375 0.488125 0.16625000000000015 0.17375
0 0.80625 0.7293749999999999 0.08500000000000005 0.07875000000000006
0 0.9287500000000002 0.9556250000000001 0.1424999999999999 0.08874999999999993
0 0.9275 0.20062499999999997 0.13000000000000006 0.16374999999999998
0 0.9487500000000001 0.14125 0.10250000000000004 0.2825
0 0.9581250000000001 0.39 0.08375000000000003 0.09499999999999997
0 0.98125 0.013125000000000001 0.0375 0.026250000000000002
0 0.9868750000000001 0.9 0.02624999999999993 0.09250000000000007
0 0.991875 0.29 0.016249999999999966 0.18
