0 0.9793749999999999 0.35624999999999996 0.04124999999999997 0.0625
0 0.9212499999999999 0.5112500000000001 0.10250000000000004 0.18000000000000008
0 0.838125 0.104375 0.14375 0.14625
0 0.6900000000000001 0.06687500000000002 0.047500000000000056 0.09624999999999995
0 0.5475 0.05062500000000009 0.0875 0.07374999999999987
0 0.39437500000000003 0.08937499999999998 0.19125000000000006 0.17874999999999996
0 0.40125 0.734375 0.14749999999999996 0.15625
0 0.45375 0.8675 0.030000000000000072 0.042500000000000246
0 0.30312500000000003 0.849375 0.07625000000000001 0.06374999999999993
0 0.23312499999999997 0.7725000000000001 0.19125 0.2200000000000001
0 0.244375 0.3075 0.15874999999999995 0.2124999999999999
0 0.20500000000000002 0.10749999999999997 0.23499999999999996 0.21499999999999994
0 0.24625000000000002 0.929375 0.14249999999999993 0.1012500000000001
0 0.06937500000000008 0.79125 0.13875000000000015 0.2375
0 0.08250000000000002 0.16562500000000002 0.040000000000000036 0.043749999999999956
0 0.04749999999999999 0.29250000000000004 0.09499999999999997 0.08999999999999994
0 0.05062500000000003 0.20500000000000007 0.08374999999999999 0.07499999999999998
0 0.030625000000000013 0.09249999999999986 0.06125000000000003 0.05500000000000005
