0 0.026875000000000003 0.000625 0.03125000000000001 0.00125
0 0.594375 0.038125 0.12624999999999992 0.07625
0 0.30437499999999995 0.118125 0.08125 0.06624999999999999
0 0.725 0.20875000000000005 0.09750000000000006 0.0975
0 0.7462500000000001 0.324375 0.06999999999999992 0.05624999999999995
0 0.96125 0.401875 0.07750000000000004 0.13624999999999993
0 0.653125 0.410625 0.09625000000000003 0.09625000000000003
0 0.745 0.378125 0.040000000000000036 0.03125
0 0.38937499999999997 0.390625 0.05124999999999993 0.04124999999999997
0 0.881875 0.4287500000000001 0.06125000000000007 0.06250000000000004
0 0.775625 0.415625 0.043749999999999914 0.03375000000000004
0 0.338125 0.579375 0.21125 0.22874999999999995
0 0.9237500000000001 0.5425 0.15250000000000002 0.1375
0 0.64125 0.556875 0.15999999999999986 0.13624999999999998
0 0.49812499999999993 0.5362500000000001 0.08875000000000002 0.08250000000000002
0 0.01125 0.5887499999999999 0.0225 0.10000000000000009
0 0.1525 0.63125 0.15250000000000002 0.15249999999999994
0 0.765 0.775 0.27249999999999985 0.13999999999999996
0 0.946875 0.7693749999999999 0.07874999999999996 0.10624999999999991
0 0.558125 0.790625 0.09625000000000003 0.11625000000000005
0 0.41312499999999996 0.8025 0.17874999999999996 0.13000000000000006
0 0.26312499999999994 0.805 0.11125000000000003 0.11249999999999982
0 0.40374999999999994 0.936875 0.16249999999999995 0.12624999999999992
0 0.954375 0.9731249999999999 0.06874999999999983 0.053749999999999964
0 0.20812499999999998 0.983125 0.03374999999999999 0.028750000000000143
