0 0.968125 0.021250000000000047 0.06374999999999993 0.04250000000000009
0 0.9881249999999999 0.41937499999999994 0.02375000000000007 0.026250000000000016
0 0.931875 0.8537500000000001 0.13625000000000007 0.1200000000000001
0 0.9556249999999998 0.38187499999999996 0.028749999999999963 0.03125
0 0.838125 0.02812500000000001 0.20124999999999993 0.05625000000000002
0 0.8775000000000001 0.37875 0.06999999999999992 0.057499999999999926
0 0.8925000000000001 0.18625000000000003 0.0375 0.022499999999999964
0 0.8837499999999998 0.12687499999999996 0.03499999999999996 0.03624999999999989
0 0.8574999999999999 0.4387499999999999 0.047499999999999966 0.06000000000000005
0 0.846875 0.496875 0.03125 0.028749999999999963
0 0.8056249999999998 0.8325000000000001 0.11124999999999989 0.10750000000000001
0 0.659375 0.11312500000000003 0.11624999999999996 0.21624999999999983
0 0.635625 0.328125 0.038750000000000104 0.038750000000000104
0 0.5974999999999999 0.35687499999999994 0.039999999999999855 0.03375000000000008
0 0.5725 0.09812500000000002 0.06999999999999992 0.061249999999999805
0 0.559375 0.26437499999999997 0.09124999999999997 0.046250000000000034
0 0.491875 0.6068749999999999 0.09375000000000018 0.04125000000000005
0 0.49750000000000005 0.67875 0.05999999999999996 0.07000000000000002
0 0.48687500000000006 0.025624999999999953 0.021250000000000123 0.04375000000000007
0 0.41937499999999994 0.760625 0.13124999999999995 0.09124999999999997
0 0.38875 0.21562499999999996 0.09750000000000006 0.07374999999999998
0 0.38812499999999994 0.03937499999999994 0.05625 0.053749999999999964
0 0.21500000000000002 0.491875 0.35 0.5112500000000001
0 0.296875 0.06812500000000005 0.12375000000000007 0.10625000000000007
0 0.231875 0.06312499999999999 0.1037499999999999 0.12624999999999997
0 0.2575 0.14624999999999994 0.049999999999999954 0.05499999999999983
0 0.203125 0.19250000000000006 0.12375000000000005 0.12499999999999986
0 0.16375000000000006 0.859375 0.17499999999999982 0.1512500000000002
