0 0.9625 0.6068749999999999 0.075 0.24375
0 0.9025000000000001 0.57125 0.125 0.12500000000000008
0 0.8393750000000001 0.46187500000000004 0.09375000000000008 0.11374999999999993
0 0.91375 0.406875 0.10250000000000004 0.09375
0 0.8087499999999999 0.281875 0.19749999999999995 0.23124999999999996
0 0.100625 0.25125000000000003 0.20125 0.205
0 0.696875 0.24375 0.11875 0.15000000000000005
0 0.25312500000000004 0.17937499999999995 0.14624999999999996 0.16375000000000006
0 0.6025 0.17999999999999994 0.12749999999999986 0.13750000000000018
0 0.971875 0.15687499999999996 0.05625 0.11125000000000004
0 0.77375 0.09000000000000002 0.15500000000000008 0.18000000000000005
0 0.633125 0.0625 0.10375000000000005 0.11499999999999977
0 0.8943750000000001 0.03249999999999992 0.21124999999999988 0.06499999999999984
0 0.8475000000000001 0.02812500000000001 0.07750000000000004 0.053750000000000075
0 0.65625 0.0050000000000000044 0.11750000000000008 0.010000000000000009
