0 0.46187500000000004 0.968125 0.11124999999999999 0.06374999999999993
0 0.360625 0.5868749999999999 0.72125 0.8262500000000002
0 0.7837500000000001 0.8731249999999999 0.10500000000000007 0.23124999999999982
0 0.8237500000000001 0.7137499999999999 0.06500000000000003 0.05749999999999984
0 0.9675 0.624375 0.06499999999999986 0.06125000000000007
0 0.9081250000000001 0.540625 0.0987499999999999 0.13875
0 0.8331250000000001 0.525625 0.06624999999999996 0.07624999999999993
0 0.05437499999999999 0.37 0.10874999999999999 0.19500000000000012
0 0.12625 0.23812499999999998 0.2525 0.32625000000000004
0 0.8856249999999999 0.2268750000000001 0.22874999999999995 0.20874999999999985
0 0.0475 0.24625000000000008 0.095 0.15249999999999986
0 0.9862500000000001 0.25687499999999996 0.027500000000000035 0.06125000000000007
0 0.82875 0.266875 0.03499999999999979 0.03374999999999995
0 0.52125 0.08812499999999995 0.295 0.1762499999999999
0 0.934375 0.08187499999999998 0.13125 0.16374999999999995
0 0.3075 0.06187500000000001 0.21749999999999997 0.12375000000000003
0 0.78125 0.04500000000000004 0.0875 0.09000000000000008
