0 0.459375 0.03 0.2212500000000001 0.06
0 0.9475 0.059375 0.10500000000000007 0.11875
0 0.58125 0.03937500000000001 0.04499999999999993 0.053750000000000006
0 0.38375 0.24500000000000002 0.26250000000000007 0.32000000000000006
0 0.578125 0.12875 0.05124999999999993 0.065
0 0.9175000000000001 0.13999999999999999 0.07750000000000004 0.06499999999999999
0 0.596875 0.42250000000000004 0.24375 0.4525
0 0.03937499999999999 0.27 0.07874999999999999 0.1
0 0.8668750000000001 0.368125 0.13625000000000015 0.21125
0 0.314375 0.436875 0.22374999999999998 0.22374999999999998
0 0.7337499999999999 0.45875000000000005 0.1424999999999999 0.19750000000000006
0 0.020000000000000018 0.449375 0.040000000000000036 0.09875000000000007
0 0.829375 0.5818749999999999 0.12125000000000004 0.13875
0 0.70375 0.6381249999999999 0.10499999999999998 0.21375000000000002
0 0.5425000000000001 0.6518750000000001 0.2000000000000001 0.21375000000000002
0 0.34625000000000006 0.655625 0.19499999999999998 0.20625
0 0.8143750000000001 0.7324999999999999 0.07124999999999995 0.08750000000000009
0 0.44562500000000005 0.8006249999999999 0.10375000000000001 0.10124999999999992
0 0.634375 0.845 0.25125000000000003 0.1875
0 0.34500000000000003 0.784375 0.06999999999999992 0.06625000000000014
0 0.265625 0.9237500000000001 0.18874999999999995 0.15250000000000002
0 0.755625 0.9400000000000001 0.20375000000000004 0.11999999999999993
0 0.469375 0.93625 0.08374999999999995 0.1125
0 0.9581250000000001 0.983125 0.08375000000000003 0.033749999999999857
