0 0.05500000000000001 0.45375 0.11000000000000001 0.175
0 0.008125 0.605 0.01625 0.05250000000000003
0 0.03375 0.7081250000000001 0.0675 0.09624999999999995
0 0.035625 0.255 0.07125 0.10250000000000004
0 0.09312499999999999 0.65125 0.06625 0.09749999999999996
0 0.09375 0.9512499999999999 0.0375 0.027500000000000035
0 0.23937499999999998 0.264375 0.26625 0.52875
0 0.275625 0.76625 0.12374999999999999 0.12250000000000005
0 0.296875 0.5924999999999999 0.13624999999999998 0.12999999999999998
0 0.363125 0.02812500000000001 0.22375000000000003 0.05625000000000002
0 0.365 0.3075 0.02999999999999998 0.06750000000000012
0 0.41625000000000006 0.770625 0.11000000000000001 0.1012500000000001
0 0.40062499999999995 0.23125 0.04375 0.06499999999999984
0 0.45500000000000007 0.6456250000000001 0.12000000000000002 0.11874999999999991
0 0.434375 0.004375000000000018 0.028749999999999963 0.008750000000000036
0 0.5706249999999999 0.021874999999999978 0.05625 0.043749999999999956
0 0.620625 0.669375 0.11624999999999996 0.09375
0 0.589375 0.12437499999999994 0.05125000000000011 0.021250000000000102
0 0.70625 0.5225 0.14750000000000013 0.205
0 0.6587500000000001 0.03312499999999996 0.02999999999999998 0.026250000000000107
0 0.663125 0.836875 0.021250000000000036 0.036250000000000074
0 0.72875 0.8318749999999999 0.07000000000000002 0.06625000000000006
0 0.820625 0.7112499999999999 0.1937500000000001 0.2174999999999999
0 0.7893749999999999 0.315625 0.053749999999999964 0.05874999999999999
0 0.781875 0.011875000000000024 0.03374999999999995 0.02375000000000005
0 0.8318749999999999 0.43875000000000003 0.09875000000000007 0.17499999999999996
0 0.8481249999999999 0.8 0.03375000000000004 0.032500000000000015
0 0.8731250000000002 0.775625 0.03125 0.03875000000000002
0 0.89875 0.553125 0.05999999999999996 0.07875000000000006
0 0.91375 0.8324999999999999 0.05999999999999996 0.0375
0 0.943125 0.34937499999999994 0.11374999999999993 0.22374999999999984
0 0.9675 0.681875 0.06499999999999986 0.15625
