0 0.718125 0.01 0.06125000000000007 0.02
0 0.42312500000000003 0.052500000000000005 0.09875000000000003 0.095
0 0.755 0.042499999999999996 0.06500000000000003 0.0625
0 0.09375 0.10124999999999999 0.12749999999999995 0.055000000000000014
0 0.95625 0.13562500000000002 0.06999999999999992 0.05875000000000001
0 0.7806249999999999 0.1375 0.04874999999999989 0.05
0 0.5025000000000001 0.165625 0.07250000000000005 0.06375
0 0.804375 0.17250000000000001 0.018749999999999913 0.01749999999999998
0 0.44250000000000006 0.18625 0.08749999999999991 0.04499999999999997
0 0.8393750000000001 0.21187500000000004 0.02624999999999993 0.036250000000000025
0 0.48562500000000003 0.273125 0.11124999999999989 0.10124999999999998
0 0.6131249999999999 0.628125 0.77375 0.74375
0 0.16374999999999995 0.38687499999999997 0.1050000000000002 0.23124999999999996
0 0.12375000000000007 0.54625 0.06499999999999984 0.057500000000000016
0 0.006249999999999978 0.6356249999999999 0.012499999999999956 0.061249999999999985
0 0.04437499999999994 0.719375 0.08874999999999988 0.13874999999999993
0 0.114375 0.734375 0.06624999999999992 0.07624999999999993
0 0.9193749999999999 0.89 0.16125000000000006 0.195
0 0.8393750000000001 0.929375 0.28874999999999995 0.14124999999999996
0 0.08812499999999995 0.9643750000000001 0.1762499999999999 0.07125000000000004
0 0.9262499999999999 0.96875 0.14749999999999996 0.0625
0 0.11875000000000002 0.9881249999999999 0.03500000000000014 0.02375000000000007
