0 0.9581250000000001 0.2625 0.08375000000000003 0.18
0 0.9225 0.91875 0.15500000000000008 0.1625
0 0.9400000000000001 0.55 0.11999999999999993 0.16000000000000006
0 0.9887499999999999 0.684375 0.022499999999999964 0.06375000000000011
0 0.945625 0.7612500000000001 0.10875000000000004 0.12000000000000002
0 0.940625 0.028750000000000005 0.11875 0.05750000000000001
0 0.9318750000000001 0.41125 0.07125000000000004 0.07749999999999999
0 0.821875 0.18125 0.22625000000000012 0.27999999999999997
0 0.87625 0.4125 0.04499999999999993 0.04250000000000007
0 0.7943749999999999 0.793125 0.18125 0.16874999999999982
0 0.81375 0.6006250000000001 0.07250000000000005 0.09124999999999997
0 0.7543749999999999 0.0225 0.10625 0.045
0 0.779375 0.9956250000000001 0.028749999999999963 0.008750000000000036
0 0.7175 0.01 0.14749999999999996 0.02
0 0.709375 0.990625 0.12624999999999992 0.01875
0 0.7275 0.39312500000000006 0.08499999999999996 0.09375000000000004
0 0.6387500000000002 0.43937499999999996 0.07499999999999991 0.07874999999999996
0 0.521875 0.2 0.24375 0.34750000000000003
0 0.561875 0.61875 0.11375000000000002 0.1325
0 0.5493750000000001 0.8150000000000001 0.13374999999999995 0.10750000000000001
0 0.4800000000000001 0.6118750000000001 0.0375 0.04375000000000009
0 0.4518750000000001 0.8106249999999999 0.03374999999999995 0.036249999999999984
0 0.4231249999999999 0.59 0.061249999999999985 0.0625
0 0.3325 0.46187500000000004 0.175 0.08875000000000002
0 0.259375 0.269375 0.30625 0.34374999999999994
0 0.371875 0.99375 0.07625000000000007 0.0125
0 0.13687500000000002 0.056874999999999995 0.27375000000000005 0.11374999999999999
0 0.23000000000000007 0.52 0.04750000000000001 0.040000000000000036
0 0.17250000000000001 0.469375 0.12749999999999997 0.07875000000000006
0 0.18249999999999997 0.083125 0.08249999999999999 0.04625
0 0.08000000000000007 0.41937499999999994 0.06999999999999984 0.06625000000000006
0 0.006249999999999978 0.40625 0.012499999999999956 0.07249999999999997
