0 0.005625 0.21687499999999993 0.01125 0.07374999999999998
0 0.04125 0.06437499999999996 0.0825 0.11124999999999985
0 0.15562499999999999 0.370625 0.053749999999999985 0.06875000000000013
0 0.3075 0.325 0.22249999999999998 0.2075000000000001
0 0.270625 0.18625000000000003 0.10124999999999998 0.0999999999999999
0 0.425625 0.14562500000000006 0.11625000000000005 0.10874999999999979
0 0.70375 0.89125 0.35749999999999993 0.21750000000000008
0 0.588125 0.40062500000000006 0.07624999999999993 0.07874999999999996
0 0.65 0.203125 0.15 0.13874999999999993
0 0.766875 0.6587500000000001 0.22875000000000006 0.2474999999999999
0 0.75875 0.08437499999999998 0.09250000000000007 0.08874999999999988
0 0.805 0.38499999999999995 0.10750000000000011 0.08999999999999982
0 0.7762499999999999 0.45562499999999995 0.032500000000000015 0.03375000000000004
0 0.9081250000000001 0.43687499999999996 0.1612499999999999 0.15875000000000003
0 0.909375 0.655 0.06625000000000014 0.05500000000000007
0 0.913125 0.578125 0.06374999999999993 0.08375000000000003
0 0.969375 0.5506249999999999 0.06125000000000007 0.08874999999999993
