0 0.06937499999999999 0.0325 0.07375000000000001 0.065
0 0.23374999999999999 0.07625 0.185 0.1525
0 0.63 0.07375 0.3200000000000001 0.1475
0 0.9912500000000002 0.016875 0.017499999999999894 0.03375
0 0.10125000000000002 0.118125 0.12500000000000003 0.12125
0 0.244375 0.284375 0.32875000000000004 0.24375
0 0.5800000000000001 0.26187499999999997 0.10249999999999995 0.18624999999999997
0 0.35375 0.47437500000000005 0.17749999999999994 0.17375000000000007
0 0.5775 0.5575 0.22750000000000004 0.3075000000000001
0 0.8568749999999999 0.5512499999999999 0.19624999999999987 0.2124999999999999
0 0.22125000000000003 0.5793750000000001 0.11250000000000002 0.15125000000000002
0 0.416875 0.6799999999999999 0.14375000000000004 0.15250000000000002
0 0.6399999999999999 0.880625 0.14000000000000004 0.23875000000000002
0 0.47562499999999996 0.858125 0.14624999999999994 0.19124999999999998
0 0.34500000000000003 0.890625 0.21250000000000005 0.20124999999999993
0 0.15062499999999998 0.8800000000000001 0.15375 0.15250000000000002
0 0.9650000000000001 0.9175000000000001 0.06999999999999992 0.16500000000000004
0 0.016875 0.9243749999999998 0.03375 0.12374999999999989
0 0.31125 0.97 0.2575 0.060000000000000143
0 0.145 0.9824999999999999 0.11000000000000001 0.03499999999999996
0 0.5275000000000001 0.9875 0.17 0.025
