0 0.969375 0.3325 0.06125000000000007 0.13499999999999995
0 0.994375 0.45375 0.01125000000000007 0.15500000000000003
0 0.9075 0.27375 0.18500000000000014 0.22749999999999998
0 0.826875 0.190625 0.16875000000000018 0.19625
0 0.77 0.449375 0.04249999999999989 0.03125
0 0.670625 0.39625 0.1312500000000001 0.05499999999999998
0 0.5918749999999999 0.19499999999999998 0.08624999999999998 0.095
0 0.50625 0.9824999999999999 0.1275000000000001 0.03499999999999996
0 0.521875 0.9331249999999999 0.06624999999999988 0.04875000000000007
0 0.429375 0.496875 0.12374999999999989 0.08625000000000008
0 0.234375 0.8262499999999999 0.46875 0.34750000000000003
0 0.390625 0.414375 0.1512500000000001 0.12624999999999992
0 0.328125 0.316875 0.09375 0.08124999999999996
0 0.32875 0.595625 0.07000000000000006 0.028749999999999963
0 0.28937500000000005 0.531875 0.10375000000000001 0.12624999999999992
0 0.213125 0.6287499999999999 0.06624999999999989 0.047499999999999966
0 0.19375000000000003 0.5599999999999999 0.07749999999999999 0.0750000000000001
0 0.184375 0.17250000000000001 0.05625 0.050000000000000024
0 0.140625 0.23062500000000002 0.12375000000000005 0.05624999999999995
0 0.12000000000000006 0.113125 0.14500000000000013 0.08625
0 0.15062499999999995 0.628125 0.036250000000000004 0.06875
0 0.11625000000000008 0.001875 0.03499999999999992 0.00375
0 0.055624999999999925 0.041875 0.11124999999999985 0.08375
0 0.08187499999999992 0.548125 0.05874999999999986 0.04874999999999989
0 0.011875000000000024 0.83375 0.02375000000000005 0.14250000000000007
