0 0.98125 0.31937499999999996 0.0375 0.06125000000000007
0 0.95875 0.09500000000000003 0.075 0.07750000000000001
0 0.9199999999999999 0.9587499999999999 0.07750000000000004 0.06500000000000003
0 0.8456250000000001 0.02937500000000004 0.07375000000000007 0.05875000000000008
0 0.79625 0.5237499999999999 0.13999999999999985 0.1575000000000001
0 0.711875 0.680625 0.12124999999999994 0.11624999999999996
0 0.73 0.96875 0.075 0.0625
0 0.665625 0.28625 0.20375000000000004 0.16749999999999998
0 0.6675 0.529375 0.1299999999999999 0.16375000000000012
0 0.67625 0.018125000000000058 0.07750000000000004 0.036250000000000115
0 0.5431250000000001 0.985625 0.21624999999999997 0.028750000000000143
0 0.449375 0.5143749999999999 0.36875 0.22374999999999998
0 0.5375 0.14437500000000003 0.0625 0.053749999999999964
0 0.47124999999999995 0.875 0.12750000000000003 0.10999999999999979
0 0.338125 0.95375 0.14875 0.09250000000000007
0 0.305 0.306875 0.0850000000000001 0.06375000000000001
0 0.273125 0.09375 0.07625000000000007 0.08000000000000007
0 0.19562499999999994 0.280625 0.13375000000000004 0.07624999999999993
0 0.1493750000000001 0.528125 0.17874999999999985 0.20124999999999993
0 0.18187499999999993 0.791875 0.10875000000000015 0.1012500000000001
0 0.16124999999999995 0.21375000000000005 0.10000000000000023 0.09249999999999992
0 0.16375 0.11187500000000006 0.09500000000000011 0.08874999999999988
0 0.12187500000000014 0.03312499999999996 0.09124999999999994 0.06624999999999992
0 0.10187499999999998 0.308125 0.07375000000000032 0.08375000000000003
0 0.03875000000000001 0.28625 0.07750000000000001 0.07499999999999996
0 0.01749999999999996 0.027500000000000024 0.03499999999999992 0.05500000000000005
