0 0.151875 0.01125 0.03374999999999999 0.0225
0 0.31187499999999996 0.036875 0.09125000000000001 0.07375
0 0.8275 0.019375 0.08250000000000002 0.03875
0 0.75625 0.026250000000000002 0.030000000000000072 0.030000000000000006
0 0.97875 0.06875 0.04250000000000007 0.11000000000000001
0 0.53125 0.105625 0.05250000000000003 0.05875000000000001
0 0.21687499999999998 0.203125 0.22374999999999998 0.24875000000000003
0 0.8387499999999999 0.15125 0.12499999999999992 0.1275
0 0.05437499999999999 0.11624999999999999 0.03874999999999999 0.04999999999999999
0 0.9506249999999999 0.199375 0.09875000000000007 0.12625
0 0.6443749999999999 0.23500000000000001 0.09625000000000003 0.09000000000000004
0 0.76875 0.271875 0.11500000000000003 0.11374999999999998
0 0.1075 0.34500000000000003 0.08499999999999999 0.075
0 0.5856250000000001 0.371875 0.11374999999999993 0.12624999999999992
0 0.9018750000000001 0.37312500000000004 0.06875 0.06624999999999996
0 0.3875 0.45562500000000006 0.14000000000000004 0.12624999999999997
0 0.9106249999999999 0.43187499999999995 0.06875 0.04875000000000007
0 0.0775 0.47437499999999994 0.11750000000000001 0.11875
0 0.93875 0.5425 0.1200000000000001 0.1450000000000001
0 0.579375 0.5362500000000001 0.12374999999999999 0.11000000000000006
0 0.206875 0.534375 0.09875 0.09375
0 0.01875 0.615 0.0375 0.040000000000000036
0 0.605 0.6387499999999999 0.040000000000000036 0.03500000000000005
0 0.91875 0.64625 0.027499999999999858 0.022499999999999964
0 0.33375000000000005 0.67875 0.05500000000000003 0.04999999999999991
0 0.88375 0.670625 0.025 0.028750000000000053
0 0.028750000000000005 0.7393750000000001 0.05750000000000001 0.10874999999999994
0 0.1275 0.7300000000000001 0.02999999999999998 0.03500000000000005
0 0.64625 0.743125 0.06499999999999995 0.06125000000000007
0 0.4018750000000001 0.734375 0.03875000000000002 0.04124999999999997
0 0.92125 0.8150000000000001 0.15749999999999992 0.15750000000000003
0 0.35625 0.7725 0.047499999999999966 0.04250000000000007
0 0.730625 0.8081250000000001 0.09375 0.05625
0 0.43624999999999997 0.791875 0.025 0.021250000000000036
0 0.74375 0.9125 0.175 0.175
0 0.8625 0.9356249999999999 0.16000000000000014 0.12874999999999998
0 0.585 0.9393750000000001 0.2899999999999999 0.12125000000000004
0 0.33125 0.920625 0.06750000000000003 0.06874999999999983
0 0.35625 0.946875 0.14000000000000004 0.10625
0 0.985 0.971875 0.030000000000000072 0.05625
0 0.13 0.9725000000000001 0.017500000000000026 0.022499999999999964
