0 0.0380859375 0.59033203125 0.076171875 0.1240234375
0 0.03564453125 0.96337890625 0.0537109375 0.0458984375
0 0.1533203125 0.69140625 0.21875 0.193359375
0 0.1337890625 0.44580078125 0.125 0.1435546875
0 0.18798828125 0.49267578125 0.0009765625 0.0009765625
0 0.28564453125 0.4208984375 0.1826171875 0.103515625
0 0.3212890625 0.98681640625 0.052734375 0.0263671875
0 0.4052734375 0.39404296875 0.04296875 0.0888671875
0 0.404296875 0.47412109375 0.037109375 0.0380859375
0 0.42333984375 0.68603515625 0.0380859375 0.0751953125
0 0.50830078125 0.40771484375 0.1494140625 0.1787109375
0 0.4951171875 0.6611328125 0.080078125 0.119140625
0 0.53369140625 0.37353515625 0.0556640625 0.0693359375
0 0.59814453125 0.6025390625 0.1455078125 0.107421875
0 0.6005859375 0.68408203125 0.1171875 0.0615234375
0 0.62353515625 0.47705078125 0.1123046875 0.0771484375
0 0.60888671875 0.537109375 0.0693359375 0.04296875
0 0.65966796875 0.353515625 0.1083984375 0.09375
0 0.67529296875 0.52880859375 0.0498046875 0.0556640625
0 0.74462890625 0.31640625 0.0107421875 0.015625
0 0.8544921875 0.33740234375 0.21875 0.1513671875
0 0.89306640625 0.55517578125 0.2138671875 0.2666015625
0 0.947265625 0.28369140625 0.08203125 0.0791015625
0 0.982421875 0.9287109375 0.03515625 0.103515625
0 0.98388671875 0.86767578125 0.0322265625 0.0322265625
0 0.99365234375 0.99609375 0.0126953125 0.0078125
