0 0.98375 0.9125 0.03249999999999993 0.08499999999999996
0 0.905625 0.6 0.18874999999999992 0.1625
0 0.905625 0.401875 0.18874999999999992 0.19874999999999993
0 0.9018750000000001 0.92125 0.1762500000000001 0.15749999999999992
0 0.9199999999999999 0.26937500000000003 0.06500000000000003 0.03875000000000002
0 0.9193749999999999 0.21375000000000002 0.04875000000000007 0.0375
0 0.9100000000000001 0.061875 0.047499999999999966 0.04375
0 0.81875 0.710625 0.20250000000000004 0.20874999999999985
0 0.85125 0.258125 0.04999999999999982 0.05874999999999999
0 0.83625 0.10874999999999999 0.05249999999999986 0.05500000000000001
0 0.8262499999999999 0.200625 0.047499999999999966 0.06625000000000003
0 0.78125 0.4625 0.0625 0.09500000000000001
0 0.6737500000000001 0.123125 0.07999999999999999 0.05375
0 0.64375 0.7074999999999999 0.11999999999999993 0.0875
0 0.563125 0.150625 0.08874999999999993 0.07125
0 0.540625 0.286875 0.12375000000000007 0.08875000000000002
0 0.505 0.85 0.1200000000000001 0.12250000000000014
0 0.4831250000000001 0.9237500000000001 0.11125000000000007 0.07999999999999989
0 0.37625000000000003 0.225 0.10250000000000008 0.05499999999999998
0 0.30937499999999996 0.943125 0.16625000000000006 0.11374999999999993
0 0.29375 0.671875 0.15 0.11374999999999993
0 0.22937499999999997 0.005 0.05125000000000002 0.01
0 0.18687500000000004 0.66125 0.04875000000000009 0.04499999999999993
0 0.08812499999999995 0.23374999999999999 0.16125 0.17
0 0.09249999999999997 0.37312500000000004 0.08999999999999997 0.05875000000000004
0 0.03937499999999999 0.69875 0.07874999999999999 0.13250000000000012
0 0.03249999999999992 0.146875 0.06499999999999984 0.09625000000000002
0 0.021874999999999978 0.409375 0.043749999999999956 0.09124999999999997
