0 0.04874999999999996 0.418125 0.09749999999999992 0.11374999999999998
0 0.22625 0.425 0.11999999999999997 0.1125
0 0.63625 0.600625 0.16999999999999993 0.16375
0 0.9125 0.5543750000000001 0.06750000000000007 0.06624999999999996
0 0.51375 0.563125 0.047499999999999966 0.06624999999999988
0 0.376875 0.6118750000000001 0.20125 0.13875
0 0.156875 0.62 0.22625000000000006 0.125
0 0.7550000000000001 0.639375 0.047500000000000056 0.06375000000000001
0 0.96875 0.67125 0.0625 0.10250000000000004
0 0.04437499999999994 0.7012499999999999 0.08874999999999988 0.1325
0 0.499375 0.743125 0.12375000000000007 0.13625000000000007
0 0.08312500000000012 0.844375 0.15625 0.14375
0 0.9381250000000001 0.8175000000000001 0.056250000000000175 0.08250000000000002
0 0.012500000000000011 0.8756250000000001 0.025000000000000022 0.07125000000000004
0 0.469375 0.9493750000000001 0.23374999999999985 0.10124999999999992
0 0.6793750000000001 0.9556250000000001 0.16624999999999995 0.08874999999999993
0 0.08562500000000006 0.9625 0.14374999999999982 0.075
0 0.011875000000000024 0.9712500000000001 0.02375000000000005 0.057499999999999926
