0 0.9256249999999999 0.020625 0.14875000000000008 0.04125
0 0.52125 0.06625 0.32250000000000006 0.1325
0 0.28125 0.03 0.1 0.06
0 0.9668749999999999 0.10062499999999999 0.06624999999999996 0.09374999999999999
0 0.858125 0.19 0.28374999999999995 0.20999999999999996
0 0.38062500000000005 0.26875 0.32875 0.3
0 0.921875 0.30125 0.15625 0.2225
0 0.5475 0.42750000000000005 0.2899999999999999 0.21749999999999997
0 0.12062500000000001 0.39 0.10874999999999999 0.1325
0 0.813125 0.434375 0.22875000000000006 0.12375000000000003
0 0.318125 0.500625 0.11624999999999996 0.17375
0 0.08 0.553125 0.16 0.14875
0 0.9956250000000001 0.5925 0.008750000000000036 0.20750000000000002
0 0.33375 0.73 0.615 0.39500000000000013
0 0.129375 0.645 0.14125000000000001 0.16999999999999993
0 0.7206250000000001 0.6918749999999999 0.20625 0.18374999999999994
0 0.8956250000000001 0.698125 0.14125000000000015 0.19625000000000004
0 0.97 0.786875 0.060000000000000143 0.16125000000000006
0 0.620625 0.91625 0.22874999999999995 0.16750000000000007
0 0.05187499999999999 0.94375 0.10374999999999998 0.1125
