0 0.42874999999999996 0.985625 0.18 0.028750000000000143
0 0.321875 0.959375 0.21375000000000005 0.08125
0 0.83625 0.9525 0.2250000000000001 0.09499999999999993
0 0.990625 0.9131250000000002 0.01875 0.1737499999999999
0 0.628125 0.9581250000000001 0.02624999999999993 0.03375000000000004
0 0.99375 0.795625 0.0125 0.10875000000000004
0 0.6425 0.775 0.07249999999999997 0.08500000000000014
0 0.231875 0.734375 0.19625 0.13874999999999993
0 0.8862500000000001 0.788125 0.0625 0.03125
0 0.45562500000000006 0.7575 0.06375000000000001 0.0750000000000001
0 0.5525 0.761875 0.03499999999999988 0.038750000000000104
0 0.74 0.7262500000000001 0.07499999999999991 0.1
0 0.8231249999999999 0.7275 0.07624999999999985 0.0875
0 0.37 0.7224999999999999 0.07999999999999993 0.07499999999999991
0 0.1325 0.6806249999999999 0.0425 0.06375000000000011
0 0.999375 0.43500000000000005 0.001249999999999929 0.13499999999999995
0 0.468125 0.45 0.021249999999999946 0.020000000000000018
0 0.035 0.3681249999999999 0.07 0.15374999999999991
0 0.534375 0.378125 0.05874999999999995 0.05625
0 0.33125 0.31 0.17750000000000005 0.17750000000000013
0 0.078125 0.17125 0.15625 0.3425
0 0.165625 0.31375000000000003 0.07874999999999999 0.04500000000000006
0 0.02125 0.26375000000000004 0.0425 0.09499999999999997
0 0.29562499999999997 0.20625000000000004 0.06375000000000006 0.0625
0 0.36625 0.1725 0.06749999999999998 0.07499999999999996
0 0.9887499999999999 0.08124999999999999 0.022499999999999964 0.15000000000000002
0 0.34562499999999996 0.09937499999999994 0.061249999999999985 0.05874999999999997
0 0.21437500000000004 0.04124999999999995 0.10625000000000002 0.0824999999999999
0 0.334375 0.026874999999999982 0.15875000000000003 0.053749999999999964
0 0.47375000000000006 0.016249999999999987 0.09500000000000001 0.03249999999999997
