0 0.9736328125 0.6396484375 0.052734375 0.11328125
0 0.828125 0.30859375 0.34375 0.189453125
0 0.85693359375 0.0234375 0.0478515625 0.03515625
0 0.82080078125 0.08642578125 0.0830078125 0.0693359375
0 0.8271484375 0.03857421875 0.04296875 0.0341796875
0 0.61328125 0.29052734375 0.15234375 0.1455078125
0 0.5537109375 0.62158203125 0.08984375 0.0673828125
0 0.49560546875 0.9794921875 0.1533203125 0.041015625
0 0.42626953125 0.26953125 0.2333984375 0.130859375
0 0.3720703125 0.341796875 0.123046875 0.109375
0 0.34619140625 0.44580078125 0.1103515625 0.1318359375
0 0.373046875 0.556640625 0.037109375 0.03125
0 0.3095703125 0.55322265625 0.072265625 0.0615234375
0 0.2333984375 0.46044921875 0.169921875 0.1220703125
0 0.25439453125 0.9033203125 0.0908203125 0.08984375
0 0.18896484375 0.7236328125 0.1162109375 0.095703125
0 0.12939453125 0.61083984375 0.2080078125 0.1689453125
0 0.142578125 0.20849609375 0.111328125 0.1435546875
0 0.06201171875 0.36865234375 0.0927734375 0.0947265625
0 0.015625 0.388671875 0.03125 0.125
