0 0.6581250000000001 0.9600000000000002 0.24375000000000008 0.07999999999999989
0 0.11624999999999996 0.8793749999999999 0.030000000000000027 0.05874999999999986
0 0.615 0.8143749999999998 0.18000000000000008 0.18624999999999997
0 0.020000000000000018 0.755625 0.040000000000000036 0.21124999999999988
0 0.3275 0.7575 0.15999999999999986 0.14499999999999985
0 0.19312500000000005 0.805 0.06374999999999989 0.04500000000000011
0 0.11624999999999996 0.759375 0.11999999999999988 0.12624999999999992
0 0.8637499999999999 0.750625 0.08749999999999983 0.12874999999999978
0 0.46624999999999994 0.736875 0.07749999999999994 0.07125000000000004
0 0.6962499999999999 0.6268750000000001 0.2799999999999999 0.22625
0 0.465 0.68125 0.04249999999999998 0.04500000000000002
0 0.08437499999999998 0.599375 0.16874999999999996 0.18125
0 0.276875 0.61875 0.09125000000000005 0.07250000000000005
0 0.885 0.559375 0.10500000000000007 0.10625
0 0.9287500000000002 0.5225 0.1424999999999999 0.14750000000000005
0 0.484375 0.5325 0.09375 0.08499999999999996
0 0.43812500000000004 0.44375 0.07874999999999996 0.075
0 0.6775 0.32687499999999997 0.34750000000000014 0.24375
0 0.25875000000000004 0.366875 0.13249999999999984 0.11374999999999993
0 0.0625 0.354375 0.10749999999999993 0.13375000000000004
0 0.265625 0.285 0.04375 0.0375
0 0.0668749999999999 0.2568750000000001 0.036250000000000115 0.03375000000000008
0 0.2875 0.228125 0.0625 0.06125000000000003
0 0.415625 0.1375 0.08875000000000002 0.17499999999999996
0 0.608125 0.10875000000000001 0.34375 0.21750000000000003
0 0.9887499999999999 0.17937499999999995 0.022499999999999964 0.0737500000000002
0 0.96875 0.06812499999999994 0.0625 0.10125000000000017
0 0.881875 0.03937499999999999 0.23625 0.07874999999999999
0 0.3575 0.03500000000000009 0.039999999999999945 0.04749999999999999
0 0.40812499999999996 0.020625000000000004 0.07874999999999996 0.04125000000000001
0 0.794375 0.014375000000000082 0.046250000000000034 0.028750000000000164
