0 0.323125 0.0875 0.22125000000000003 0.175
0 0.9099999999999999 0.038125 0.09499999999999993 0.07625
0 0.796875 0.049375 0.12125000000000012 0.09875
0 0.20124999999999998 0.15437499999999998 0.045 0.053750000000000006
0 0.39875000000000005 0.36 0.26250000000000007 0.32
0 0.97 0.2725 0.060000000000000143 0.125
0 0.20437500000000003 0.24375 0.05125000000000004 0.06500000000000003
0 0.185625 0.5375 0.24375 0.4525
0 0.749375 0.38499999999999995 0.09125000000000005 0.09999999999999995
0 0.9724999999999999 0.415625 0.05500000000000007 0.07375000000000007
0 0.468125 0.551875 0.22374999999999998 0.2237499999999999
0 0.06 0.57375 0.12 0.19749999999999995
0 0.79625 0.5643750000000001 0.10749999999999993 0.09874999999999998
0 0.984375 0.58375 0.03125 0.10499999999999998
0 0.8787499999999999 0.56125 0.025 0.040000000000000036
0 0.006875000000000001 0.696875 0.013750000000000002 0.13875
0 0.07875 0.753125 0.10500000000000001 0.21374999999999994
0 0.24000000000000005 0.7668750000000001 0.2 0.21375000000000002
0 0.43624999999999997 0.7706250000000001 0.19499999999999992 0.2062500000000001
0 0.001875 0.8474999999999999 0.00375 0.0875
0 0.3368749999999999 0.915625 0.10375000000000001 0.1012500000000001
0 0.148125 0.9331250000000001 0.25125 0.13375000000000004
0 0.4375 0.8993749999999998 0.06999999999999992 0.06624999999999996
0 0.516875 0.98125 0.18875000000000003 0.0375
0 0.88125 0.984375 0.16499999999999995 0.03125
0 0.064375 0.9974999999999999 0.12875 0.005000000000000071
0 0.313125 0.9974999999999999 0.08374999999999999 0.005000000000000071
