0 0.78625 0.05625 0.07249999999999997 0.085
0 0.375625 0.096875 0.19624999999999995 0.13875
0 0.999375 0.043125 0.001249999999999929 0.03124999999999999
0 0.599375 0.07375000000000001 0.06375000000000001 0.075
0 0.69625 0.06937499999999999 0.03500000000000005 0.03874999999999999
0 0.8837499999999998 0.10500000000000001 0.07500000000000018 0.1
0 0.9643750000000001 0.10374999999999998 0.07125000000000004 0.0875
0 0.5137499999999999 0.10874999999999999 0.07999999999999999 0.075
0 0.27625 0.150625 0.04249999999999998 0.06375
0 0.6118750000000001 0.38125 0.021250000000000123 0.019999999999999928
0 0.135 0.46312499999999995 0.15750000000000003 0.15375000000000005
0 0.678125 0.453125 0.05874999999999995 0.05625
0 0.475 0.52125 0.17749999999999994 0.17749999999999994
0 0.025 0.516875 0.05 0.11624999999999996
0 0.200625 0.696875 0.19874999999999998 0.41625000000000006
0 0.309375 0.5175000000000001 0.07874999999999996 0.04500000000000002
0 0.11687499999999999 0.5675000000000001 0.13875 0.09500000000000001
0 0.43937499999999996 0.625 0.06375000000000011 0.0625
0 0.51 0.6587500000000001 0.06749999999999998 0.0750000000000001
0 0.48937500000000006 0.7318749999999999 0.061249999999999985 0.05874999999999995
0 0.35812499999999997 0.804375 0.10625 0.11124999999999989
0 0.478125 0.8424999999999999 0.15875000000000003 0.12999999999999998
0 0.6174999999999999 0.85375 0.09500000000000011 0.10999999999999988
0 0.45062499999999994 0.915 0.07374999999999998 0.040000000000000216
0 0.17312500000000003 0.9506249999999999 0.12125000000000004 0.09875000000000007
0 0.30874999999999997 0.95375 0.14500000000000002 0.09250000000000007
0 0.63375 0.969375 0.15749999999999992 0.06125000000000007
