0 0.28875000000000006 0.081875 0.2425 0.16375
0 0.024374999999999925 0.003125 0.04874999999999985 0.00625
0 0.265625 0.21875 0.18625000000000005 0.19499999999999998
0 0.689375 0.29500000000000004 0.0862499999999999 0.11499999999999999
0 0.23875000000000002 0.45812500000000006 0.16749999999999998 0.29874999999999996
0 0.33125 0.5275000000000001 0.14000000000000004 0.15750000000000003
0 0.464375 0.560625 0.16875 0.14124999999999996
0 0.60625 0.5262499999999999 0.040000000000000036 0.047500000000000056
0 0.6018749999999999 0.6075000000000002 0.07874999999999996 0.09249999999999999
0 0.4831250000000001 0.7049999999999998 0.15625 0.21749999999999997
0 0.9962500000000001 0.678125 0.007499999999999929 0.11624999999999996
0 0.82 0.7618750000000001 0.12249999999999997 0.14875000000000008
0 0.6756249999999999 0.838125 0.21624999999999997 0.2662499999999999
0 0.16062499999999996 0.8212499999999998 0.18374999999999997 0.1424999999999999
0 0.36562500000000003 0.9243750000000001 0.12124999999999994 0.11875
0 0.39125 0.9818749999999999 0.15999999999999992 0.036250000000000074
