0 0.25562499999999994 0.03125 0.14625000000000007 0.0625
0 0.15500000000000003 0.05625000000000002 0.10749999999999993 0.11250000000000004
0 0.8425 0.06812499999999999 0.09250000000000007 0.11125000000000007
0 0.641875 0.07750000000000007 0.12874999999999998 0.09749999999999981
0 0.25812500000000005 0.13312500000000005 0.22875 0.19374999999999987
0 0.395 0.07937500000000003 0.07750000000000008 0.0837500000000001
0 0.08062500000000006 0.130625 0.11125000000000007 0.13874999999999993
0 0.003124999999999989 0.20312500000000008 0.006249999999999978 0.2087499999999999
0 0.4362500000000001 0.18500000000000005 0.12500000000000006 0.14500000000000002
0 0.75625 0.203125 0.21499999999999986 0.14875000000000016
0 0.5806250000000001 0.20749999999999996 0.12124999999999994 0.15249999999999997
0 0.89875 0.17812500000000003 0.042500000000000246 0.051249999999999886
0 0.9099999999999999 0.24874999999999997 0.0625 0.07500000000000004
0 0.121875 0.39375000000000004 0.19374999999999998 0.18999999999999995
0 0.22125 0.35 0.06749999999999998 0.09749999999999992
0 0.9506250000000002 0.426875 0.09625000000000003 0.15875000000000009
0 0.369375 0.40249999999999997 0.06375000000000001 0.09250000000000003
0 0.7425 0.5193749999999999 0.10249999999999995 0.13624999999999998
0 0.4125 0.5050000000000001 0.07250000000000001 0.10499999999999998
0 0.530625 0.5506249999999999 0.11125000000000007 0.11874999999999991
0 0.07937499999999992 0.6287499999999999 0.15874999999999984 0.24499999999999994
0 0.9181250000000001 0.703125 0.12124999999999986 0.27375
0 0.6475000000000001 0.67125 0.19000000000000003 0.19249999999999998
0 0.9818749999999999 0.7106250000000001 0.036250000000000074 0.21624999999999997
0 0.5081249999999999 0.6481250000000001 0.05875000000000004 0.07625000000000011
0 0.421875 0.8106249999999999 0.10124999999999988 0.1362499999999999
0 0.31625 0.849375 0.17000000000000007 0.20874999999999994
0 0.12375000000000003 0.9168749999999999 0.24750000000000005 0.16624999999999995
0 0.22937500000000002 0.843125 0.0012499999999999734 0.001249999999999929
0 0.0050000000000000044 0.9418749999999999 0.010000000000000009 0.11624999999999996
0 0.42937499999999995 0.95625 0.14375 0.0875
0 0.31124999999999997 0.985 0.07249999999999993 0.030000000000000072
0 0.9356249999999999 0.99 0.12874999999999998 0.019999999999999928
