0 0.985 0.04875 0.030000000000000072 0.0975
0 0.9493750000000001 0.01125 0.09875000000000007 0.0225
0 0.5818749999999999 0.13124999999999998 0.22125000000000003 0.24
0 0.021250000000000047 0.0875 0.04250000000000009 0.12999999999999998
0 0.10812499999999999 0.109375 0.12124999999999997 0.13125
0 0.7037500000000001 0.230625 0.04500000000000011 0.053750000000000055
0 0.50625 0.43624999999999997 0.2625 0.31999999999999995
0 0.700625 0.32 0.05125000000000011 0.06499999999999999
0 0.7193750000000001 0.61375 0.2437500000000002 0.4525
0 0.15562499999999999 0.46125 0.09125000000000003 0.1
0 0.960625 0.559375 0.07874999999999996 0.21125000000000008
0 0.43687499999999996 0.628125 0.22375000000000003 0.22375000000000006
0 0.85625 0.65 0.1425 0.19750000000000006
0 0.10875000000000001 0.640625 0.10749999999999993 0.0987499999999999
0 0.02625000000000005 0.6375 0.0249999999999998 0.039999999999999855
0 0.945625 0.7731250000000001 0.10875000000000004 0.1387500000000001
0 0.8262499999999999 0.8293750000000001 0.10500000000000007 0.21375000000000002
0 0.665 0.843125 0.2 0.21375000000000002
0 0.46875 0.846875 0.195 0.20625
0 0.9368749999999999 0.9237500000000001 0.07125000000000004 0.0875
0 0.568125 0.9706250000000001 0.10375000000000005 0.05875000000000004
0 0.7568750000000001 0.9712500000000001 0.2512500000000001 0.057499999999999926
0 0.4675000000000001 0.9712500000000001 0.07000000000000002 0.057499999999999926
