0 0.143125 0.9625 0.07374999999999998 0.075
0 0.3075 0.91875 0.185 0.1625
0 0.70375 0.92125 0.31999999999999995 0.15749999999999992
0 0.175 0.871875 0.125 0.12124999999999986
0 0.31812500000000005 0.7056250000000001 0.32875 0.24375
0 0.6537499999999999 0.728125 0.10249999999999995 0.18625000000000008
0 0.42750000000000005 0.515625 0.17749999999999994 0.17375000000000007
0 0.65125 0.43249999999999994 0.22750000000000004 0.30749999999999983
0 0.91625 0.43875000000000003 0.16750000000000007 0.2125
0 0.29500000000000004 0.4106249999999999 0.11250000000000004 0.15125000000000002
0 0.490625 0.31 0.14375 0.15249999999999994
0 0.7137499999999999 0.114375 0.13999999999999996 0.22875
0 0.5493750000000001 0.13187500000000008 0.14625000000000005 0.19124999999999992
0 0.41875 0.09999999999999998 0.2125 0.19999999999999996
0 0.224375 0.10999999999999992 0.15375000000000003 0.1525000000000002
0 0.0725 0.06562499999999988 0.06999999999999999 0.12374999999999992
0 0.015625 0.050000000000000044 0.03125 0.09750000000000014
0 0.0125 0.07374999999999987 0.025 0.04499999999999993
0 0.385 0.025000000000000022 0.2575 0.050000000000000044
0 0.21875 0.012500000000000011 0.10999999999999996 0.025000000000000022
0 0.6012500000000001 0.007500000000000007 0.1700000000000001 0.015000000000000013
