0 0.87625 0.1075 0.24750000000000005 0.215
0 0.53125 0.06 0.1924999999999999 0.12
0 0.29125 0.028125 0.14500000000000002 0.05625
0 0.08062500000000006 0.05062500000000001 0.16125000000000012 0.10125000000000002
0 0.406875 0.113125 0.13375000000000004 0.21125
0 0.6481250000000001 0.06875 0.05625 0.042499999999999996
0 0.014375000000000082 0.18125 0.028750000000000164 0.20999999999999996
0 0.31937499999999996 0.13125 0.053749999999999964 0.05249999999999999
0 0.261875 0.15375 0.036250000000000025 0.057499999999999996
0 0.08499999999999996 0.18062499999999998 0.04249999999999998 0.08624999999999998
0 0.724375 0.25187499999999996 0.21124999999999988 0.18875
0 0.8299999999999998 0.190625 0.07499999999999991 0.061249999999999985
0 0.49437500000000006 0.22999999999999998 0.13375000000000004 0.1275
0 0.369375 0.265625 0.1812499999999999 0.17875
0 0.16687500000000005 0.238125 0.09875 0.07875000000000003
0 0.5349999999999999 0.285625 0.09500000000000001 0.10374999999999997
0 0.26187499999999997 0.33812500000000006 0.15875000000000017 0.18125000000000005
0 0.12812500000000004 0.29375 0.12124999999999986 0.09000000000000004
0 0.9306249999999998 0.33499999999999996 0.1387500000000001 0.15999999999999998
0 0.17250000000000004 0.44312500000000005 0.1725 0.24874999999999997
0 0.5575 0.45562500000000006 0.3400000000000001 0.2612500000000001
0 0.375 0.403125 0.0625 0.06374999999999993
0 0.04375000000000001 0.53 0.08750000000000002 0.225
0 0.7725 0.46125000000000005 0.03500000000000005 0.06499999999999995
0 0.36125 0.60625 0.2725000000000001 0.2899999999999999
0 0.015000000000000013 0.7225 0.030000000000000027 0.4525
0 0.8643750000000001 0.5606249999999999 0.05875000000000004 0.08624999999999998
0 0.72625 0.6212500000000001 0.175 0.1999999999999999
0 0.9306249999999998 0.5800000000000001 0.05875000000000004 0.07000000000000002
0 0.53125 0.573125 0.09499999999999993 0.053749999999999964
0 0.12374999999999999 0.605 0.14 0.1174999999999999
0 0.5325 0.696875 0.1 0.16375
0 0.9125 0.6587500000000001 0.04250000000000007 0.057500000000000016
0 0.23937500000000006 0.6918749999999999 0.08124999999999993 0.11875
0 0.8731249999999999 0.69875 0.04124999999999997 0.04499999999999993
0 0.9962500000000001 0.706875 0.007499999999999929 0.053749999999999964
0 0.664375 0.72875 0.01875 0.027500000000000125
0 0.8268749999999999 0.7768749999999999 0.13124999999999992 0.11124999999999999
0 0.10875000000000001 0.8537500000000001 0.21750000000000003 0.25250000000000006
0 0.20187499999999994 0.786875 0.08625000000000019 0.11375000000000002
0 0.756875 0.7643749999999999 0.05124999999999993 0.036249999999999984
0 0.34124999999999994 0.8887499999999999 0.22499999999999995 0.22250000000000006
0 0.745 0.82 0.07249999999999997 0.05249999999999986
0 0.62375 0.8418749999999999 0.08250000000000002 0.09625000000000003
0 0.5443749999999999 0.821875 0.06875 0.053750000000000055
0 0.9893750000000001 0.9306249999999998 0.021250000000000036 0.11124999999999989
0 0.54875 0.93875 0.17999999999999988 0.12250000000000014
0 0.42937499999999995 0.9525 0.09375 0.09499999999999993
0 0.74375 0.9618749999999998 0.11000000000000006 0.07625000000000011
0 0.15625 0.9981249999999999 0.2824999999999999 0.0037499999999999643
