0 0.33562499999999995 0.04312499999999997 0.22374999999999998 0.08624999999999994
0 0.7631249999999999 0.019374999999999976 0.09625000000000013 0.03874999999999995
0 0.8875 0.04375000000000001 0.11500000000000003 0.08750000000000002
0 0.22625000000000006 0.10374999999999997 0.08499999999999996 0.07500000000000007
0 0.704375 0.13062500000000005 0.11375000000000002 0.12624999999999986
0 0.08062500000000006 0.10062499999999996 0.036250000000000115 0.05125000000000002
0 0.9931249999999998 0.13187500000000008 0.013750000000000106 0.06624999999999992
0 0.06125000000000008 0.16499999999999992 0.030000000000000138 0.04500000000000015
0 0.50625 0.21437499999999998 0.13999999999999996 0.1262500000000002
0 0.9974999999999999 0.190625 0.005000000000000071 0.04874999999999994
0 0.19624999999999998 0.2331249999999999 0.11750000000000002 0.11875000000000013
0 0.99875 0.30125 0.002499999999999858 0.14500000000000002
0 0.6981249999999999 0.29500000000000004 0.12374999999999999 0.11000000000000001
0 0.325625 0.293125 0.09874999999999998 0.09375000000000014
0 0.022500000000000075 0.315625 0.04500000000000015 0.07874999999999996
0 0.12687499999999996 0.37375 0.05875000000000008 0.040000000000000036
0 0.72375 0.39749999999999996 0.040000000000000036 0.03499999999999996
0 0.4525 0.4375 0.05499999999999998 0.05
0 0.9949999999999999 0.42937499999999995 0.009999999999999964 0.028750000000000053
0 0.13187499999999996 0.49812500000000004 0.08874999999999988 0.10875000000000004
0 0.24624999999999994 0.48875 0.030000000000000027 0.03499999999999996
0 0.765 0.501875 0.06499999999999995 0.061249999999999895
0 0.520625 0.49312500000000004 0.038750000000000104 0.04125000000000005
0 0.9806250000000001 0.57375 0.03874999999999993 0.15749999999999992
0 0.475 0.53125 0.047500000000000056 0.04250000000000007
0 0.006249999999999978 0.5862499999999999 0.012499999999999956 0.1424999999999999
0 0.849375 0.5668749999999999 0.09375 0.05625
0 0.5549999999999999 0.550625 0.025 0.021250000000000036
0 0.05500000000000005 0.561875 0.030000000000000027 0.036249999999999984
0 0.8625 0.699375 0.175 0.23124999999999982
0 0.9506249999999999 0.7231249999999999 0.09875000000000007 0.18624999999999997
0 0.70375 0.803125 0.29000000000000015 0.33125
0 0.45 0.6793750000000001 0.06750000000000007 0.06875
0 0.475 0.7637499999999999 0.13999999999999996 0.22250000000000006
0 0.24875000000000003 0.73125 0.01750000000000007 0.02250000000000014
0 0.028749999999999942 0.784375 0.057499999999999885 0.07124999999999986
0 0.38125 0.83625 0.09749999999999988 0.10500000000000016
0 0.6537499999999999 0.8850000000000001 0.0875 0.10250000000000004
0 0.30624999999999997 0.8825 0.07999999999999999 0.040000000000000036
0 0.9349999999999999 0.95375 0.13000000000000006 0.09250000000000007
0 0.10562500000000004 0.9349999999999999 0.06125000000000014 0.04499999999999993
0 0.05499999999999999 0.9487500000000001 0.015000000000000013 0.022499999999999964
0 0.72875 0.99 0.047499999999999966 0.019999999999999928
