0 0.28687500000000005 0.023125 0.09125000000000001 0.04625
0 0.8025 0.005625 0.08250000000000002 0.01125
0 0.73125 0.006875000000000001 0.029999999999999895 0.013750000000000002
0 0.9662499999999999 0.048125 0.06750000000000007 0.09625
0 0.50625 0.078125 0.05249999999999995 0.05874999999999999
0 0.19187500000000002 0.175625 0.22374999999999998 0.24874999999999997
0 0.81375 0.12375 0.125 0.1275
0 0.029375000000000002 0.08875 0.03875000000000001 0.05
0 0.9349999999999999 0.17187499999999997 0.11750000000000008 0.12624999999999997
0 0.619375 0.20750000000000002 0.09624999999999995 0.09
0 0.74375 0.244375 0.11499999999999985 0.11375000000000002
0 0.08249999999999999 0.3175 0.08499999999999999 0.07499999999999996
0 0.5606250000000002 0.344375 0.11375000000000002 0.12624999999999992
0 0.8768750000000001 0.34562499999999996 0.06875 0.06624999999999996
0 0.3625 0.428125 0.14000000000000004 0.12625000000000006
0 0.8856249999999999 0.40437500000000004 0.06875000000000017 0.04875000000000007
0 0.055625 0.446875 0.11125 0.11875
0 0.91375 0.515 0.1200000000000001 0.14500000000000002
0 0.554375 0.5087499999999999 0.12374999999999999 0.10999999999999996
0 0.181875 0.506875 0.09874999999999998 0.09374999999999992
0 0.00625 0.5875 0.0125 0.040000000000000036
0 0.5800000000000001 0.6112500000000001 0.039999999999999945 0.03500000000000005
0 0.89375 0.61875 0.027499999999999858 0.022499999999999964
0 0.30874999999999997 0.6512499999999999 0.05499999999999998 0.050000000000000086
0 0.8587499999999999 0.6431250000000001 0.02500000000000018 0.028749999999999876
0 0.01625 0.7118749999999999 0.0325 0.10875000000000004
0 0.1025 0.7025 0.02999999999999998 0.03499999999999988
0 0.6212500000000001 0.715625 0.06500000000000003 0.061249999999999895
0 0.37687499999999996 0.706875 0.03875000000000002 0.04124999999999997
0 0.8975000000000002 0.7875 0.15999999999999998 0.15749999999999992
0 0.33125 0.7449999999999999 0.047499999999999966 0.04249999999999998
0 0.705625 0.780625 0.09375 0.05625000000000009
0 0.41125 0.764375 0.025 0.021249999999999946
0 0.9974999999999999 0.785625 0.005000000000000071 0.028749999999999963
0 0.71875 0.89875 0.175 0.20250000000000004
0 0.8375 0.921875 0.16000000000000014 0.15625
0 0.5599999999999999 0.9256249999999999 0.29000000000000004 0.14875000000000008
0 0.30625 0.8931250000000001 0.06750000000000003 0.06875
0 0.33125 0.9331250000000001 0.14000000000000004 0.13375000000000004
0 0.9724999999999999 0.9581250000000001 0.05500000000000007 0.08375000000000003
0 0.10500000000000001 0.945 0.017499999999999995 0.022499999999999964
0 0.2375 0.99875 0.09749999999999999 0.002499999999999858
