0 0.04749999999999999 0.354375 0.0625 0.08874999999999997
0 0.10187500000000005 0.4106249999999999 0.09375 0.13374999999999995
0 0.64625 0.43125 0.1325 0.1125
0 0.489375 0.4425 0.10374999999999997 0.10999999999999996
0 0.8149999999999998 0.445625 0.10999999999999996 0.11374999999999998
0 0.30437499999999995 0.453125 0.14625 0.12875
0 0.030000000000000082 0.47750000000000004 0.060000000000000164 0.09250000000000007
0 0.28374999999999995 0.583125 0.20250000000000012 0.16624999999999995
0 0.159375 0.639375 0.13125 0.08125000000000009
0 0.006249999999999978 0.6581250000000001 0.012499999999999956 0.06874999999999991
0 0.30625 0.735 0.11250000000000004 0.12749999999999995
0 0.04999999999999999 0.758125 0.09999999999999998 0.15125000000000002
0 0.1375 0.813125 0.16249999999999998 0.16374999999999992
0 0.40625 0.789375 0.11000000000000014 0.1062500000000001
0 0.641875 0.8731249999999999 0.07374999999999998 0.10374999999999997
0 0.22500000000000003 0.9268750000000001 0.15000000000000002 0.14125000000000015
0 0.8625 0.914375 0.1049999999999999 0.10875000000000004
0 0.34249999999999997 0.9243750000000001 0.057499999999999975 0.08625000000000008
0 0.436875 0.9668749999999999 0.04125000000000005 0.05125000000000011
0 0.10875000000000001 0.99875 0.21750000000000003 0.002499999999999858
