0 0.9981249999999999 0.014375000000000082 0.0037499999999999643 0.028750000000000164
0 0.9862500000000001 0.20812499999999998 0.027500000000000035 0.07125000000000001
0 0.9006250000000001 0.05937500000000001 0.14874999999999988 0.11875000000000002
0 0.921875 0.61375 0.053750000000000145 0.040000000000000036
0 0.898125 0.99 0.06624999999999996 0.019999999999999928
0 0.89875 0.20312500000000008 0.06500000000000003 0.1462499999999999
0 0.8243750000000001 0.36375 0.18125 0.24249999999999988
0 0.8625 0.929375 0.05250000000000021 0.051249999999999754
0 0.806875 0.0625 0.05124999999999993 0.07250000000000023
0 0.803125 0.9368749999999999 0.04125000000000014 0.03624999999999989
0 0.7368750000000001 0.7456250000000001 0.13125 0.12625000000000003
0 0.710625 0.9475 0.12375000000000007 0.10500000000000007
0 0.715 0.0037499999999999756 0.07249999999999997 0.007499999999999951
0 0.6925000000000001 0.08187499999999992 0.09500000000000001 0.12124999999999986
0 0.628125 0.5399999999999999 0.10374999999999987 0.07750000000000004
0 0.590625 0.73375 0.13874999999999993 0.10499999999999998
0 0.5868749999999999 0.6143750000000001 0.12374999999999989 0.12625000000000003
0 0.506875 0.9887499999999999 0.21875 0.022499999999999964
0 0.48500000000000004 0.1999999999999999 0.10750000000000011 0.11500000000000007
0 0.38625 0.23562499999999992 0.08000000000000007 0.34374999999999994
0 0.31124999999999997 0.511875 0.13249999999999992 0.16624999999999995
0 0.27 0.9881249999999999 0.20750000000000002 0.02375000000000007
0 0.29437499999999994 0.960625 0.10874999999999999 0.07874999999999996
0 0.27437500000000004 0.67125 0.04124999999999997 0.09000000000000012
0 0.22874999999999995 0.8299999999999998 0.07500000000000004 0.09499999999999993
