0 0.20625 0.891875 0.24250000000000008 0.21625000000000005
0 0.18312500000000004 0.72875 0.18624999999999994 0.19500000000000012
0 0.6068749999999999 0.6525 0.08625000000000008 0.11500000000000003
0 0.15625 0.4893749999999999 0.16749999999999998 0.29874999999999996
0 0.24874999999999997 0.4200000000000001 0.14000000000000004 0.15750000000000003
0 0.381875 0.386875 0.1687500000000001 0.14124999999999996
0 0.5237499999999999 0.42124999999999996 0.040000000000000036 0.047499999999999966
0 0.5193749999999999 0.33999999999999997 0.07875000000000006 0.09250000000000003
0 0.40062499999999995 0.2425 0.15624999999999994 0.2174999999999999
0 0.9550000000000001 0.26937500000000003 0.09000000000000004 0.11624999999999996
0 0.7375 0.18562499999999993 0.12249999999999997 0.14875000000000016
0 0.5931249999999999 0.12125000000000004 0.21624999999999997 0.24250000000000008
0 0.08500000000000008 0.12625000000000003 0.17000000000000015 0.14249999999999996
0 0.283125 0.04124999999999995 0.12124999999999994 0.0824999999999999
