0 0.914375 0.18562499999999998 0.17125000000000004 0.14125000000000001
0 0.02999999999999997 0.175 0.0525000000000001 0.057499999999999975
0 0.940625 0.30812500000000004 0.11875 0.24125000000000005
0 0.69875 0.3275 0.23499999999999996 0.20750000000000002
0 0.8556249999999999 0.31875000000000003 0.05125000000000011 0.08500000000000005
0 0.8787500000000001 0.45375 0.17500000000000018 0.15999999999999992
0 0.23187499999999997 0.42687500000000006 0.02874999999999992 0.02624999999999993
0 0.1412500000000001 0.5 0.05750000000000011 0.057500000000000016
0 0.540625 0.624375 0.32125000000000004 0.24875000000000008
0 0.053749999999999964 0.5918749999999999 0.06499999999999995 0.06625000000000006
0 0.4387499999999999 0.83625 0.34500000000000003 0.3275
0 0.641875 0.7637499999999999 0.08125000000000009 0.07999999999999999
0 0.08937499999999998 0.853125 0.17874999999999996 0.18125
0 0.58375 0.8162499999999999 0.08250000000000002 0.07499999999999991
0 0.23062500000000002 0.8487499999999999 0.11625000000000008 0.12999999999999998
0 0.996875 0.8525 0.00625 0.1325
0 0.90625 0.871875 0.11499999999999985 0.09625000000000003
0 0.975 0.8993749999999998 0.05 0.04874999999999989
0 0.8393750000000001 0.9556250000000001 0.0862499999999999 0.08874999999999993
0 0.200625 0.963125 0.13875000000000004 0.07375000000000007
0 0.9668749999999999 0.9643750000000001 0.06624999999999996 0.07125000000000004
0 0.070625 0.9806250000000001 0.14125 0.03874999999999993
0 0.38062500000000005 0.9862500000000001 0.1912500000000002 0.027500000000000035
