0 0.4025 0.05312499999999998 0.18000000000000008 0.10624999999999996
0 0.09562499999999996 0.028749999999999942 0.19124999999999992 0.057499999999999885
0 0.509375 0.08187499999999998 0.21375000000000002 0.15374999999999972
0 0.053750000000000075 0.10374999999999997 0.10750000000000015 0.13750000000000007
0 0.20312499999999994 0.11937500000000005 0.026250000000000218 0.03375000000000006
0 0.18875000000000003 0.3025 0.07249999999999993 0.08499999999999996
0 0.599375 0.34312499999999996 0.19625000000000004 0.13875000000000007
0 0.375625 0.31999999999999995 0.06374999999999993 0.07499999999999996
0 0.27875 0.315625 0.03500000000000005 0.03874999999999993
0 0.09124999999999994 0.35125 0.07499999999999996 0.1
0 0.023125000000000007 0.35 0.04625000000000001 0.08750000000000005
0 0.46125 0.35500000000000004 0.07999999999999989 0.0750000000000001
0 0.69875 0.396875 0.04249999999999989 0.06375000000000006
0 0.36312500000000003 0.6275000000000001 0.02124999999999999 0.019999999999999928
0 0.8400000000000001 0.709375 0.15750000000000003 0.15375000000000005
0 0.296875 0.6993750000000001 0.05875000000000004 0.05625
0 0.5 0.7675 0.17750000000000005 0.17750000000000005
0 0.960625 0.7631249999999999 0.07125000000000004 0.11625000000000005
0 0.774375 0.8675 0.19875000000000007 0.265
0 0.665625 0.7637499999999999 0.07875000000000014 0.04500000000000002
0 0.858125 0.81375 0.13874999999999993 0.09499999999999993
0 0.5356249999999999 0.8712500000000001 0.06375000000000001 0.0625
0 0.465 0.905 0.06750000000000007 0.075
0 0.4856249999999999 0.974375 0.061249999999999985 0.05124999999999993
0 0.616875 0.9974999999999999 0.10625 0.005000000000000071
