0 0.2425 0.00187499999999996 0.23499999999999996 0.00374999999999992
0 0.224375 0.05124999999999991 0.08875000000000002 0.0625
0 0.280625 0.10562500000000008 0.13374999999999995 0.09375
0 0.30125 0.65 0.11249999999999996 0.1325
0 0.3125 0.49312500000000004 0.10999999999999996 0.10374999999999997
0 0.315625 0.81875 0.11375000000000002 0.11000000000000006
0 0.323125 0.308125 0.12875 0.14625000000000005
0 0.34750000000000003 0.03187499999999999 0.09249999999999999 0.06374999999999997
0 0.453125 0.2875 0.16624999999999995 0.20249999999999999
0 0.509375 0.16312499999999996 0.08125 0.1312500000000001
0 0.528125 0.008124999999999993 0.06875 0.016249999999999987
0 0.605 0.31 0.12750000000000003 0.1124999999999999
0 0.628125 0.051875000000000004 0.15124999999999994 0.10375000000000001
0 0.683125 0.1412500000000001 0.16375000000000012 0.1624999999999999
0 0.659375 0.41 0.10625 0.10999999999999996
0 0.743125 0.6456250000000001 0.10374999999999997 0.07374999999999998
0 0.796875 0.22875000000000006 0.14125000000000015 0.1499999999999998
0 0.784375 0.86625 0.10874999999999994 0.10500000000000007
0 0.7943749999999999 0.34625 0.08625000000000008 0.057500000000000016
0 0.836875 0.440625 0.05124999999999993 0.04125000000000005
0 0.9337500000000001 0.11062499999999997 0.13249999999999992 0.22124999999999995
0 0.889375 0.1675000000000001 0.028750000000000143 0.027499999999999858
0 0.915625 0.23124999999999996 0.07125000000000004 0.07250000000000004
