0 0.5900000000000001 0.01625 0.18000000000000008 0.0325
0 0.48312499999999997 0.0425 0.21374999999999997 0.085
0 0.9425000000000001 0.049375 0.11500000000000003 0.09875
0 0.789375 0.045625000000000006 0.026250000000000016 0.033749999999999995
0 0.80375 0.22875 0.07250000000000005 0.08499999999999999
0 0.39312500000000006 0.26937500000000003 0.1962500000000001 0.13875
0 0.6168750000000001 0.24625 0.06375000000000011 0.075
0 0.71375 0.241875 0.03499999999999996 0.03874999999999997
0 0.9012499999999999 0.2775 0.075 0.10000000000000005
0 0.9731249999999999 0.27625 0.053749999999999964 0.0875
0 0.53125 0.28125 0.07999999999999999 0.075
0 0.29375 0.323125 0.04249999999999998 0.06374999999999997
0 0.629375 0.55375 0.021250000000000036 0.019999999999999928
0 0.1525 0.6356249999999999 0.15750000000000003 0.15375000000000005
0 0.6956249999999999 0.6256250000000001 0.05875000000000004 0.05625
0 0.4925 0.69375 0.17750000000000005 0.17749999999999994
0 0.03375 0.6893750000000001 0.0675 0.11625000000000005
0 0.21812499999999999 0.8306250000000001 0.19874999999999998 0.33875
0 0.32687499999999997 0.6900000000000001 0.07875000000000001 0.04500000000000002
0 0.13437499999999997 0.74 0.13874999999999998 0.09500000000000001
0 0.456875 0.7975 0.06375000000000001 0.0625
0 0.5275000000000001 0.83125 0.06750000000000007 0.075
0 0.506875 0.9043749999999999 0.061249999999999985 0.05875000000000004
0 0.37562500000000004 0.960625 0.10625000000000004 0.07874999999999996
0 0.495625 0.975 0.15875000000000003 0.05
0 0.635 0.985625 0.09500000000000001 0.028750000000000143
