0 0.7525000000000001 0.064375 0.18000000000000008 0.12875
0 0.08875 0.1 0.1775 0.2
0 0.465 0.0925 0.16 0.14500000000000002
0 0.33062500000000006 0.045 0.06375000000000006 0.045000000000000005
0 0.25375 0.090625 0.12 0.12625000000000003
0 0.97875 0.09937500000000002 0.04250000000000007 0.12875
0 0.60375 0.11312499999999999 0.07750000000000004 0.07124999999999998
0 0.83375 0.22312500000000002 0.2800000000000001 0.22624999999999998
0 0.6025 0.16875 0.04250000000000007 0.04500000000000002
0 0.221875 0.250625 0.16875000000000004 0.18125
0 0.414375 0.23125 0.09124999999999997 0.07250000000000001
0 0.985 0.290625 0.030000000000000072 0.10625
0 0.011875000000000024 0.265625 0.02375000000000005 0.028750000000000053
0 0.9974999999999999 0.3275 0.005000000000000071 0.14750000000000005
0 0.016874999999999918 0.335625 0.033749999999999836 0.12624999999999997
0 0.621875 0.3175 0.09375 0.08499999999999996
0 0.5756249999999999 0.40625 0.07875000000000006 0.075
0 0.8149999999999998 0.5231250000000001 0.3475 0.24375
0 0.39625 0.4831250000000001 0.1325 0.11375000000000002
0 0.2 0.4956250000000001 0.10750000000000007 0.13374999999999995
0 0.403125 0.5650000000000001 0.04375 0.0375
0 0.20437500000000003 0.593125 0.036250000000000025 0.03374999999999995
0 0.425 0.621875 0.06249999999999996 0.061249999999999895
0 0.553125 0.7125 0.08875000000000002 0.175
0 0.7456250000000001 0.7856249999999999 0.3437500000000001 0.30625
0 0.01375000000000004 0.673125 0.02750000000000008 0.07625000000000011
0 0.9506249999999999 0.8856249999999999 0.09875000000000007 0.22874999999999995
0 0.495 0.8149999999999998 0.040000000000000036 0.047499999999999966
0 0.545625 0.8725000000000002 0.07875000000000006 0.12750000000000003
0 0.9318749999999998 0.8625 0.046250000000000034 0.0825000000000001
0 0.595625 0.9650000000000001 0.06624999999999996 0.06999999999999992
