0 0.04625 0.845 0.0925 0.24750000000000005
0 0.00375 0.530625 0.0075 0.18375000000000014
0 0.12187499999999998 0.4987500000000001 0.23374999999999999 0.1325
0 0.275 0.464375 0.05499999999999998 0.1137500000000001
0 0.27375 0.5668749999999999 0.047499999999999966 0.04874999999999998
0 0.29812500000000003 0.8381250000000001 0.04875000000000003 0.09625000000000003
0 0.406875 0.48187500000000005 0.19124999999999992 0.22874999999999995
0 0.39 0.80625 0.10249999999999995 0.15250000000000014
0 0.43937499999999996 0.43812500000000004 0.07125000000000004 0.08874999999999997
0 0.521875 0.73125 0.18624999999999997 0.1375
0 0.525 0.835625 0.15 0.07874999999999996
0 0.554375 0.570625 0.1437499999999999 0.09874999999999998
0 0.535625 0.6475 0.08874999999999993 0.05499999999999998
0 0.600625 0.4125 0.13875 0.12000000000000002
0 0.620625 0.6368750000000001 0.06374999999999993 0.07124999999999986
0 0.709375 0.365 0.013750000000000017 0.020000000000000018
0 0.85 0.39187500000000003 0.2800000000000001 0.19375
0 0.88125 0.670625 0.2375 0.34125000000000016
0 0.9581250000000001 0.323125 0.08375000000000003 0.10125000000000006
