0 0.19187500000000002 0.9237500000000001 0.38375000000000004 0.15250000000000002
0 0.04124999999999995 0.7856250000000001 0.0824999999999999 0.13875
0 0.11249999999999986 0.798125 0.09249999999999992 0.10374999999999997
0 0.323125 0.8162500000000001 0.05625000000000013 0.05250000000000003
0 0.3275 0.680625 0.1399999999999999 0.23625
0 0.5393749999999999 0.6074999999999999 0.30125 0.20749999999999993
0 0.410625 0.553125 0.15375 0.13875
0 0.22999999999999998 0.603125 0.047499999999999876 0.03125
0 0.26187499999999997 0.5299999999999999 0.06125000000000003 0.06749999999999998
0 0.390625 0.388125 0.14124999999999982 0.14625000000000013
0 0.525625 0.311875 0.17375000000000007 0.16625
0 0.766875 0.33999999999999997 0.07874999999999996 0.08499999999999996
0 0.974375 0.20749999999999993 0.05124999999999993 0.16249999999999995
0 0.23812500000000006 0.21875000000000006 0.16375000000000006 0.12999999999999978
0 0.1775 0.12437500000000001 0.28500000000000014 0.24875000000000003
0 0.42750000000000005 0.188125 0.09500000000000001 0.08374999999999999
0 0.03187499999999999 0.13062500000000005 0.06374999999999997 0.10625000000000007
0 0.9375 0.09312500000000007 0.09250000000000007 0.15874999999999984
0 0.3275 0.08625 0.17999999999999994 0.15249999999999997
0 0.0025000000000000577 0.08750000000000002 0.0050000000000001155 0.06750000000000012
0 0.8318749999999999 0.07374999999999987 0.06875 0.04499999999999993
0 0.018125000000000058 0.04062500000000002 0.036250000000000115 0.08125000000000004
0 0.3949999999999999 0.030625000000000013 0.11750000000000002 0.06125000000000003
0 0.8787499999999999 0.022500000000000075 0.05999999999999979 0.04500000000000015
