0 0.974375 0.316875 0.05124999999999993 0.11375000000000002
0 0.82 0.32375 0.1200000000000001 0.11249999999999996
0 0.41 0.499375 0.17 0.16375
0 0.13374999999999998 0.453125 0.0675 0.06624999999999996
0 0.5325 0.46187500000000004 0.047499999999999966 0.06624999999999996
0 0.6693749999999999 0.5106249999999999 0.20125 0.13875
0 0.013125000000000001 0.5050000000000001 0.026250000000000002 0.12250000000000005
0 0.8881249999999999 0.51875 0.22374999999999998 0.125
0 0.29125 0.538125 0.047499999999999966 0.06374999999999993
0 0.060625 0.57 0.09624999999999999 0.10249999999999995
0 0.97875 0.6 0.04250000000000007 0.1325
0 0.546875 0.641875 0.12375000000000007 0.13624999999999998
0 0.9425000000000001 0.7431249999999999 0.11500000000000003 0.14374999999999982
0 0.108125 0.7162499999999999 0.05625 0.08249999999999993
0 0.576875 0.883125 0.23374999999999996 0.17125000000000004
0 0.366875 0.8962500000000002 0.16625 0.17249999999999996
0 0.9443750000000002 0.89 0.11124999999999989 0.13249999999999992
0 0.489375 0.9643750000000001 0.40625 0.07125000000000004
