0 0.9824999999999999 0.36187499999999995 0.03499999999999996 0.09124999999999997
0 0.99875 0.80625 0.002499999999999858 0.030000000000000072
0 0.9331250000000001 0.58125 0.05874999999999986 0.05249999999999995
0 0.835625 0.266875 0.24875000000000008 0.22374999999999998
0 0.8875 0.8887500000000002 0.12750000000000003 0.125
0 0.9225 0.10437500000000002 0.05 0.03874999999999999
0 0.9168749999999999 0.013750000000000002 0.038750000000000104 0.027500000000000004
0 0.8393750000000001 0.9756250000000002 0.12625000000000003 0.04874999999999989
0 0.860625 0.000625 0.06125000000000007 0.00125
0 0.8037500000000002 0.6943750000000001 0.09000000000000004 0.09625000000000003
0 0.766875 0.81875 0.1137500000000001 0.11499999999999995
0 0.69375 0.15750000000000003 0.075 0.08499999999999999
0 0.6668749999999999 0.6356249999999999 0.12625000000000003 0.11375000000000002
0 0.696875 0.015 0.05124999999999993 0.03
0 0.665625 0.951875 0.06624999999999988 0.06874999999999983
0 0.6325000000000001 0.00375 0.04500000000000011 0.0075
0 0.5831250000000001 0.4375 0.12625000000000003 0.13999999999999996
0 0.6068749999999999 0.960625 0.04874999999999998 0.06875
0 0.5643750000000001 0.1275 0.11875000000000009 0.11750000000000001
0 0.49625 0.9643750000000001 0.14500000000000002 0.07125000000000004
0 0.5025000000000001 0.629375 0.11000000000000006 0.12375000000000007
0 0.504375 0.25687499999999996 0.09375 0.09875000000000003
0 0.42375000000000007 0.058125 0.039999999999999945 0.05874999999999999
0 0.39999999999999997 0.655 0.03500000000000005 0.040000000000000036
0 0.3925 0.96875 0.022500000000000055 0.027500000000000212
0 0.36 0.38375 0.050000000000000044 0.05499999999999998
0 0.3681249999999999 0.9337500000000001 0.02874999999999992 0.025
0 0.29937500000000006 0.063125 0.10874999999999999 0.08875
0 0.30875 0.1775 0.03500000000000001 0.030000000000000006
0 0.295625 0.6962499999999999 0.061249999999999985 0.06500000000000003
0 0.30437499999999995 0.4518750000000001 0.04125000000000001 0.03875000000000002
0 0.22374999999999995 0.9462499999999998 0.15750000000000008 0.10750000000000011
0 0.26625 0.40625 0.04249999999999998 0.047499999999999966
0 0.23062500000000002 0.780625 0.05625 0.09375
0 0.24687499999999996 0.48625000000000007 0.021249999999999946 0.025000000000000088
0 0.23562500000000003 0.000625 0.036250000000000025 0.00125
0 0.10687500000000001 0.79375 0.21375000000000002 0.175
0 0.08375000000000005 0.9125 0.1675000000000001 0.16000000000000014
0 0.07999999999999996 0.635 0.15999999999999992 0.29000000000000004
0 0.11812500000000004 0.38125 0.06875000000000009 0.06749999999999998
0 0.07249999999999995 0.40625 0.1449999999999999 0.14000000000000004
0 0.06625000000000003 0.18 0.022499999999999964 0.01749999999999998
0 0.0068750000000000755 0.3125 0.013750000000000151 0.09750000000000006
