0 0.169375 0.02375 0.18374999999999997 0.0475
0 0.6625 0.059375 0.1875 0.11875
0 0.35 0.140625 0.17500000000000004 0.26125
0 0.19874999999999998 0.11000000000000001 0.05250000000000001 0.13499999999999998
0 0.09562500000000002 0.1775 0.09625000000000006 0.10250000000000001
0 0.5487500000000001 0.18687499999999999 0.10249999999999995 0.09125000000000003
0 0.15250000000000002 0.254375 0.0975 0.06625
0 0.5525 0.40062499999999995 0.5549999999999999 0.26624999999999993
0 0.97625 0.375 0.047499999999999966 0.04500000000000002
0 0.04937500000000006 0.436875 0.09875000000000012 0.12375000000000007
0 0.21125 0.45812500000000006 0.13000000000000003 0.13624999999999998
0 0.87375 0.524375 0.25249999999999995 0.22374999999999998
0 0.49625 0.5262499999999999 0.06750000000000007 0.02999999999999998
0 0.041874999999999996 0.5774999999999999 0.08374999999999999 0.10999999999999996
0 0.5725 0.561875 0.06500000000000003 0.04375
0 0.15812500000000007 0.61625 0.11874999999999991 0.12000000000000002
0 0.8106250000000002 0.595625 0.03125000000000009 0.028749999999999963
0 0.7893749999999999 0.7318749999999999 0.05875000000000004 0.05625
0 0.13437500000000002 0.781875 0.09375 0.11625000000000005
0 0.679375 0.750625 0.021249999999999946 0.05125000000000002
0 0.28125 0.8675 0.20500000000000007 0.14749999999999996
0 0.7706250000000001 0.82 0.02624999999999984 0.029999999999999895
0 0.0025000000000000577 0.89 0.0050000000000001155 0.06999999999999992
0 0.8237500000000001 0.8775000000000001 0.03750000000000018 0.025
0 0.100625 0.9425000000000001 0.20125 0.11500000000000003
0 0.488125 0.9506249999999999 0.05874999999999995 0.053750000000000145
0 0.79375 0.9431249999999999 0.027499999999999858 0.03375000000000004
0 0.365 0.971875 0.1750000000000001 0.05625
0 0.009999999999999953 0.9962500000000001 0.019999999999999907 0.007499999999999929
