0 0.465 0.026250000000000002 0.18000000000000008 0.052500000000000005
0 0.7924999999999999 0.001875 0.23249999999999985 0.00375
0 0.965625 0.011875 0.06875 0.02375
0 0.35812499999999997 0.052500000000000005 0.21375000000000005 0.10500000000000001
0 0.8724999999999999 0.059375 0.225 0.11875
0 0.664375 0.065625 0.026250000000000016 0.03375
0 0.67875 0.24874999999999997 0.07249999999999997 0.085
0 0.26812500000000006 0.28937500000000005 0.19624999999999998 0.13875
0 0.9225 0.23562500000000003 0.0625 0.031249999999999955
0 0.4918750000000001 0.26625 0.06375000000000001 0.075
0 0.58875 0.26187499999999997 0.03499999999999996 0.03875000000000002
0 0.7762499999999999 0.2975 0.07499999999999991 0.09999999999999995
0 0.859375 0.29625 0.07624999999999993 0.08750000000000005
0 0.40625 0.30125 0.07999999999999993 0.07500000000000004
0 0.16875 0.343125 0.0425 0.06374999999999997
0 0.504375 0.57375 0.021250000000000036 0.020000000000000108
0 0.053125 0.655625 0.10625 0.15375000000000005
0 0.5706249999999999 0.6456250000000001 0.05875000000000004 0.05624999999999991
0 0.3675 0.71375 0.1775 0.17750000000000005
0 0.09625 0.840625 0.1925 0.31875
0 0.20187499999999997 0.71 0.07875000000000001 0.04500000000000002
0 0.039375 0.76 0.07875 0.09499999999999993
0 0.33187500000000003 0.8175000000000001 0.06375000000000001 0.06250000000000008
0 0.4025 0.85125 0.06750000000000007 0.07500000000000018
0 0.381875 0.9243749999999998 0.061249999999999985 0.05875000000000004
0 0.250625 0.9706250000000001 0.10625 0.05875000000000004
0 0.370625 0.985 0.15875 0.030000000000000072
0 0.51 0.9956250000000001 0.09500000000000001 0.008750000000000036
