0 0.55375 0.303125 0.16999999999999993 0.18125
0 0.79375 0.3975000000000001 0.13249999999999992 0.12500000000000006
0 0.39437500000000003 0.5487500000000001 0.053749999999999964 0.05499999999999998
0 0.8306250000000001 0.594375 0.06375000000000001 0.07374999999999998
0 0.9675 0.6643749999999999 0.047499999999999966 0.06375000000000011
0 0.6456250000000001 0.7125 0.1437500000000001 0.15500000000000008
0 0.811875 0.7056250000000001 0.10125000000000002 0.13625000000000007
0 0.9268750000000001 0.665 0.038750000000000104 0.04999999999999991
0 0.8918750000000001 0.6849999999999999 0.03874999999999993 0.06749999999999998
0 0.7518750000000001 0.75125 0.023749999999999983 0.022499999999999964
0 0.41125000000000006 0.7787499999999999 0.050000000000000086 0.04250000000000007
0 0.35812499999999997 0.793125 0.04874999999999994 0.043749999999999824
0 0.7193750000000001 0.7862500000000001 0.013750000000000106 0.01249999999999991
0 0.5725 0.905 0.2975 0.18999999999999986
0 0.663125 0.881875 0.08875000000000002 0.11374999999999993
0 0.21374999999999994 0.8506250000000002 0.04500000000000006 0.04375000000000018
0 0.00187499999999996 0.93 0.00374999999999992 0.14000000000000004
0 0.03125 0.9043749999999999 0.0625 0.0737499999999999
0 0.15437499999999993 0.921875 0.03874999999999984 0.04125000000000014
0 0.8587499999999999 0.9400000000000001 0.037499999999999825 0.057499999999999926
