0 0.704375 0.0375 0.09375 0.075
0 0.27625 0.02375 0.022499999999999964 0.03
0 0.710625 0.15562499999999999 0.16625000000000006 0.16124999999999998
0 0.6375 0.370625 0.3425000000000001 0.23625000000000002
0 0.275 0.3325 0.1375 0.14500000000000007
0 0.43062500000000004 0.43125 0.08125 0.1399999999999999
0 0.32 0.42125 0.10250000000000004 0.08750000000000005
0 0.008125 0.43812500000000004 0.01625 0.09125000000000001
0 0.8324999999999999 0.5206250000000001 0.0625 0.08125000000000009
0 0.035 0.5325 0.07 0.07750000000000004
0 0.35750000000000004 0.5800000000000001 0.10250000000000004 0.10750000000000001
0 0.130625 0.5518750000000001 0.04625000000000001 0.043749999999999914
0 0.01 0.584375 0.02 0.05625
0 0.11687499999999999 0.6143750000000001 0.06874999999999999 0.06375000000000001
0 0.846875 0.6824999999999999 0.18875000000000003 0.1999999999999999
0 0.036875 0.618125 0.07375 0.06374999999999993
0 0.02125 0.6893749999999998 0.0425 0.06375000000000001
0 0.099375 0.82875 0.19875 0.3425000000000001
0 0.08375000000000002 0.6912499999999999 0.03500000000000001 0.05999999999999996
0 0.040625 0.7081249999999999 0.05875000000000001 0.08875000000000002
0 0.37625000000000003 0.725625 0.14750000000000002 0.11374999999999993
0 0.175 0.765 0.09249999999999999 0.09499999999999993
0 0.334375 0.764375 0.03375000000000004 0.05625
0 0.398125 0.8143750000000001 0.046250000000000034 0.03875000000000002
0 0.35 0.85625 0.11999999999999997 0.1049999999999999
0 0.181875 0.8931250000000001 0.09625000000000002 0.10374999999999979
0 0.2568750000000001 0.905 0.04624999999999999 0.04249999999999989
0 0.08937500000000001 0.9243750000000001 0.048749999999999995 0.05625
0 0.14500000000000002 0.9237500000000001 0.024999999999999977 0.02250000000000014
0 0.026875 0.9981249999999999 0.05375 0.0037499999999999643
