0 0.6381249999999999 0.0175 0.1537499999999999 0.035
0 0.991875 0.075 0.016249999999999966 0.11000000000000001
0 0.40062499999999995 0.10375000000000001 0.01875 0.057500000000000016
0 0.9881249999999999 0.18 0.02375000000000007 0.1275
0 0.269375 0.15 0.051249999999999976 0.0375
0 0.32625000000000004 0.24874999999999997 0.075 0.09749999999999996
0 0.06000000000000001 0.265 0.034999999999999996 0.04750000000000001
0 0.19749999999999995 0.32562499999999994 0.11249999999999998 0.14375000000000004
0 0.368125 0.32375 0.08624999999999998 0.085
0 0.10625 0.434375 0.017500000000000005 0.03125
0 0.733125 0.605 0.06875 0.13250000000000012
0 0.635 0.5912499999999999 0.08749999999999991 0.0875
0 0.3825 0.6675000000000001 0.1700000000000001 0.20249999999999996
0 0.909375 0.6018749999999999 0.036250000000000074 0.028749999999999963
0 0.22312500000000002 0.694375 0.14625000000000005 0.1687500000000001
0 0.030625000000000003 0.7474999999999999 0.061250000000000006 0.205
0 0.6375 0.7025 0.15 0.11499999999999995
0 0.9206249999999999 0.67625 0.02375000000000007 0.05250000000000003
0 0.9712500000000001 0.7075 0.0375 0.030000000000000072
0 0.9256250000000001 0.734375 0.016249999999999966 0.033749999999999857
0 0.75125 0.789375 0.0875 0.1062500000000001
0 0.64125 0.8324999999999999 0.08499999999999996 0.07499999999999991
0 0.9237500000000001 0.813125 0.020000000000000108 0.036249999999999984
0 0.43 0.8743749999999999 0.0875 0.10875000000000004
0 0.5449999999999999 0.8675 0.05499999999999998 0.05999999999999996
0 0.29625 0.9168749999999999 0.135 0.1362499999999999
0 0.999375 0.8931250000000001 0.001249999999999929 0.08625000000000008
0 0.755 0.9099999999999999 0.09000000000000004 0.09250000000000007
0 0.004375 0.940625 0.00875 0.11875
0 0.440625 0.9568749999999999 0.16374999999999992 0.08625000000000008
0 0.53125 0.9600000000000002 0.08249999999999993 0.07999999999999989
0 0.64625 0.9737500000000001 0.13000000000000006 0.05250000000000003
0 0.11000000000000001 0.9806250000000001 0.1325 0.03874999999999993
0 0.271875 0.9912500000000002 0.22625 0.017499999999999894
0 0.689375 0.9912500000000002 0.04124999999999997 0.017499999999999894
0 0.0125 0.9949999999999999 0.025 0.009999999999999964
