0 0.12125 0.033125 0.22749999999999995 0.06625
0 0.068125 0.069375 0.13625 0.13875
0 0.296875 0.11125 0.03125 0.042500000000000024
0 0.97 0.16062500000000002 0.037499999999999825 0.053749999999999985
0 0.24375 0.210625 0.05499999999999998 0.13125000000000003
0 0.045 0.289375 0.09 0.08625000000000002
0 0.8618750000000001 0.375 0.09875000000000007 0.1274999999999999
0 0.780625 0.359375 0.04875000000000007 0.06625000000000006
0 0.344375 0.4518750000000001 0.08624999999999998 0.12374999999999999
0 0.698125 0.6775 0.39625000000000005 0.53
0 0.26187499999999997 0.490625 0.12625 0.1512500000000001
0 0.164375 0.553125 0.08124999999999998 0.09375
0 0.44312500000000005 0.5525 0.028749999999999963 0.07000000000000002
0 0.37937499999999996 0.591875 0.12625000000000003 0.10374999999999997
0 0.47625 0.6681250000000001 0.047499999999999966 0.06625000000000006
0 0.40750000000000003 0.6875 0.075 0.07749999999999986
0 0.0225 0.696875 0.045 0.05625
0 0.078125 0.740625 0.05625 0.12375000000000007
0 0.001875 0.76125 0.00375 0.1450000000000001
0 0.47562499999999996 0.7306250000000001 0.06875 0.036250000000000074
0 0.395625 0.7993750000000001 0.04874999999999998 0.05874999999999995
0 0.969375 0.9012499999999999 0.06125000000000007 0.19749999999999995
0 0.68125 0.9287500000000002 0.1425 0.1424999999999999
0 0.41437500000000005 0.9462499999999998 0.15375000000000005 0.10750000000000011
0 0.8243749999999999 0.9350000000000002 0.07125000000000004 0.06500000000000003
0 0.199375 0.95375 0.10125000000000002 0.09250000000000007
0 0.81125 0.9774999999999998 0.20999999999999996 0.04500000000000011
