0 0.8456250000000001 0.0068750000000000755 0.03375000000000004 0.013750000000000151
0 0.685625 0.03249999999999992 0.09124999999999997 0.06499999999999984
0 0.16999999999999998 0.015000000000000013 0.08250000000000016 0.030000000000000027
0 0.24124999999999996 0.017499999999999905 0.030000000000000072 0.030000000000000138
0 0.020000000000000018 0.06000000000000005 0.040000000000000036 0.10999999999999988
0 0.46624999999999994 0.09687500000000004 0.05250000000000012 0.05874999999999986
0 0.7806249999999999 0.19437500000000002 0.2237499999999999 0.24874999999999994
0 0.1587499999999999 0.14250000000000002 0.1250000000000001 0.12750000000000006
0 0.9431249999999999 0.10749999999999997 0.038750000000000104 0.050000000000000155
0 0.04812499999999992 0.19062499999999988 0.09624999999999984 0.12625000000000008
0 0.353125 0.22625 0.09624999999999995 0.08999999999999997
0 0.22875 0.26312500000000005 0.11499999999999996 0.11375000000000002
0 0.8899999999999999 0.33625000000000005 0.08499999999999996 0.07499999999999996
0 0.41187500000000005 0.36312500000000003 0.11375000000000002 0.12624999999999997
0 0.09562500000000007 0.364375 0.06875000000000009 0.06624999999999992
0 0.61 0.446875 0.13999999999999996 0.12624999999999992
0 0.08687500000000004 0.4231249999999999 0.06875000000000009 0.04875000000000003
0 0.9199999999999999 0.465625 0.11750000000000008 0.11875
0 0.05937500000000001 0.53375 0.11875000000000002 0.1450000000000001
0 0.41812499999999997 0.5275000000000001 0.12375000000000003 0.11000000000000006
0 0.790625 0.525625 0.09875000000000007 0.09375
0 0.9800000000000001 0.60625 0.040000000000000036 0.039999999999999855
0 0.3925 0.63 0.039999999999999945 0.03499999999999996
0 0.07874999999999993 0.6375 0.02750000000000019 0.02250000000000014
0 0.66375 0.6699999999999999 0.05499999999999998 0.04999999999999991
0 0.11374999999999998 0.661875 0.025000000000000022 0.028750000000000053
0 0.97 0.7306250000000001 0.060000000000000143 0.10875000000000004
0 0.8699999999999999 0.7212500000000001 0.029999999999999895 0.03500000000000005
0 0.35125 0.734375 0.06500000000000003 0.06125000000000007
0 0.5956250000000001 0.725625 0.03875000000000002 0.04124999999999997
0 0.07750000000000001 0.80625 0.15500000000000003 0.15749999999999992
0 0.64125 0.7637500000000002 0.04750000000000014 0.04249999999999998
0 0.266875 0.7993750000000001 0.09375 0.05625
0 0.56125 0.783125 0.025 0.021250000000000036
0 0.25375000000000003 0.9081250000000001 0.17500000000000004 0.18375000000000002
0 0.135 0.93125 0.1599999999999999 0.1375
0 0.4125 0.9349999999999999 0.29000000000000004 0.13000000000000006
0 0.66625 0.9118749999999999 0.0674999999999999 0.06875000000000017
0 0.64125 0.9425000000000001 0.13999999999999996 0.11500000000000003
0 0.01375000000000004 0.9675 0.02750000000000008 0.06499999999999986
0 0.8675 0.9637499999999999 0.017499999999999894 0.022499999999999964
