0 0.12062500000000001 0.06625 0.24125000000000002 0.1325
0 0.4625 0.01875 0.19249999999999995 0.0375
0 0.913125 0.009375 0.16125000000000006 0.01875
0 0.586875 0.068125 0.13375000000000004 0.13625
0 0.34562499999999996 0.00375 0.05625000000000004 0.0075
0 0.9824999999999999 0.10187499999999998 0.03499999999999996 0.20374999999999996
0 0.6743750000000001 0.04875 0.053750000000000055 0.052500000000000005
0 0.7318749999999999 0.07125000000000001 0.036249999999999984 0.057499999999999996
0 0.9087500000000001 0.09812499999999999 0.04250000000000007 0.08624999999999998
0 0.26937500000000003 0.169375 0.21125 0.18874999999999997
0 0.16375 0.108125 0.07500000000000002 0.06125000000000001
0 0.499375 0.1475 0.13375000000000004 0.1275
0 0.6243749999999999 0.183125 0.18125 0.17875000000000002
0 0.8268749999999999 0.155625 0.09874999999999998 0.07875000000000001
0 0.45875000000000005 0.203125 0.09500000000000001 0.10374999999999998
0 0.7318749999999999 0.255625 0.1587500000000001 0.18124999999999997
0 0.865625 0.21125 0.12124999999999986 0.09
0 0.06625 0.2525 0.1325 0.16000000000000003
0 0.8212499999999998 0.360625 0.17249999999999996 0.24874999999999997
0 0.43624999999999997 0.37312500000000004 0.34 0.2612500000000001
0 0.61875 0.320625 0.0625 0.06374999999999997
0 0.953125 0.44750000000000006 0.09375 0.22500000000000003
0 0.22124999999999995 0.37875 0.03500000000000001 0.06499999999999999
0 0.6325000000000001 0.5237499999999999 0.27249999999999996 0.29000000000000004
0 0.9818749999999999 0.64 0.036250000000000074 0.45249999999999996
0 0.129375 0.478125 0.05874999999999999 0.08625000000000008
0 0.26749999999999996 0.53875 0.175 0.2000000000000001
0 0.06312500000000001 0.49749999999999994 0.058750000000000004 0.06999999999999992
0 0.4625 0.490625 0.09500000000000001 0.053749999999999964
0 0.8699999999999999 0.5225 0.13999999999999985 0.11749999999999998
0 0.46125 0.614375 0.1 0.16375000000000012
0 0.08125 0.5762499999999999 0.042499999999999996 0.057500000000000016
0 0.754375 0.609375 0.08125 0.11875
0 0.12062499999999998 0.61625 0.04124999999999999 0.04500000000000002
0 0.000625 0.624375 0.00125 0.053749999999999964
0 0.32937500000000003 0.64625 0.01875 0.027500000000000125
0 0.16687500000000002 0.694375 0.13125 0.11124999999999999
0 0.8881249999999999 0.77125 0.22374999999999998 0.25249999999999995
0 0.791875 0.704375 0.0862499999999999 0.11375000000000002
0 0.236875 0.681875 0.05125000000000002 0.036250000000000074
0 0.6525000000000001 0.82 0.225 0.25
0 0.24874999999999997 0.7375 0.07249999999999997 0.05249999999999995
0 0.37 0.759375 0.08250000000000002 0.09624999999999986
0 0.449375 0.739375 0.06875000000000009 0.053749999999999964
0 0.0075 0.8481250000000001 0.015 0.11125000000000015
0 0.445 0.8975 0.18000000000000008 0.205
0 0.564375 0.898125 0.09375 0.1512500000000001
0 0.25 0.905 0.10999999999999996 0.12749999999999986
0 0.8375 0.9568749999999999 0.2824999999999999 0.08625000000000008
0 0.63375 0.9724999999999999 0.11500000000000003 0.05500000000000007
0 0.11375000000000002 0.996875 0.165 0.00625
