0 0.9506249999999999 0.011875000000000024 0.07124999999999986 0.02375000000000005
0 0.68625 0.11374999999999998 0.23499999999999996 0.15000000000000002
0 0.704375 0.23625 0.0887500000000001 0.0625
0 0.6481250000000001 0.290625 0.13375000000000004 0.09375
0 0.6275000000000001 0.835 0.11250000000000009 0.13249999999999992
0 0.6162500000000001 0.678125 0.10999999999999996 0.10375000000000005
0 0.6131249999999999 0.974375 0.11374999999999993 0.05124999999999993
0 0.605625 0.49312500000000004 0.12874999999999998 0.14624999999999994
0 0.58125 0.2093750000000001 0.09249999999999999 0.07874999999999988
0 0.593125 0.010624999999999996 0.05125000000000002 0.02124999999999999
0 0.5325 0.12687500000000002 0.0674999999999999 0.04625000000000001
0 0.47562499999999996 0.4725 0.16625000000000006 0.20250000000000004
0 0.41937499999999994 0.3481249999999999 0.0812499999999999 0.13124999999999995
0 0.395 0.013124999999999942 0.1174999999999999 0.026249999999999885
0 0.40062499999999995 0.11437500000000005 0.06875000000000009 0.17374999999999993
0 0.32375 0.49499999999999994 0.12749999999999995 0.11250000000000009
0 0.3125 0.09437500000000004 0.13999999999999985 0.14125
0 0.300625 0.21875 0.15124999999999997 0.13999999999999987
0 0.24562499999999998 0.32625 0.1637500000000001 0.16249999999999992
0 0.26937500000000003 0.595 0.10624999999999996 0.11000000000000006
0 0.18562500000000004 0.8306249999999998 0.10375000000000001 0.0737499999999999
0 0.13187500000000002 0.41375 0.14125000000000001 0.15
0 0.1443750000000001 0.999375 0.10875000000000001 0.001249999999999929
0 0.13437500000000008 0.53125 0.08624999999999983 0.057499999999999926
0 0.09187499999999998 0.625625 0.05125000000000013 0.04125000000000005
0 0.04124999999999995 0.06687500000000002 0.0824999999999999 0.1262500000000002
0 0.030625000000000013 0.285 0.06125000000000003 0.24250000000000008
0 0.03937499999999999 0.3525 0.028749999999999942 0.027499999999999948
0 0.024374999999999925 0.41624999999999995 0.04874999999999985 0.07250000000000005
