0 0.34187500000000004 0.9418749999999999 0.22125000000000003 0.11624999999999996
0 0.92875 0.9912500000000002 0.09499999999999993 0.017499999999999894
0 0.815625 0.9800000000000001 0.12124999999999994 0.040000000000000036
0 0.22000000000000003 0.9043749999999999 0.04499999999999997 0.053750000000000145
0 0.4175 0.6987500000000001 0.2625 0.31999999999999995
0 0.9793749999999999 0.7862500000000001 0.04124999999999997 0.12500000000000008
0 0.22312500000000002 0.8149999999999998 0.051249999999999976 0.06500000000000003
0 0.20437499999999997 0.52125 0.24374999999999997 0.4525
0 0.7681250000000001 0.6737500000000001 0.09124999999999987 0.09999999999999991
0 0.00125 0.5756249999999999 0.0025 0.21125000000000008
0 0.9818749999999999 0.643125 0.036250000000000074 0.0737499999999999
0 0.48687500000000006 0.506875 0.22374999999999998 0.22374999999999998
0 0.069375 0.485 0.13875 0.19750000000000006
0 0.8150000000000001 0.49437499999999995 0.10750000000000001 0.09875000000000007
0 0.99375 0.475 0.0125 0.10500000000000007
0 0.8975 0.49749999999999994 0.025 0.039999999999999945
0 0.01625 0.361875 0.0325 0.13875
0 0.0975 0.30562500000000004 0.10500000000000001 0.21374999999999994
0 0.25875000000000004 0.2918750000000001 0.20000000000000004 0.21374999999999994
0 0.45499999999999996 0.2881250000000001 0.19500000000000006 0.20624999999999982
0 0.01125 0.21125000000000002 0.0225 0.08749999999999988
0 0.35562499999999997 0.143125 0.10374999999999993 0.10124999999999995
0 0.166875 0.09875000000000012 0.25125 0.1875
0 0.45625 0.15937500000000004 0.07000000000000002 0.06625000000000014
0 0.5356249999999999 0.04812499999999992 0.18875000000000003 0.09624999999999984
0 0.9 0.04500000000000004 0.16500000000000004 0.09000000000000008
0 0.07375 0.03187499999999999 0.1475 0.06374999999999997
0 0.33187500000000003 0.03187499999999999 0.08375000000000003 0.06374999999999997
