0 0.03562500000000002 0.7175 0.07125000000000004 0.18500000000000014
0 0.03312499999999996 0.32125000000000004 0.06624999999999992 0.3199999999999999
0 0.04874999999999996 0.85 0.09749999999999992 0.125
0 0.203125 0.7068749999999999 0.2437499999999999 0.32875000000000004
0 0.18062499999999998 0.37124999999999997 0.18624999999999992 0.10250000000000004
0 0.393125 0.5974999999999999 0.17375 0.17750000000000013
0 0.47625 0.37374999999999997 0.3075 0.22749999999999998
0 0.47000000000000003 0.09625000000000006 0.2125 0.19250000000000012
0 0.49812499999999993 0.7300000000000001 0.15125000000000002 0.1124999999999999
0 0.59875 0.534375 0.15250000000000002 0.14375
0 0.8018750000000001 0.31124999999999997 0.24374999999999983 0.14000000000000004
0 0.7768750000000001 0.47562499999999996 0.19125000000000014 0.14625000000000005
0 0.809375 0.60625 0.20124999999999993 0.2125
0 0.7987500000000001 0.8006249999999999 0.15249999999999994 0.1537499999999999
0 0.8375 0.010624999999999996 0.16749999999999998 0.02124999999999999
0 0.843125 0.9525 0.12375000000000007 0.06999999999999992
0 0.85875 0.996875 0.09749999999999978 0.00625
0 0.929375 0.64 0.14124999999999996 0.2575
0 0.9418749999999999 0.80625 0.11624999999999996 0.10999999999999996
0 0.946875 0.42374999999999996 0.10625 0.16999999999999993
