0 0.67625 0.93625 0.12249999999999997 0.12749999999999986
0 0.47125000000000006 0.93 0.1 0.11499999999999985
0 0.27937500000000004 0.8174999999999999 0.12875 0.15
0 0.9949999999999999 0.7306250000000001 0.009999999999999964 0.25125000000000003
0 0.21937500000000001 0.7150000000000001 0.11625000000000003 0.10750000000000001
0 0.309375 0.5831249999999999 0.11375000000000002 0.13124999999999992
0 0.8225 0.52 0.20249999999999996 0.22750000000000004
0 0.255 0.330625 0.18249999999999997 0.19125000000000006
0 0.4725 0.34125 0.08999999999999994 0.13499999999999987
0 0.020625 0.299375 0.04125 0.08875000000000002
0 0.8225 0.21000000000000002 0.08749999999999991 0.08499999999999985
0 0.70375 0.13187500000000002 0.15999999999999986 0.20375000000000001
0 0.48125 0.17312500000000003 0.03249999999999993 0.04625000000000001
0 0.5599999999999999 0.17000000000000004 0.02999999999999998 0.03499999999999992
0 0.849375 0.0674999999999999 0.10875000000000012 0.11999999999999988
0 0.9349999999999999 0.0068750000000000755 0.05250000000000021 0.013750000000000151
