0 0.8068750000000001 0.9931249999999998 0.026250000000000107 0.013750000000000106
0 0.453125 0.9431249999999999 0.11124999999999999 0.1012500000000001
0 0.596875 0.545 0.80625 0.8299999999999998
0 0.13125000000000003 0.829375 0.1050000000000001 0.2312499999999999
0 0.09125000000000005 0.6699999999999999 0.06499999999999995 0.057500000000000016
0 0.02812500000000001 0.496875 0.05625000000000002 0.13874999999999993
0 0.08187499999999992 0.48187499999999994 0.06625000000000014 0.07625000000000001
0 0.903125 0.32625000000000004 0.19375 0.19499999999999998
0 0.8068750000000001 0.19437500000000002 0.2887500000000001 0.32625000000000004
0 0.07187500000000002 0.18312499999999998 0.14375000000000004 0.20875000000000005
0 0.9100000000000001 0.20250000000000004 0.17999999999999988 0.15250000000000008
0 0.08625 0.22312500000000002 0.03500000000000003 0.03374999999999995
0 0.39374999999999993 0.06624999999999998 0.29500000000000004 0.13249999999999995
0 0.9824999999999999 0.07250000000000006 0.03499999999999996 0.11749999999999983
0 0.023125000000000007 0.05999999999999994 0.04625000000000001 0.11999999999999988
0 0.6075000000000002 0.039999999999999925 0.21749999999999997 0.07999999999999985
0 0.13375000000000004 0.023125000000000007 0.08749999999999991 0.04625000000000001
