0 0.4081249999999999 0.013124999999999942 0.061249999999999985 0.026249999999999885
0 0.18375 0.03375000000000006 0.07750000000000015 0.06750000000000012
0 0.1125 0.14312499999999995 0.06999999999999995 0.07374999999999998
0 0.6125 0.19250000000000006 0.15749999999999992 0.1399999999999998
0 0.7693749999999999 0.27687500000000004 0.11625000000000014 0.12124999999999994
0 0.375 0.323125 0.16750000000000004 0.20375000000000004
0 0.618125 0.32125 0.16375 0.12999999999999998
0 0.09812500000000002 0.3125 0.053749999999999964 0.07750000000000012
0 0.603125 0.5393749999999999 0.22375000000000006 0.36875
0 0.23312500000000003 0.45125000000000004 0.053749999999999964 0.0625
0 0.954375 0.5175 0.09125000000000014 0.12750000000000003
0 0.9981249999999999 0.650625 0.0037499999999999643 0.14875
0 0.02999999999999997 0.6643749999999999 0.04749999999999999 0.06875
0 0.395625 0.68375 0.06375000000000001 0.08499999999999996
0 0.18249999999999994 0.715625 0.08000000000000021 0.07625000000000001
0 0.36937499999999995 0.793125 0.07624999999999989 0.13375000000000004
0 0.6168750000000001 0.8393750000000001 0.2012500000000001 0.17874999999999996
0 0.8806249999999999 0.806875 0.1012500000000001 0.10874999999999994
0 0.3025 0.8274999999999999 0.09249999999999999 0.09999999999999991
0 0.200625 0.825 0.08875000000000002 0.0950000000000002
0 0.10125000000000002 0.866875 0.10750000000000004 0.09124999999999997
0 0.396875 0.8868749999999999 0.08374999999999995 0.0737499999999999
0 0.375 0.9556250000000001 0.075 0.08874999999999993
0 0.10125000000000006 0.976875 0.08499999999999996 0.046250000000000034
0 0.30625 0.9949999999999999 0.08250000000000002 0.009999999999999964
