0 0.34249999999999997 0.011249999999999982 0.32249999999999995 0.022499999999999964
0 0.07374999999999998 0.09250000000000008 0.14749999999999996 0.18500000000000016
0 0.48312499999999997 0.15875000000000006 0.32875 0.30000000000000004
0 0.009999999999999953 0.19124999999999992 0.019999999999999907 0.22250000000000014
0 0.31625000000000003 0.3175 0.29000000000000004 0.21750000000000003
0 0.7431249999999999 0.27999999999999997 0.10875000000000004 0.13249999999999992
0 0.08250000000000002 0.32437499999999997 0.16500000000000004 0.12375000000000003
0 0.545625 0.39062499999999994 0.11624999999999996 0.17375
0 0.7925 0.44312500000000005 0.17750000000000005 0.14875
0 0.53 0.62 0.615 0.39500000000000013
0 0.734375 0.5349999999999999 0.1412499999999998 0.17
0 0.143125 0.5818749999999999 0.2062499999999999 0.18374999999999994
0 0.019374999999999976 0.588125 0.03874999999999995 0.19625000000000004
0 0.945625 0.6275000000000001 0.10875000000000004 0.26499999999999996
0 0.24312499999999995 0.821875 0.2287500000000001 0.19874999999999998
0 0.8800000000000001 0.8887499999999999 0.24000000000000005 0.22250000000000006
0 0.7406250000000001 0.9581250000000001 0.2637500000000001 0.08375000000000003
0 0.09812500000000002 0.968125 0.19625000000000004 0.06374999999999993
