0 0.658125 0.05499999999999999 0.22125000000000003 0.10999999999999999
0 0.07125000000000004 0.005625000000000047 0.09499999999999997 0.011250000000000093
0 0.184375 0.016874999999999918 0.12125 0.033749999999999836
0 0.78 0.08937499999999998 0.04499999999999993 0.053749999999999964
0 0.5825 0.29500000000000004 0.2625 0.31999999999999995
0 0.020625000000000004 0.20749999999999996 0.04125000000000001 0.1250000000000001
0 0.776875 0.17874999999999996 0.05125000000000011 0.06499999999999995
0 0.795625 0.4725 0.24375 0.4525
0 0.23187499999999997 0.32 0.09124999999999991 0.1
0 0.99875 0.418125 0.002499999999999858 0.21125000000000008
0 0.018125000000000058 0.35062499999999996 0.036250000000000115 0.07374999999999998
0 0.5131249999999999 0.48687500000000006 0.22374999999999998 0.22374999999999998
0 0.9306249999999998 0.50875 0.1387500000000001 0.19750000000000006
0 0.185 0.499375 0.10750000000000004 0.09874999999999998
0 0.006249999999999978 0.51875 0.012499999999999956 0.10500000000000007
0 0.10250000000000004 0.49625 0.02499999999999991 0.039999999999999855
0 0.98375 0.631875 0.03249999999999993 0.13875
0 0.9024999999999999 0.688125 0.1049999999999999 0.21375000000000002
0 0.7412500000000001 0.701875 0.20000000000000018 0.2137500000000001
0 0.545 0.7056250000000001 0.19500000000000012 0.20625
0 0.9887499999999999 0.7825000000000001 0.022499999999999964 0.08750000000000009
0 0.644375 0.850625 0.10374999999999997 0.10124999999999992
0 0.8331250000000001 0.8949999999999999 0.25125000000000003 0.1875
0 0.54375 0.834375 0.07000000000000002 0.06625000000000014
0 0.4643750000000001 0.9487500000000001 0.18875000000000003 0.10250000000000004
0 0.09999999999999987 0.951875 0.16500000000000004 0.09624999999999986
0 0.9262499999999999 0.9650000000000001 0.14749999999999996 0.06999999999999992
0 0.668125 0.9650000000000001 0.08375000000000003 0.06999999999999992
