0 0.9956250000000001 0.37062500000000004 0.008750000000000036 0.09874999999999998
0 0.97875 0.09875000000000006 0.04250000000000007 0.04750000000000021
0 0.915 0.704375 0.08499999999999978 0.06624999999999996
0 0.8481249999999999 0.06500000000000006 0.16624999999999995 0.08500000000000019
0 0.7575000000000001 0.37750000000000006 0.2975 0.1625
0 0.8699999999999999 0.21875 0.032500000000000105 0.03750000000000009
0 0.713125 0.5756249999999999 0.20875000000000005 0.19875000000000007
0 0.6993750000000001 0.0675 0.17624999999999993 0.135
0 0.7175 0.708125 0.06499999999999995 0.038750000000000104
0 0.7168749999999999 0.7637499999999999 0.04874999999999998 0.03749999999999991
0 0.7075 0.915625 0.047499999999999966 0.04375
0 0.6162500000000001 0.266875 0.20250000000000004 0.20874999999999994
0 0.64875 0.719375 0.05 0.05875000000000012
0 0.6337499999999999 0.86875 0.05250000000000003 0.054999999999999896
0 0.62375 0.7768750000000001 0.047499999999999966 0.06625000000000014
0 0.57875 0.515 0.0625 0.09499999999999993
0 0.47125000000000006 0.8543749999999999 0.07999999999999999 0.053749999999999964
0 0.44125 0.2699999999999999 0.11999999999999993 0.08750000000000005
0 0.3606250000000001 0.826875 0.08875000000000002 0.07125000000000004
0 0.338125 0.690625 0.12374999999999999 0.08874999999999993
0 0.30250000000000005 0.12749999999999995 0.11999999999999997 0.12250000000000005
0 0.280625 0.053750000000000075 0.11125000000000007 0.07999999999999985
0 0.17375000000000007 0.7525000000000001 0.10249999999999984 0.05500000000000007
0 0.10687499999999994 0.04562500000000008 0.1662499999999998 0.09125000000000016
0 0.09125 0.30562500000000004 0.15000000000000002 0.11375000000000002
0 0.026874999999999982 0.98375 0.05125000000000002 0.03249999999999993
0 0.004375000000000018 0.31625 0.008750000000000036 0.04500000000000006
