0 0.421875 0.019375 0.06625 0.03875
0 0.7487499999999999 0.15375 0.16249999999999992 0.2975
0 0.9075 0.04125 0.037499999999999825 0.03250000000000001
0 0.5506249999999999 0.198125 0.19874999999999998 0.20875
0 0.9956250000000001 0.21187499999999998 0.008750000000000036 0.17625
0 0.418125 0.19375 0.03875000000000002 0.06500000000000002
0 0.3625 0.19437500000000002 0.0375 0.04874999999999998
0 0.210625 0.20374999999999996 0.043750000000000025 0.04750000000000001
0 0.859375 0.29500000000000004 0.20874999999999994 0.20249999999999999
0 0.40687500000000004 0.2625 0.05875000000000008 0.05
0 0.2575 0.27749999999999997 0.05499999999999994 0.05250000000000003
0 0.349375 0.2875 0.06625000000000006 0.047500000000000056
0 0.6112499999999998 0.3325 0.09500000000000001 0.0625
0 0.271875 0.44000000000000006 0.053750000000000006 0.07999999999999999
0 0.85625 0.47000000000000003 0.0875 0.1200000000000001
0 0.03625 0.521875 0.0725 0.11125000000000007
0 0.299375 0.5506249999999999 0.07125000000000004 0.08874999999999993
0 0.43562499999999993 0.5731249999999999 0.08875000000000002 0.12374999999999999
0 0.96875 0.60875 0.0625 0.12000000000000002
0 0.37374999999999997 0.7375 0.05500000000000003 0.10249999999999986
0 0.8206249999999999 0.82 0.11374999999999984 0.1499999999999999
0 0.13624999999999998 0.884375 0.045 0.05124999999999993
0 0.8099999999999999 0.9268750000000001 0.04499999999999993 0.04875000000000007
0 0.3825 0.9724999999999999 0.1700000000000001 0.05500000000000007
0 0.08312499999999999 0.97875 0.08875 0.04250000000000007
0 0.521875 0.9881249999999999 0.05875000000000004 0.02375000000000007
0 0.011875 0.994375 0.02375 0.01125000000000007
