0 0.9818749999999999 0.33999999999999997 0.036250000000000074 0.16749999999999998
0 0.974375 0.96875 0.05124999999999993 0.0625
0 0.959375 0.39375000000000004 0.08125 0.1325
0 0.90625 0.35875 0.09000000000000022 0.11749999999999994
0 0.8393749999999999 0.453125 0.12374999999999999 0.14625000000000005
0 0.790625 0.35250000000000004 0.12624999999999992 0.10749999999999993
0 0.771875 0.996875 0.11124999999999999 0.00625
0 0.7625 0.8393750000000001 0.09750000000000006 0.12875000000000014
0 0.7068749999999999 0.45562500000000006 0.19375 0.22874999999999987
0 0.760625 0.5925 0.08375000000000003 0.07750000000000004
0 0.709375 0.278125 0.13875 0.11124999999999993
0 0.636875 0.10187499999999998 0.20875000000000005 0.20374999999999996
0 0.655 0.63375 0.14500000000000002 0.125
0 0.636875 0.923125 0.14874999999999988 0.15375000000000014
0 0.6325000000000001 0.778125 0.15250000000000002 0.12124999999999986
0 0.4462499999999999 0.319375 0.19000000000000003 0.19374999999999992
0 0.49000000000000005 0.41875 0.09750000000000006 0.06750000000000003
0 0.4375 0.566875 0.09250000000000007 0.06374999999999993
0 0.320625 0.9400000000000001 0.13625000000000007 0.10249999999999986
0 0.33499999999999996 0.61 0.10499999999999998 0.07250000000000005
0 0.289375 0.728125 0.11875 0.11124999999999999
0 0.21124999999999994 0.21187500000000004 0.2450000000000001 0.28874999999999984
0 0.16875 0.845 0.19250000000000003 0.18999999999999986
0 0.19187500000000007 0.7056250000000001 0.07624999999999982 0.05874999999999995
0 0.12999999999999995 0.02937500000000004 0.09249999999999992 0.05875000000000008
0 0.10000000000000005 0.06812499999999994 0.1050000000000001 0.1037499999999999
0 0.04874999999999996 0.619375 0.09749999999999992 0.10125000000000002
0 0.04749999999999999 0.51375 0.09499999999999997 0.16999999999999993
0 0.003124999999999989 0.3156250000000001 0.006249999999999978 0.2587500000000001
