0 0.0631250000000001 0.344375 0.0987499999999999 0.11375000000000002
0 0.24125000000000002 0.35124999999999995 0.12 0.11249999999999996
0 0.65125 0.5268750000000001 0.1700000000000001 0.16375
0 0.9275 0.480625 0.06750000000000007 0.06625000000000006
0 0.5287499999999999 0.489375 0.047500000000000056 0.06624999999999996
0 0.39187500000000003 0.538125 0.20125000000000007 0.13875
0 0.17187500000000006 0.54625 0.22624999999999998 0.125
0 0.77 0.565625 0.047499999999999966 0.06375000000000011
0 0.97625 0.5975 0.047499999999999966 0.10250000000000004
0 0.051875000000000004 0.6275000000000001 0.10375000000000001 0.13249999999999992
0 0.514375 0.6693749999999999 0.12374999999999999 0.13625000000000007
0 0.0981249999999999 0.7706250000000001 0.15625 0.1437500000000001
0 0.953125 0.74375 0.05625 0.08250000000000002
0 0.020000000000000018 0.8018750000000001 0.040000000000000036 0.07125000000000004
0 0.4843750000000001 0.9106249999999999 0.23375000000000004 0.17125000000000004
0 0.694375 0.91875 0.16624999999999987 0.1625
0 0.10062500000000008 0.9175000000000001 0.14374999999999982 0.13250000000000012
0 0.019374999999999976 0.9075 0.03874999999999995 0.07750000000000004
0 0.571875 0.978125 0.40625 0.04375
0 0.009375000000000022 0.978125 0.018750000000000044 0.04375
