0 0.04562500000000008 0.6981250000000001 0.09125000000000016 0.24375000000000008
0 0.13187500000000008 0.15625 0.05875000000000008 0.030000000000000027
0 0.19687500000000002 0.655 0.18625000000000003 0.18
0 0.25562500000000005 0.039999999999999925 0.21125000000000008 0.07999999999999985
0 0.25375 0.3675 0.1449999999999999 0.15999999999999998
0 0.20625000000000004 0.23312500000000003 0.04499999999999993 0.06375000000000001
0 0.25187499999999996 0.15624999999999994 0.12624999999999997 0.12000000000000022
0 0.260625 0.9037499999999999 0.12874999999999992 0.0875
0 0.27437500000000004 0.50625 0.07125000000000004 0.07749999999999994
0 0.384375 0.73625 0.22624999999999998 0.2799999999999999
0 0.33 0.5050000000000001 0.04500000000000002 0.04249999999999998
0 0.41187500000000005 0.12437500000000001 0.1812499999999999 0.16874999999999996
0 0.39249999999999996 0.316875 0.07250000000000009 0.09125000000000005
0 0.45187499999999997 0.925 0.10625000000000004 0.1049999999999999
0 0.4887499999999999 0.9487500000000001 0.14750000000000005 0.10250000000000004
0 0.47875000000000006 0.524375 0.08499999999999996 0.09374999999999992
0 0.5675000000000001 0.478125 0.07499999999999991 0.07875000000000006
0 0.684375 0.7175 0.24375 0.3475
0 0.6443749999999999 0.29874999999999996 0.11375000000000002 0.13249999999999998
0 0.656875 0.10249999999999992 0.13375000000000004 0.10750000000000015
0 0.7262500000000001 0.305625 0.0375 0.04375000000000009
0 0.754375 0.10687499999999994 0.03375000000000004 0.036250000000000115
0 0.7831249999999998 0.3275 0.061249999999999985 0.0625
0 0.87375 0.45562500000000006 0.1750000000000001 0.08875000000000002
0 0.896875 0.6481250000000001 0.20625 0.34375000000000017
0 0.9431249999999999 0.9887499999999999 0.1012500000000001 0.022499999999999964
0 0.9662499999999999 0.9018750000000001 0.06750000000000007 0.19625000000000004
0 0.97625 0.39749999999999996 0.047499999999999966 0.040000000000000036
0 0.985 0.44812499999999994 0.030000000000000072 0.07875000000000006
0 0.9912500000000002 0.834375 0.017499999999999894 0.046250000000000034
