0 0.9037500000000002 0.085 0.1549999999999999 0.1
0 0.77125 0.15 0.05249999999999995 0.057499999999999996
0 0.10999999999999999 0.3025 0.21999999999999997 0.20750000000000002
0 0.0050000000000000044 0.42874999999999996 0.010000000000000009 0.16000000000000006
0 0.569375 0.401875 0.028750000000000143 0.026249999999999975
0 0.6599999999999999 0.475 0.057499999999999926 0.05750000000000011
0 0.9400000000000001 0.514375 0.08500000000000014 0.08125000000000009
0 0.260625 0.599375 0.32125000000000004 0.24874999999999997
0 0.7475 0.5668749999999999 0.06500000000000003 0.06625000000000006
0 0.946875 0.66625 0.10625 0.22249999999999986
0 0.36249999999999993 0.81375 0.3450000000000001 0.33250000000000013
0 0.159375 0.73875 0.08124999999999993 0.08000000000000007
0 0.7206250000000001 0.828125 0.19624999999999995 0.18125
0 0.21749999999999997 0.79125 0.08250000000000013 0.07499999999999991
0 0.5706249999999999 0.8237500000000001 0.11624999999999996 0.13000000000000006
0 0.0025000000000000577 0.943125 0.0050000000000001155 0.11374999999999993
0 0.600625 0.9506249999999999 0.13874999999999993 0.09875000000000007
0 0.761875 0.968125 0.20374999999999996 0.06374999999999993
0 0.42062499999999997 0.9737500000000001 0.19125 0.05250000000000003
