0 0.39125 0.159375 0.2425 0.31875
0 0.026249999999999885 0.061875 0.04499999999999993 0.061250000000000006
0 0.10687499999999994 0.108125 0.08874999999999988 0.10625
0 0.04562500000000008 0.1 0.04375000000000007 0.05499999999999999
0 0.36812500000000004 0.37375 0.18625000000000008 0.195
0 0.791875 0.45 0.0862499999999999 0.11499999999999991
0 0.34124999999999994 0.6131249999999999 0.16750000000000007 0.29874999999999996
0 0.43375 0.6824999999999999 0.13999999999999996 0.15750000000000003
0 0.566875 0.715625 0.16875 0.14124999999999996
0 0.70875 0.68125 0.040000000000000036 0.047500000000000056
0 0.704375 0.7625 0.07874999999999996 0.09249999999999999
0 0.5856250000000001 0.86 0.15625 0.21750000000000008
0 0.9225 0.9168749999999999 0.12250000000000014 0.14874999999999988
0 0.778125 0.93 0.21625000000000014 0.14000000000000004
0 0.263125 0.9525 0.18374999999999997 0.09499999999999993
