0 0.984375 0.068125 0.03125 0.13625
0 0.47375 0.040625 0.040000000000000036 0.053750000000000006
0 0.060625 0.064375 0.09375 0.06625
0 0.884375 0.06375 0.14624999999999985 0.065
0 0.72375 0.138125 0.24249999999999988 0.18125
0 0.15812500000000002 0.1 0.051249999999999976 0.052500000000000005
0 0.994375 0.15562499999999999 0.01125000000000007 0.05125
0 0.008125 0.1625 0.01625 0.057499999999999996
0 0.150625 0.159375 0.036249999999999984 0.04124999999999997
0 0.34187500000000004 0.22562500000000002 0.12625000000000006 0.13125
0 0.12375 0.25187499999999996 0.1375 0.12374999999999999
0 0.9724999999999999 0.27 0.05500000000000007 0.09499999999999997
0 0.5475000000000001 0.334375 0.07750000000000004 0.10375000000000001
0 0.35375 0.371875 0.10499999999999998 0.13874999999999998
0 0.4731249999999999 0.375625 0.12625000000000003 0.12375000000000003
0 0.05500000000000001 0.45562499999999995 0.11000000000000001 0.21874999999999994
0 0.8875 0.47750000000000004 0.11500000000000003 0.10750000000000001
0 0.8400000000000001 0.5762499999999999 0.31999999999999995 0.07999999999999999
0 0.5756249999999999 0.65125 0.16624999999999995 0.13250000000000012
0 0.055625 0.6925000000000001 0.11125 0.20750000000000002
0 0.12375 0.6681250000000001 0.085 0.10875000000000004
0 0.41624999999999995 0.688125 0.08999999999999994 0.04125000000000005
0 0.2575 0.73375 0.09499999999999997 0.075
0 0.9268750000000001 0.9974999999999999 0.14625000000000005 0.005000000000000071
