0 0.59912109375 0.97216796875 0.0771484375 0.0556640625
0 0.8115234375 0.94189453125 0.037109375 0.0478515625
0 0.97998046875 0.93408203125 0.0400390625 0.0556640625
0 0.33837890625 0.884765625 0.0517578125 0.06640625
0 0.837890625 0.83251953125 0.06640625 0.1298828125
0 0.59375 0.76171875 0.126953125 0.232421875
0 0.7177734375 0.849609375 0.029296875 0.025390625
0 0.43896484375 0.72705078125 0.1552734375 0.1630859375
0 0.8505859375 0.71630859375 0.134765625 0.1376953125
0 0.9443359375 0.76708984375 0.025390625 0.0263671875
0 0.33544921875 0.73046875 0.0302734375 0.05078125
0 0.2919921875 0.72998046875 0.029296875 0.0380859375
0 0.17333984375 0.72265625 0.0341796875 0.037109375
0 0.68017578125 0.6513671875 0.1630859375 0.158203125
0 0.32666015625 0.6767578125 0.0458984375 0.0390625
0 0.2099609375 0.6650390625 0.04296875 0.041015625
0 0.28173828125 0.6572265625 0.0517578125 0.037109375
0 0.486328125 0.6220703125 0.07421875 0.048828125
0 0.22119140625 0.5380859375 0.0419921875 0.0625
0 0.677734375 0.5146484375 0.068359375 0.09375
0 0.03271484375 0.47412109375 0.0654296875 0.0869140625
0 0.24267578125 0.45166015625 0.0556640625 0.0693359375
0 0.34912109375 0.43408203125 0.0693359375 0.0966796875
0 0.7890625 0.40625 0.095703125 0.09375
0 0.8466796875 0.38916015625 0.0625 0.0869140625
0 0.93212890625 0.36767578125 0.0302734375 0.0751953125
0 0.30078125 0.3056640625 0.04296875 0.080078125
0 0.86767578125 0.25341796875 0.1005859375 0.1298828125
0 0.64990234375 0.2412109375 0.0888671875 0.1171875
0 0.115234375 0.19091796875 0.03515625 0.0400390625
0 0.6416015625 0.15771484375 0.03515625 0.0380859375
0 0.3076171875 0.08056640625 0.1328125 0.1259765625
0 0.07373046875 0.1123046875 0.0693359375 0.04296875
0 0.41650390625 0.083984375 0.0458984375 0.0703125
0 0.013671875 0.0947265625 0.02734375 0.029296875
0 0.6708984375 0.03662109375 0.103515625 0.0732421875
0 0.23974609375 0.03125 0.0751953125 0.0625
0 0.44482421875 0.02294921875 0.0712890625 0.0458984375
