0 0.11962890625 0.03076171875 0.0576171875 0.0615234375
0 0.20166015625 0.04296875 0.0732421875 0.0859375
0 0.27099609375 0.02587890625 0.0595703125 0.0517578125
0 0.7197265625 0.0439453125 0.1328125 0.087890625
0 0.95556640625 0.0537109375 0.0888671875 0.107421875
0 0.1181640625 0.13720703125 0.236328125 0.2412109375
0 0.4091796875 0.1025390625 0.150390625 0.162109375
0 0.5966796875 0.08203125 0.11328125 0.103515625
0 0.76123046875 0.1142578125 0.1259765625 0.109375
0 0.50634765625 0.17822265625 0.1044921875 0.1650390625
0 0.31787109375 0.1435546875 0.0439453125 0.033203125
0 0.90087890625 0.2314453125 0.1982421875 0.1640625
0 0.57470703125 0.1923828125 0.0419921875 0.041015625
0 0.61962890625 0.2099609375 0.0283203125 0.044921875
0 0.7578125 0.23095703125 0.033203125 0.0673828125
0 0.25830078125 0.28662109375 0.1650390625 0.1474609375
0 0.17578125 0.23876953125 0.05859375 0.0478515625
0 0.43798828125 0.26953125 0.1044921875 0.099609375
0 0.53564453125 0.29736328125 0.1416015625 0.1396484375
0 0.69384765625 0.27587890625 0.0771484375 0.0615234375
0 0.40625 0.31298828125 0.07421875 0.0810546875
0 0.61962890625 0.35400390625 0.1240234375 0.1416015625
0 0.72412109375 0.3193359375 0.0947265625 0.0703125
0 0.08740234375 0.3515625 0.1279296875 0.125
0 0.8798828125 0.318359375 0.03125 0.029296875
0 0.90087890625 0.34765625 0.0537109375 0.056640625
0 0.689453125 0.43603515625 0.134765625 0.1943359375
0 0.388671875 0.44580078125 0.265625 0.2041015625
0 0.53125 0.40478515625 0.048828125 0.0498046875
0 0.865234375 0.4013671875 0.03515625 0.029296875
0 0.84912109375 0.50390625 0.1865234375 0.17578125
0 0.220703125 0.4501953125 0.02734375 0.05078125
0 0.5419921875 0.5634765625 0.212890625 0.2265625
0 0.900390625 0.654296875 0.19921875 0.353515625
0 0.14892578125 0.52783203125 0.0458984375 0.0673828125
0 0.2568359375 0.5751953125 0.13671875 0.15625
0 0.09716796875 0.54296875 0.0458984375 0.0546875
0 0.4091796875 0.53759765625 0.07421875 0.0419921875
0 0.7275390625 0.5625 0.109375 0.091796875
0 0.408203125 0.63427734375 0.078125 0.1279296875
0 0.111328125 0.6044921875 0.033203125 0.044921875
0 0.63720703125 0.63037109375 0.0634765625 0.0927734375
0 0.14208984375 0.6357421875 0.0322265625 0.03515625
0 0.03271484375 0.64208984375 0.0322265625 0.0419921875
0 0.0078125 0.6640625 0.015625 0.033203125
0 0.30517578125 0.6591796875 0.0146484375 0.021484375
0 0.17822265625 0.69677734375 0.1025390625 0.0869140625
0 0.7548828125 0.7568359375 0.201171875 0.197265625
0 0.66650390625 0.70458984375 0.0673828125 0.0888671875
0 0.23291015625 0.68701171875 0.0400390625 0.0283203125
0 0.5576171875 0.794921875 0.17578125 0.1953125
0 0.2421875 0.73046875 0.056640625 0.041015625
0 0.3369140625 0.74755859375 0.064453125 0.0751953125
0 0.39892578125 0.73193359375 0.0537109375 0.0419921875
0 0.02978515625 0.81689453125 0.0595703125 0.0869140625
0 0.3955078125 0.869140625 0.140625 0.1875
0 0.48876953125 0.85595703125 0.0732421875 0.1181640625
0 0.2431640625 0.861328125 0.0859375 0.099609375
0 0.7021484375 0.93408203125 0.220703125 0.1318359375
0 0.54296875 0.9228515625 0.08984375 0.060546875
0 0.13671875 0.96533203125 0.12890625 0.0693359375
0 0.41162109375 0.98388671875 0.0966796875 0.0322265625
0 0.22216796875 0.9814453125 0.0322265625 0.0234375
0 0.546875 0.98486328125 0.072265625 0.0302734375
