0 0.9 0.6212500000000001 0.2 0.24749999999999997
0 0.9425000000000001 0.306875 0.11500000000000003 0.18375000000000014
0 0.8956250000000001 0.366875 0.0012500000000001065 0.0012500000000001065
0 0.7706250000000001 0.275 0.23374999999999996 0.13250000000000006
0 0.725 0.9912500000000002 0.06750000000000007 0.017499999999999894
0 0.6175 0.240625 0.05499999999999998 0.11374999999999988
0 0.61875 0.343125 0.04750000000000014 0.04875000000000007
0 0.5943750000000001 0.614375 0.04874999999999989 0.09625000000000003
0 0.48562500000000003 0.25812500000000005 0.19124999999999998 0.22875
0 0.5025000000000001 0.5824999999999999 0.10250000000000004 0.15249999999999994
0 0.453125 0.21437500000000007 0.07125000000000004 0.08874999999999988
0 0.370625 0.5075 0.18625000000000008 0.1375000000000001
0 0.3675 0.6118750000000001 0.15 0.07875000000000006
0 0.338125 0.346875 0.1437500000000001 0.09875000000000003
0 0.356875 0.42374999999999996 0.08875000000000002 0.05500000000000003
0 0.291875 0.18874999999999997 0.13874999999999993 0.1200000000000001
0 0.271875 0.41312499999999996 0.06374999999999997 0.07125000000000004
0 0.18312499999999987 0.14124999999999993 0.013749999999999929 0.019999999999999907
0 0.09124999999999994 0.16812500000000002 0.18249999999999988 0.19375
0 0.06500000000000006 0.446875 0.13000000000000012 0.3412499999999999
