0 0.364375 0.04874999999999996 0.4387500000000001 0.09749999999999992
0 0.078125 0.07124999999999992 0.15625 0.14249999999999985
0 0.21499999999999994 0.15937500000000004 0.135 0.13874999999999993
0 0.3125 0.14687500000000003 0.09250000000000007 0.10375000000000012
0 0.5231250000000001 0.12875000000000003 0.05625 0.05249999999999999
0 0.5275000000000001 0.264375 0.14000000000000004 0.23625000000000007
0 0.08625 0.25562500000000005 0.1725 0.14875000000000005
0 0.7393750000000001 0.3375 0.30125 0.20749999999999993
0 0.610625 0.3918749999999999 0.15375000000000005 0.13874999999999987
0 0.43 0.34187499999999993 0.047499999999999966 0.03125
0 0.4618749999999999 0.41500000000000004 0.061249999999999895 0.06749999999999998
0 0.590625 0.556875 0.14124999999999996 0.14624999999999994
0 0.725625 0.633125 0.17375 0.16625000000000006
0 0.9637499999999999 0.605 0.07249999999999997 0.08499999999999996
0 0.438125 0.72625 0.16375000000000006 0.12999999999999998
0 0.3775 0.8481249999999999 0.28500000000000003 0.30374999999999996
0 0.6275000000000001 0.756875 0.09500000000000001 0.08375000000000003
0 0.22312499999999993 0.8143750000000001 0.08125000000000004 0.1062500000000001
0 0.5275000000000001 0.85875 0.18000000000000008 0.15250000000000022
0 0.05999999999999994 0.8875 0.11999999999999988 0.2
0 0.16499999999999998 0.8574999999999999 0.07999999999999999 0.0674999999999999
0 0.99875 0.8712500000000001 0.002499999999999858 0.04499999999999993
0 0.118125 0.931875 0.23625 0.13625000000000007
0 0.595 0.9418749999999999 0.11750000000000008 0.11624999999999996
