0 0.9199999999999999 0.6643749999999999 0.15999999999999998 0.4387500000000001
0 0.8931250000000001 0.93625 0.19624999999999995 0.12749999999999986
0 0.778125 0.81375 0.13874999999999993 0.13499999999999995
0 0.790625 0.7162499999999999 0.10375000000000005 0.09250000000000007
0 0.8087499999999999 0.505625 0.05250000000000003 0.05625
0 0.673125 0.50125 0.23625000000000007 0.13999999999999996
0 0.681875 0.928125 0.14875000000000008 0.14375
0 0.6 0.28937500000000005 0.20750000000000002 0.3012499999999998
0 0.545625 0.418125 0.1387500000000001 0.15374999999999997
0 0.5956250000000001 0.5987500000000001 0.03125000000000009 0.047500000000000056
0 0.5225 0.5668749999999999 0.06749999999999998 0.061249999999999985
0 0.380625 0.438125 0.14624999999999994 0.14124999999999988
0 0.30437499999999995 0.30312500000000003 0.16625 0.17375
0 0.3325 0.06187499999999996 0.08499999999999996 0.07874999999999999
0 0.21125 0.590625 0.13000000000000003 0.16375
0 0.12062499999999998 0.6512499999999999 0.24124999999999996 0.28500000000000003
0 0.1806250000000001 0.40125 0.08374999999999991 0.09499999999999997
0 0.12312499999999993 0.8056249999999998 0.10624999999999996 0.08124999999999982
0 0.07874999999999993 0.50125 0.1525000000000002 0.18
0 0.07500000000000001 0.954375 0.15000000000000002 0.09125000000000014
0 0.07999999999999996 0.8637500000000001 0.0674999999999999 0.08000000000000007
0 0.06624999999999992 0.015625 0.04499999999999993 0.03125
0 0.03687500000000005 0.89625 0.0737500000000001 0.20750000000000002
0 0.026874999999999982 0.43375 0.053749999999999964 0.11750000000000008
