0 0.72119140625 0.048828125 0.1904296875 0.09765625
0 0.103515625 0.03125 0.083984375 0.0625
0 0.0087890625 0.111328125 0.017578125 0.05859375
0 0.2978515625 0.12939453125 0.0234375 0.0458984375
0 0.6875 0.18017578125 0.140625 0.1455078125
0 0.1552734375 0.22607421875 0.166015625 0.1650390625
0 0.462890625 0.224609375 0.125 0.11328125
0 0.35791015625 0.1875 0.0498046875 0.03515625
0 0.2978515625 0.22314453125 0.09375 0.0986328125
0 0.8818359375 0.22998046875 0.068359375 0.1005859375
0 0.5712890625 0.24072265625 0.060546875 0.0556640625
0 0.7509765625 0.32666015625 0.21875 0.1767578125
0 0.5703125 0.2841796875 0.033203125 0.03515625
0 0.27294921875 0.34814453125 0.1318359375 0.1416015625
0 0.42333984375 0.3330078125 0.0712890625 0.056640625
0 0.8984375 0.37939453125 0.08203125 0.0830078125
0 0.1064453125 0.35986328125 0.0234375 0.0224609375
0 0.9384765625 0.408203125 0.123046875 0.115234375
0 0.08984375 0.41455078125 0.072265625 0.0986328125
0 0.58544921875 0.400390625 0.0732421875 0.06640625
0 0.54931640625 0.4697265625 0.0615234375 0.05859375
0 0.736328125 0.56103515625 0.271484375 0.1904296875
0 0.4091796875 0.52978515625 0.103515625 0.0888671875
0 0.255859375 0.53955078125 0.083984375 0.1044921875
0 0.05712890625 0.572265625 0.0478515625 0.05859375
0 0.41455078125 0.59375 0.0341796875 0.029296875
0 0.0341796875 0.609375 0.037109375 0.03125
0 0.25927734375 0.61572265625 0.0283203125 0.0263671875
0 0.431640625 0.63818359375 0.048828125 0.0478515625
0 0.53173828125 0.708984375 0.0693359375 0.13671875
0 0.021484375 0.65625 0.03125 0.03125
0 0.68212890625 0.76611328125 0.2685546875 0.2392578125
0 0.9853515625 0.67626953125 0.029296875 0.0576171875
0 0.0849609375 0.67822265625 0.072265625 0.0595703125
0 0.0107421875 0.72265625 0.021484375 0.041015625
0 0.9697265625 0.76318359375 0.060546875 0.0791015625
0 0.90185546875 0.87744140625 0.1962890625 0.2451171875
0 0.486328125 0.7890625 0.03125 0.037109375
0 0.52587890625 0.833984375 0.0615234375 0.099609375
0 0.82763671875 0.826171875 0.0361328125 0.064453125
0 0.56494140625 0.90625 0.0517578125 0.0546875
0 0.5751953125 0.9794921875 0.056640625 0.041015625
