0 0.2255859375 0.0009765625 0.005859375 0.001953125
0 0.322265625 0.06396484375 0.10546875 0.1279296875
0 0.4169921875 0.04443359375 0.12109375 0.0888671875
0 0.2763671875 0.142578125 0.177734375 0.1640625
0 0.21142578125 0.21533203125 0.1533203125 0.1318359375
0 0.41357421875 0.259765625 0.0244140625 0.033203125
0 0.939453125 0.29833984375 0.029296875 0.0419921875
0 0.3720703125 0.33740234375 0.04296875 0.1025390625
0 0.01953125 0.32421875 0.0390625 0.05078125
0 0.21484375 0.39892578125 0.07421875 0.0673828125
0 0.85498046875 0.4658203125 0.0771484375 0.099609375
0 0.79150390625 0.45361328125 0.0380859375 0.0517578125
0 0.45068359375 0.52587890625 0.0673828125 0.0966796875
0 0.72705078125 0.7021484375 0.3095703125 0.4140625
0 0.38623046875 0.55615234375 0.0986328125 0.1181640625
0 0.03564453125 0.5576171875 0.0439453125 0.03515625
0 0.31005859375 0.60498046875 0.0634765625 0.0732421875
0 0.52783203125 0.6044921875 0.0224609375 0.0546875
0 0.47802734375 0.63525390625 0.0986328125 0.0810546875
0 0.5537109375 0.69482421875 0.037109375 0.0517578125
0 0.5 0.7099609375 0.05859375 0.060546875
0 0.197265625 0.71728515625 0.0390625 0.0439453125
0 0.24267578125 0.75146484375 0.0439453125 0.0966796875
0 0.15087890625 0.767578125 0.0673828125 0.11328125
0 0.55322265625 0.74365234375 0.0537109375 0.0283203125
0 0.05029296875 0.7705078125 0.0302734375 0.02734375
0 0.09130859375 0.818359375 0.0732421875 0.087890625
0 0.49072265625 0.79736328125 0.0380859375 0.0458984375
0 0.95751953125 0.89990234375 0.0849609375 0.2001953125
0 0.7138671875 0.904296875 0.111328125 0.123046875
0 0.04345703125 0.8955078125 0.0498046875 0.05859375
0 0.08544921875 0.8818359375 0.0205078125 0.02734375
0 0.50537109375 0.93505859375 0.1201171875 0.1298828125
0 0.82568359375 0.9033203125 0.0556640625 0.05078125
0 0.33740234375 0.91943359375 0.0791015625 0.0751953125
0 0.0166015625 0.93701171875 0.033203125 0.0712890625
0 0.8154296875 0.95947265625 0.1640625 0.0810546875
0 0.08447265625 0.93701171875 0.0283203125 0.0283203125
0 0.7158203125 0.9833984375 0.056640625 0.033203125
