0 0.008125 0.4856250000000001 0.01625 0.018749999999999913
0 0.03375 0.354375 0.0375 0.05125000000000002
0 0.1325 0.41125 0.0975 0.07499999999999996
0 0.14875 0.1449999999999999 0.04749999999999999 0.03500000000000014
0 0.209375 0.28250000000000003 0.14375 0.11249999999999996
0 0.20750000000000002 0.453125 0.08499999999999999 0.08625000000000008
0 0.318125 0.19124999999999992 0.03125 0.01750000000000007
0 0.48875 0.818125 0.13250000000000012 0.06875000000000009
0 0.475 0.72 0.0875 0.0875
0 0.5512499999999999 0.4675000000000001 0.20249999999999996 0.16999999999999998
0 0.48562500000000003 0.9881249999999999 0.028749999999999963 0.02375000000000007
0 0.578125 0.308125 0.16875 0.14625000000000005
0 0.63125 0.07750000000000001 0.205 0.13749999999999996
0 0.58625 0.7224999999999999 0.11499999999999995 0.15
0 0.5599999999999999 0.996875 0.05250000000000012 0.00625
0 0.673125 0.83625 0.10624999999999991 0.08750000000000009
0 0.7162499999999999 0.72625 0.0750000000000001 0.08500000000000005
0 0.696875 0.999375 0.036249999999999984 0.001249999999999929
0 0.7581249999999999 0.515 0.10875000000000004 0.08749999999999991
0 0.75125 0.63 0.06000000000000005 0.054999999999999896
0 0.8006249999999999 0.38125 0.13624999999999998 0.135
0 0.79375 0.8400000000000001 0.09249999999999999 0.08999999999999994
0 0.83125 0.046875 0.13249999999999992 0.09375
0 0.8649999999999999 0.525625 0.13499999999999995 0.16375
0 0.8487500000000001 0.61625 0.09000000000000004 0.08249999999999993
0 0.859375 0.73125 0.05625 0.13000000000000006
0 0.9225 0.19499999999999995 0.15500000000000008 0.13250000000000006
0 0.9331250000000001 0.35687499999999994 0.13375000000000004 0.22624999999999992
0 0.8956250000000001 0.774375 0.05875000000000004 0.04124999999999997
0 0.9100000000000001 0.07187499999999991 0.07249999999999997 0.07625000000000015
0 0.96125 0.86875 0.032500000000000105 0.017499999999999894
0 0.9756250000000002 0.09437500000000004 0.04874999999999989 0.0837500000000001
0 0.9800000000000001 0.449375 0.040000000000000036 0.11374999999999993
