0 0.345625 0.8456250000000001 0.09874999999999998 0.14625000000000005
0 0.40374999999999994 0.6925 0.12249999999999991 0.13250000000000012
0 0.60875 0.68375 0.09999999999999991 0.11500000000000003
0 0.8006250000000001 0.57125 0.12874999999999998 0.15000000000000008
0 0.04500000000000004 0.484375 0.09000000000000008 0.2512499999999999
0 0.860625 0.46875 0.11624999999999996 0.10750000000000001
0 0.7706250000000001 0.3368749999999999 0.11375000000000002 0.13124999999999995
0 0.2575 0.27374999999999994 0.20250000000000004 0.22750000000000004
0 0.825 0.09000000000000002 0.18249999999999994 0.18000000000000005
0 0.6075 0.09500000000000003 0.09000000000000004 0.1349999999999999
0 0.2575 0.003124999999999989 0.0875 0.006249999999999978
