0 0.1375 0.016875 0.07999999999999999 0.03375
0 0.67125 0.00125 0.05499999999999998 0.0025
0 0.704375 0.036250000000000004 0.05625 0.0425
0 0.3875 0.035625000000000004 0.025 0.03624999999999999
0 0.8331250000000001 0.1125 0.07125000000000004 0.052500000000000026
0 0.96125 0.21062499999999998 0.07750000000000004 0.14874999999999997
0 0.42749999999999994 0.18937500000000002 0.040000000000000036 0.053750000000000006
0 0.030625000000000003 0.21312499999999995 0.061250000000000006 0.06625
0 0.8381250000000001 0.2125 0.14625000000000005 0.06500000000000003
0 0.6775 0.286875 0.2425 0.18124999999999997
0 0.11187499999999999 0.24874999999999997 0.051250000000000004 0.05249999999999999
0 0.9712500000000001 0.304375 0.057499999999999926 0.05125000000000002
0 0.104375 0.308125 0.03625000000000002 0.04124999999999997
0 0.295625 0.374375 0.12625000000000003 0.13125
0 0.07749999999999999 0.40062499999999995 0.1375 0.12374999999999999
0 0.9493750000000001 0.41875 0.10124999999999992 0.09499999999999993
0 0.50125 0.4831250000000001 0.07750000000000004 0.10375000000000005
0 0.3075 0.520625 0.10499999999999998 0.13874999999999993
0 0.42687500000000006 0.524375 0.12625000000000003 0.12375000000000007
0 0.031875 0.604375 0.06375 0.21875
0 0.8412499999999999 0.62625 0.11500000000000013 0.10750000000000011
0 0.805625 0.725 0.34375 0.07999999999999999
0 0.5293749999999999 0.8 0.16625000000000006 0.13249999999999992
0 0.0325 0.8412499999999999 0.065 0.20749999999999993
0 0.0775 0.8168749999999999 0.08499999999999999 0.10875000000000004
0 0.37 0.836875 0.08999999999999994 0.04125000000000014
0 0.21125 0.8825 0.09499999999999997 0.07500000000000018
