0 0.04875 0.056874999999999995 0.0975 0.11374999999999999
0 0.51 0.010625 0.12750000000000003 0.02125
0 0.8475000000000001 0.0875 0.14749999999999996 0.175
0 0.555 0.13624999999999998 0.05249999999999995 0.06500000000000002
0 0.234375 0.18375 0.06125000000000007 0.05250000000000001
0 0.49625 0.17124999999999999 0.02999999999999998 0.01749999999999998
0 0.036875 0.23125 0.06874999999999999 0.1025
0 0.8324999999999999 0.23875000000000002 0.047499999999999966 0.07750000000000004
0 0.52375 0.27375 0.0750000000000001 0.08249999999999998
0 0.1125 0.48312499999999997 0.20999999999999996 0.32875
0 0.9756250000000002 0.45562500000000006 0.04874999999999989 0.14875000000000008
0 0.8768750000000001 0.47624999999999995 0.1762500000000001 0.16499999999999995
0 0.6581250000000001 0.47437500000000005 0.07625000000000001 0.10624999999999991
0 0.860625 0.7831250000000001 0.22124999999999986 0.43374999999999997
0 0.031875 0.678125 0.06375 0.10625
0 0.9806250000000001 0.6956249999999999 0.03874999999999993 0.1262500000000001
0 0.23312499999999997 0.74 0.14625 0.125
0 0.626875 0.75875 0.09625000000000003 0.11750000000000008
0 0.02 0.79125 0.04 0.10999999999999988
0 0.095 0.7918749999999999 0.034999999999999996 0.043749999999999914
0 0.25375000000000003 0.8324999999999999 0.06749999999999998 0.0700000000000001
0 0.6900000000000001 0.875625 0.04500000000000002 0.10124999999999992
0 0.74 0.8931250000000001 0.04499999999999993 0.08375000000000021
0 0.9862500000000001 0.9256250000000001 0.027500000000000035 0.14124999999999996
0 0.00875 0.9024999999999999 0.0175 0.07499999999999982
0 0.750625 0.9574999999999999 0.026250000000000016 0.05250000000000003
0 0.764375 0.990625 0.043749999999999914 0.01875
