0 0.0375 0.09562499999999996 0.075 0.19124999999999992
0 0.039375 0.536875 0.07875 0.13375000000000004
0 0.073125 0.9574999999999999 0.14625 0.08499999999999996
0 0.00875 0.624375 0.0175 0.053749999999999964
0 0.02125 0.681875 0.0425 0.036250000000000074
0 0.041875 0.85875 0.08375 0.04250000000000007
0 0.11187499999999999 0.21937499999999993 0.18875 0.21125000000000008
0 0.050624999999999996 0.11375000000000002 0.061250000000000006 0.07499999999999973
0 0.09 0.449375 0.1275 0.1337499999999999
0 0.125625 0.5743750000000001 0.17875 0.18125
0 0.09812499999999999 0.7768750000000001 0.07875000000000001 0.09875000000000007
0 0.145625 0.40875000000000006 0.10375000000000001 0.09499999999999993
0 0.19812500000000002 0.681875 0.18125000000000002 0.15874999999999995
0 0.15375 0.815625 0.09000000000000001 0.12124999999999994
0 0.195 0.04124999999999995 0.15999999999999998 0.0824999999999999
0 0.15250000000000002 0.9974999999999999 0.0375 0.005000000000000071
0 0.303125 0.77125 0.24875000000000008 0.17250000000000004
0 0.315625 0.38625000000000004 0.2612499999999999 0.33999999999999997
0 0.26312499999999994 0.56875 0.06374999999999997 0.0625
0 0.25875000000000004 0.9868750000000001 0.03750000000000005 0.02624999999999993
0 0.39 0.928125 0.22499999999999992 0.14375
0 0.32125000000000004 0.17125000000000007 0.06499999999999999 0.03499999999999981
0 0.46624999999999994 0.5824999999999999 0.29 0.2725000000000001
0 0.5825 0.9568749999999999 0.4525 0.08625000000000008
0 0.42062499999999997 0.07937500000000003 0.08625000000000002 0.05874999999999997
0 0.48125 0.21750000000000003 0.2 0.17499999999999982
0 0.44000000000000006 0.021250000000000047 0.06999999999999992 0.04250000000000009
0 0.4331250000000001 0.4125 0.053750000000000055 0.09500000000000006
0 0.465 0.82 0.11750000000000008 0.14000000000000004
0 0.556875 0.41125 0.16375 0.09999999999999983
0 0.51875 0.03125 0.057499999999999926 0.04249999999999998
0 0.551875 0.704375 0.11875 0.08125000000000009
0 0.5587500000000001 0.0706250000000001 0.04500000000000002 0.04125000000000012
0 0.58875 0.27937500000000004 0.027500000000000035 0.018750000000000044
0 0.6368750000000001 0.11687499999999988 0.11124999999999999 0.13124999999999998
0 0.71375 0.8550000000000001 0.25250000000000006 0.2575000000000001
0 0.646875 0.7418750000000001 0.11375000000000002 0.08625000000000008
0 0.624375 0.18687500000000007 0.036249999999999984 0.051249999999999886
0 0.7625 0.6025 0.25 0.22499999999999992
0 0.68 0.19874999999999998 0.05249999999999995 0.07249999999999998
0 0.701875 0.32000000000000006 0.09624999999999995 0.08250000000000002
0 0.681875 0.39937500000000004 0.053749999999999964 0.06875000000000005
0 0.8574999999999999 0.3949999999999999 0.24000000000000005 0.18000000000000002
0 0.840625 0.514375 0.15124999999999994 0.09375
0 0.8474999999999999 0.19999999999999996 0.1275000000000001 0.11000000000000007
0 0.928125 0.7875 0.14375 0.2824999999999999
0 0.9262499999999999 0.58375 0.07750000000000004 0.11499999999999995
0 0.968125 0.073125 0.06374999999999993 0.14625
0 0.991875 0.415625 0.016249999999999966 0.12374999999999994
0 0.9931249999999998 0.17312500000000003 0.013750000000000106 0.0412499999999999
0 0.9931249999999998 0.5887499999999999 0.013750000000000106 0.09249999999999999
