0 0.453125 0.97625 0.12624999999999992 0.047499999999999966
0 0.743125 0.9106249999999999 0.0812499999999999 0.06625000000000014
0 0.3225 0.82 0.09749999999999988 0.09749999999999996
0 0.008124999999999993 0.695 0.016249999999999987 0.1125
0 0.30125 0.704375 0.0700000000000001 0.05624999999999991
0 0.0625 0.6268750000000001 0.125 0.13625000000000007
0 0.394375 0.618125 0.09625000000000003 0.09624999999999986
0 0.3025 0.650625 0.040000000000000036 0.03125
0 0.6581250000000001 0.6381249999999999 0.05124999999999993 0.04125000000000005
0 0.16562500000000002 0.6 0.06125000000000003 0.0625
0 0.271875 0.6131249999999999 0.043749999999999956 0.03374999999999995
0 0.020000000000000018 0.51625 0.040000000000000036 0.15250000000000014
0 0.7093749999999999 0.44937499999999997 0.21124999999999988 0.22874999999999995
0 0.11187499999999999 0.4862499999999999 0.1762499999999999 0.1374999999999999
0 0.40625 0.471875 0.15999999999999998 0.1362499999999999
0 0.5493750000000001 0.49250000000000005 0.08875000000000002 0.08250000000000002
0 0.8949999999999999 0.3975 0.15249999999999986 0.15249999999999994
0 0.28250000000000003 0.25375000000000003 0.2725 0.1399999999999999
0 0.100625 0.259375 0.07874999999999999 0.10624999999999996
0 0.48937500000000006 0.23812500000000006 0.09624999999999995 0.11624999999999999
0 0.634375 0.22625000000000006 0.17874999999999996 0.1299999999999999
0 0.784375 0.22375000000000006 0.11125000000000007 0.11249999999999993
0 0.64375 0.08875 0.1625 0.13250000000000006
0 0.09312499999999996 0.04874999999999996 0.06874999999999976 0.0674999999999999
0 0.8393750000000001 0.04562500000000008 0.03375000000000004 0.028750000000000164
