0 0.891875 0.064375 0.1312499999999998 0.12875
0 0.5075000000000001 0.026875000000000003 0.0875 0.043750000000000004
0 0.32187499999999997 0.10687499999999998 0.19125000000000006 0.20124999999999998
0 0.013124999999999942 0.025 0.026249999999999885 0.0375
0 0.12375000000000007 0.08125 0.06499999999999984 0.05499999999999999
0 0.01749999999999996 0.085 0.03499999999999992 0.05000000000000001
0 0.06 0.0775 0.025000000000000022 0.022499999999999985
0 0.014999999999999902 0.133125 0.022499999999999964 0.023750000000000004
0 0.414375 0.20249999999999999 0.046250000000000034 0.032499999999999994
0 0.01874999999999999 0.25687499999999996 0.03749999999999998 0.09125000000000001
0 0.41437500000000005 0.24937499999999999 0.026250000000000016 0.026250000000000016
0 0.8487500000000001 0.30625 0.11999999999999975 0.1375
0 0.37687499999999996 0.28312499999999996 0.03125 0.028749999999999963
0 0.025624999999999953 0.40062499999999995 0.05124999999999991 0.20124999999999993
0 0.37374999999999997 0.36124999999999996 0.057499999999999975 0.07000000000000002
0 0.18125000000000013 0.34625000000000006 0.022499999999999964 0.03749999999999996
0 0.121875 0.355 0.036250000000000004 0.03500000000000001
0 0.43375 0.38125 0.05999999999999996 0.0475000000000001
0 0.491875 0.3918749999999999 0.028749999999999963 0.031249999999999955
0 0.8274999999999999 0.433125 0.10750000000000011 0.11125000000000003
0 0.10812500000000003 0.579375 0.21625000000000005 0.11624999999999996
0 0.323125 0.603125 0.03875000000000006 0.03875000000000002
0 0.351875 0.64125 0.03375000000000004 0.040000000000000036
0 0.09312500000000001 0.66625 0.06125000000000003 0.07000000000000002
0 0.259375 0.6793750000000001 0.04624999999999999 0.09124999999999997
0 0.601875 0.746875 0.04125000000000005 0.09375
0 0.67375 0.7412500000000001 0.0700000000000001 0.05999999999999996
0 0.021250000000000047 0.751875 0.04250000000000009 0.021250000000000036
0 0.755625 0.819375 0.09124999999999997 0.13124999999999992
0 0.21062499999999992 0.85 0.0737500000000002 0.09750000000000014
0 0.03437499999999999 0.850625 0.053750000000000075 0.05625
0 0.48687499999999995 0.9243750000000001 0.5112499999999999 0.15124999999999994
0 0.06312499999999999 0.9400000000000001 0.10624999999999996 0.11999999999999993
0 0.06062500000000004 0.9774999999999998 0.12125000000000008 0.04500000000000011
0 0.14124999999999993 0.978125 0.05500000000000005 0.04375
0 0.1875 0.9868750000000001 0.125 0.02624999999999993
0 0.8543749999999999 0.99375 0.15124999999999983 0.0125
