0 0.3232421875 0.017578125 0.119140625 0.03515625
0 0.4306640625 0.00830078125 0.052734375 0.0166015625
0 0.60888671875 0.0302734375 0.1142578125 0.060546875
0 0.943359375 0.01513671875 0.095703125 0.0302734375
0 0.29052734375 0.126953125 0.3427734375 0.234375
0 0.06396484375 0.20263671875 0.1279296875 0.1533203125
0 0.173828125 0.29248046875 0.10546875 0.1083984375
0 0.25 0.28271484375 0.072265625 0.0810546875
0 0.41455078125 0.2685546875 0.0439453125 0.041015625
0 0.41796875 0.37451171875 0.109375 0.1845703125
0 0.0703125 0.36767578125 0.140625 0.1162109375
0 0.58349609375 0.431640625 0.2353515625 0.162109375
0 0.48291015625 0.47412109375 0.1201171875 0.1083984375
0 0.341796875 0.43505859375 0.037109375 0.0244140625
0 0.36669921875 0.4921875 0.0478515625 0.052734375
0 0.46728515625 0.60302734375 0.1103515625 0.1142578125
0 0.57275390625 0.66259765625 0.1357421875 0.1298828125
0 0.76123046875 0.640625 0.0615234375 0.06640625
0 0.95166015625 0.744140625 0.0966796875 0.126953125
0 0.34814453125 0.7353515625 0.1279296875 0.1015625
0 0.30078125 0.85595703125 0.22265625 0.2880859375
0 0.49609375 0.75927734375 0.07421875 0.0654296875
0 0.18017578125 0.80419921875 0.0634765625 0.0830078125
0 0.89453125 0.83349609375 0.072265625 0.1240234375
0 0.41796875 0.8388671875 0.140625 0.119140625
0 0.0498046875 0.861328125 0.099609375 0.15625
0 0.134765625 0.837890625 0.0625 0.052734375
0 0.81201171875 0.8486328125 0.0537109375 0.03515625
0 0.09814453125 0.92138671875 0.1845703125 0.1572265625
0 0.470703125 0.9169921875 0.091796875 0.1171875
0 0.8486328125 0.890625 0.046875 0.0390625
