0 0.030625000000000003 0.21625000000000005 0.061250000000000006 0.14500000000000002
0 0.216875 0.64 0.43375 0.2425
0 0.17687499999999998 0.9912500000000002 0.061249999999999985 0.017499999999999894
0 0.22312500000000002 0.9243750000000001 0.10625 0.08874999999999993
0 0.215 0.9818749999999999 0.05499999999999998 0.036250000000000074
0 0.48875 0.663125 0.19500000000000012 0.18625000000000008
0 0.5650000000000001 0.23937499999999998 0.11500000000000013 0.08624999999999994
0 0.7281249999999999 0.6900000000000001 0.2987499999999999 0.16750000000000007
0 0.7975 0.5974999999999999 0.15749999999999992 0.14000000000000004
0 0.8306249999999998 0.464375 0.14124999999999996 0.16875
0 0.7962499999999999 0.3225 0.047499999999999966 0.040000000000000036
0 0.8774999999999998 0.32687499999999997 0.09249999999999989 0.07874999999999996
0 0.9331250000000001 0.445625 0.13375000000000004 0.15625000000000014
0 0.97875 0.10875000000000008 0.04250000000000007 0.12250000000000016
0 0.9875 0.253125 0.025 0.21625000000000014
