0 0.920625 0.05625 0.15874999999999986 0.1125
0 0.4287500000000001 0.01 0.12750000000000009 0.02
0 0.09124999999999994 0.086875 0.1475000000000002 0.17375
0 0.9981249999999999 0.203125 0.0037499999999999643 0.22874999999999995
0 0.38375000000000004 0.135 0.05250000000000003 0.06500000000000002
0 0.704375 0.1825 0.061249999999999895 0.05249999999999999
0 0.44250000000000006 0.16999999999999998 0.02999999999999998 0.01749999999999998
0 0.9018750000000001 0.22999999999999998 0.06875000000000017 0.10250000000000001
0 0.974375 0.240625 0.05124999999999993 0.09375
0 0.10625 0.2375 0.04750000000000021 0.07750000000000001
0 0.41500000000000004 0.27249999999999996 0.0750000000000001 0.08249999999999998
0 0.8262499999999999 0.48187499999999994 0.21000000000000005 0.32875000000000004
0 0.07500000000000001 0.475 0.15000000000000002 0.16499999999999998
0 0.280625 0.473125 0.07624999999999993 0.10625
0 0.975 0.540625 0.05 0.16875
0 0.09437499999999999 0.7825 0.18874999999999997 0.43500000000000005
0 0.985625 0.631875 0.028750000000000143 0.06374999999999993
0 0.9349999999999999 0.6768750000000001 0.11999999999999993 0.10624999999999991
0 0.7056250000000001 0.7387499999999999 0.14624999999999994 0.12499999999999992
0 0.311875 0.7575 0.09624999999999995 0.11749999999999998
0 0.93875 0.7899999999999999 0.08000000000000007 0.10999999999999996
0 0.84375 0.790625 0.03499999999999979 0.04375
0 0.6849999999999999 0.83125 0.06749999999999998 0.06999999999999992
0 0.9956250000000001 0.8574999999999999 0.008750000000000036 0.10750000000000011
0 0.24874999999999997 0.874375 0.04500000000000006 0.10124999999999992
0 0.19874999999999993 0.891875 0.04500000000000004 0.08375000000000003
0 0.9581250000000001 0.9012499999999999 0.0737499999999999 0.075
0 0.18812500000000004 0.95625 0.026249999999999975 0.05250000000000003
0 0.97875 0.985625 0.04250000000000007 0.028750000000000143
0 0.17437500000000006 0.99 0.043749999999999956 0.019999999999999928
