0 0.08812499999999984 0.01375000000000004 0.10875000000000001 0.02750000000000008
0 0.946875 0.04999999999999999 0.10625 0.09999999999999998
0 0.48187500000000005 0.011249999999999982 0.03125 0.022499999999999964
0 0.078125 0.12562500000000004 0.15625 0.20125
0 0.47875000000000006 0.08625 0.05750000000000011 0.07000000000000017
0 0.28625 0.07125000000000004 0.022499999999999964 0.03750000000000009
0 0.226875 0.07999999999999996 0.036250000000000025 0.03499999999999992
0 0.53875 0.10625 0.06000000000000005 0.04750000000000021
0 0.596875 0.11687500000000006 0.028750000000000053 0.03125
0 0.9324999999999999 0.15812500000000002 0.10749999999999993 0.11124999999999999
0 0.21312500000000006 0.304375 0.21624999999999997 0.1162500000000001
0 0.05249999999999999 0.26749999999999996 0.01750000000000007 0.01499999999999999
0 0.020624999999999893 0.28374999999999995 0.026249999999999885 0.022499999999999964
0 0.428125 0.328125 0.03875000000000002 0.03874999999999984
0 0.04562499999999997 0.3781250000000001 0.06625000000000003 0.07125000000000008
0 0.456875 0.36624999999999996 0.03375000000000004 0.040000000000000036
0 0.19812500000000005 0.39125 0.061249999999999916 0.07000000000000006
0 0.364375 0.40437500000000004 0.0462499999999999 0.09124999999999997
0 0.00187499999999996 0.425 0.00374999999999992 0.1
0 0.706875 0.471875 0.04124999999999997 0.09375
0 0.7787499999999999 0.46625000000000005 0.06999999999999992 0.05999999999999996
0 0.125625 0.476875 0.043749999999999956 0.021250000000000036
0 0.860625 0.5443749999999999 0.09125000000000014 0.13125
0 0.31562500000000004 0.575 0.07374999999999998 0.09750000000000006
0 0.13937500000000003 0.5756249999999999 0.053749999999999964 0.05625
0 0.591875 0.7487499999999999 0.5112499999999999 0.3499999999999999
0 0.16812499999999997 0.6668749999999999 0.10624999999999996 0.12374999999999999
0 0.015625 0.7006249999999999 0.03125 0.05625
0 0.13187499999999996 0.7318749999999999 0.18874999999999995 0.10374999999999987
0 0.24625000000000002 0.70625 0.05500000000000007 0.05
0 0.2925 0.7606249999999999 0.125 0.12374999999999999
0 0.9418749999999999 0.8 0.11624999999999996 0.175
