0 0.4856249999999999 0.0475 0.09375 0.095
0 0.91375 0.04375 0.022499999999999964 0.02999999999999999
0 0.479375 0.175625 0.16625 0.16125
0 0.5525 0.390625 0.34249999999999997 0.23625000000000002
0 0.9149999999999998 0.35250000000000004 0.13750000000000018 0.14499999999999996
0 0.759375 0.45125000000000004 0.08125 0.14000000000000004
0 0.8699999999999999 0.44125 0.10250000000000004 0.08749999999999995
0 0.35750000000000004 0.540625 0.0625 0.08125
0 0.8324999999999999 0.6 0.10250000000000004 0.10750000000000001
0 0.343125 0.7025 0.18874999999999997 0.2
0 0.9956250000000001 0.8387499999999999 0.008750000000000036 0.32249999999999995
0 0.81375 0.745625 0.14749999999999996 0.1137500000000001
0 0.984375 0.7849999999999999 0.03125 0.09499999999999993
0 0.8556250000000001 0.784375 0.03375000000000021 0.05625
0 0.7918749999999999 0.834375 0.04624999999999986 0.038750000000000104
0 0.8400000000000001 0.87625 0.11999999999999993 0.1049999999999999
0 0.9800000000000001 0.913125 0.040000000000000036 0.10375000000000015
0 0.9331250000000001 0.925 0.046250000000000034 0.04249999999999989
