0 0.328125 0.93625 0.22375000000000003 0.12749999999999986
0 0.94375 0.9925 0.1125 0.015000000000000036
0 0.03125 0.9956250000000001 0.0625 0.008750000000000036
0 0.755625 0.9600000000000002 0.09624999999999995 0.07999999999999989
0 0.8800000000000001 0.928125 0.11500000000000003 0.11374999999999993
0 0.21875 0.8550000000000001 0.08499999999999999 0.07499999999999982
0 0.696875 0.828125 0.11375000000000002 0.12624999999999992
0 0.073125 0.858125 0.03624999999999999 0.05125000000000011
0 0.9893750000000001 0.826875 0.021250000000000036 0.06624999999999996
0 0.05375 0.79375 0.03 0.04499999999999993
0 0.4987500000000001 0.744375 0.13999999999999996 0.12624999999999992
0 0.99375 0.7681250000000001 0.0125 0.04874999999999998
0 0.18875000000000003 0.725625 0.11750000000000001 0.11875000000000009
0 0.9949999999999999 0.6575 0.009999999999999964 0.14499999999999993
0 0.690625 0.6637500000000001 0.12374999999999989 0.10999999999999996
0 0.318125 0.665625 0.09874999999999998 0.09375
0 0.01875 0.6431250000000001 0.0375 0.07875000000000006
0 0.11937499999999998 0.585 0.05874999999999999 0.039999999999999945
0 0.7162499999999999 0.56125 0.039999999999999945 0.03499999999999996
0 0.44499999999999995 0.52125 0.05499999999999998 0.050000000000000086
0 0.9912500000000002 0.529375 0.017499999999999894 0.028749999999999963
0 0.12437499999999999 0.460625 0.08875 0.10875000000000004
0 0.23874999999999996 0.47000000000000003 0.02999999999999998 0.03499999999999996
0 0.7575000000000001 0.456875 0.06500000000000003 0.061249999999999985
0 0.5131249999999999 0.465625 0.03874999999999993 0.04125000000000005
0 0.976875 0.385 0.046250000000000034 0.15750000000000003
0 0.4675000000000001 0.42750000000000005 0.047500000000000056 0.04249999999999998
0 0.0025 0.3725 0.005 0.1425
0 0.8418750000000002 0.39187500000000003 0.09375000000000008 0.05625
0 0.5475000000000001 0.40812499999999996 0.025 0.021250000000000036
0 0.0475 0.39687500000000003 0.03 0.036249999999999984
0 0.8550000000000001 0.259375 0.1750000000000001 0.23124999999999996
0 0.946875 0.23562499999999992 0.10625 0.1862500000000001
0 0.69625 0.16062500000000002 0.29000000000000015 0.32125000000000004
0 0.44250000000000006 0.27937500000000004 0.06749999999999998 0.06874999999999995
0 0.46749999999999997 0.195 0.13999999999999999 0.2225
0 0.24125000000000002 0.22750000000000004 0.01749999999999998 0.022499999999999964
0 0.025 0.17437500000000006 0.05 0.07124999999999981
0 0.37374999999999997 0.12250000000000001 0.09749999999999996 0.1050000000000001
0 0.64625 0.07374999999999998 0.08749999999999991 0.10250000000000004
0 0.29874999999999996 0.07624999999999993 0.08000000000000003 0.039999999999999813
0 0.93125 0.025624999999999953 0.1375 0.05124999999999991
0 0.098125 0.023749999999999993 0.061250000000000006 0.04500000000000004
0 0.0475 0.010624999999999996 0.015000000000000003 0.02124999999999999
