0 0.601875 0.015625 0.09874999999999998 0.03125
0 0.87375 0.034375 0.047499999999999966 0.061250000000000006
0 0.268125 0.1075 0.06625000000000006 0.08499999999999999
0 0.9075 0.174375 0.08499999999999996 0.16625
0 0.595 0.265 0.1625 0.2975
0 0.7537499999999999 0.1525 0.0375 0.032499999999999994
0 0.396875 0.309375 0.19875000000000007 0.20875000000000005
0 0.91875 0.323125 0.1625 0.17625000000000002
0 0.26437499999999997 0.305 0.03874999999999997 0.06499999999999999
0 0.20875 0.30562500000000004 0.0375 0.04875000000000003
0 0.056874999999999995 0.31500000000000006 0.04375 0.04750000000000001
0 0.7056250000000001 0.40625 0.2087500000000002 0.20249999999999996
0 0.253125 0.37374999999999997 0.05874999999999999 0.05
0 0.10375000000000001 0.38875 0.05500000000000001 0.05249999999999995
0 0.195625 0.39875 0.06625 0.047499999999999966
0 0.4574999999999999 0.44375 0.09500000000000001 0.0625
0 0.118125 0.55125 0.05375 0.08000000000000007
0 0.7024999999999999 0.58125 0.0875 0.11999999999999993
0 0.145625 0.661875 0.07125 0.08874999999999993
0 0.281875 0.684375 0.08874999999999997 0.12374999999999989
0 0.845 0.7200000000000001 0.12250000000000005 0.12000000000000002
0 0.91875 0.7418750000000001 0.08000000000000007 0.11124999999999989
0 0.22000000000000003 0.8487500000000001 0.05500000000000001 0.10250000000000004
0 0.940625 0.915625 0.11875 0.16625000000000015
0 0.6668749999999999 0.928125 0.11375000000000002 0.14375
0 0.0025 0.985 0.005 0.030000000000000072
