0 0.24312499999999998 0.65 0.18125 0.17
0 0.3375 0.41000000000000003 0.125 0.13250000000000012
0 0.4887499999999999 0.809375 0.05499999999999998 0.053750000000000145
0 0.534375 0.37312500000000004 0.07375000000000007 0.06375000000000001
0 0.6043749999999999 0.23625 0.06375000000000001 0.04750000000000001
0 0.6525000000000001 0.558125 0.15499999999999997 0.14375
0 0.6456250000000001 0.39187500000000003 0.13624999999999998 0.10124999999999992
0 0.605 0.2768750000000001 0.05 0.03874999999999997
0 0.625 0.311875 0.0674999999999999 0.03875000000000006
0 0.69125 0.4518750000000001 0.022499999999999964 0.023749999999999983
0 0.71875 0.7925000000000001 0.04250000000000007 0.050000000000000086
0 0.733125 0.8456250000000001 0.043749999999999914 0.04874999999999989
0 0.72625 0.484375 0.01250000000000009 0.013750000000000106
0 0.875 0.63125 0.25 0.29750000000000004
0 0.821875 0.540625 0.11374999999999993 0.08874999999999993
0 0.790625 0.98375 0.04375 0.03249999999999993
0 0.8799999999999999 0.345 0.057499999999999926 0.03750000000000009
