0 0.76125 0.9037499999999999 0.24749999999999997 0.19250000000000006
0 0.446875 0.9462499999999998 0.18375000000000014 0.10750000000000011
0 0.5068750000000001 0.903125 0.0012500000000001065 0.0012500000000001065
0 0.41500000000000004 0.778125 0.1325 0.23374999999999996
0 0.380625 0.625 0.11375000000000002 0.05500000000000007
0 0.4831250000000001 0.62625 0.04875000000000007 0.047499999999999966
0 0.754375 0.6018749999999999 0.09625000000000003 0.04874999999999989
0 0.39812499999999995 0.49312500000000004 0.22875000000000006 0.19125000000000006
0 0.7224999999999999 0.51 0.15249999999999994 0.10250000000000004
0 0.35437500000000005 0.46062499999999995 0.08875000000000002 0.07124999999999995
0 0.6475 0.378125 0.1375000000000001 0.1862499999999999
0 0.751875 0.375 0.07874999999999996 0.14999999999999997
0 0.48687500000000006 0.345625 0.09874999999999998 0.1437499999999999
0 0.56375 0.36437499999999995 0.05499999999999998 0.08875000000000002
0 0.32875000000000004 0.299375 0.11999999999999997 0.13875
0 0.553125 0.27937500000000004 0.07125000000000004 0.06374999999999997
0 0.28125 0.19062500000000004 0.020000000000000018 0.013749999999999929
0 0.3081250000000001 0.09499999999999992 0.19375 0.18999999999999984
0 0.586875 0.06874999999999998 0.34125000000000016 0.13749999999999996
