0 0.039375 0.53125 0.07875 0.175
0 0.018125 0.276875 0.03625 0.09624999999999995
0 0.02 0.73 0.04 0.10250000000000004
0 0.061875 0.33375 0.06624999999999999 0.09749999999999988
0 0.0625 0.03374999999999995 0.0375 0.02750000000000008
0 0.20812499999999998 0.728125 0.26625 0.54375
0 0.244375 0.21875 0.12375 0.12250000000000005
0 0.265625 0.3925 0.13624999999999998 0.12999999999999998
0 0.33187500000000003 0.9643750000000001 0.22374999999999998 0.07125000000000004
0 0.33375 0.6775 0.02999999999999998 0.0674999999999999
0 0.38500000000000006 0.21437499999999998 0.11000000000000001 0.10125000000000009
0 0.36937499999999995 0.7537499999999999 0.04375 0.06500000000000003
0 0.42375000000000007 0.3393750000000001 0.12000000000000002 0.11875000000000005
0 0.403125 0.9881249999999999 0.028750000000000008 0.02375000000000007
0 0.5393749999999999 0.9706250000000001 0.05625 0.05875000000000004
0 0.589375 0.31562500000000004 0.11624999999999996 0.09375
0 0.558125 0.860625 0.05125000000000011 0.021250000000000036
0 0.675 0.4625 0.14750000000000013 0.20500000000000007
0 0.6275000000000001 0.951875 0.02999999999999998 0.026250000000000107
0 0.631875 0.14812500000000006 0.021250000000000036 0.03624999999999989
0 0.6975 0.15312499999999996 0.07000000000000002 0.06625000000000014
0 0.6849999999999999 0.9931249999999998 0.025 0.013750000000000106
0 0.789375 0.27375 0.1937500000000001 0.2174999999999999
0 0.758125 0.6693749999999999 0.053750000000000055 0.05874999999999995
0 0.750625 0.975 0.03374999999999995 0.027499999999999858
0 0.8006249999999999 0.54625 0.09875000000000007 0.175
0 0.8168749999999999 0.185 0.03375000000000004 0.032500000000000064
0 0.8418750000000002 0.20937499999999992 0.03125 0.03875000000000017
0 0.8675 0.43187499999999995 0.05999999999999996 0.07874999999999996
0 0.8825 0.15250000000000002 0.05999999999999996 0.03749999999999998
0 0.9275 0.6356249999999999 0.14499999999999993 0.22375000000000017
0 0.951875 0.303125 0.09624999999999986 0.15625
0 0.9962500000000001 0.41187500000000005 0.007499999999999929 0.016249999999999966
