0 0.283125 0.02125 0.11375000000000002 0.0425
0 0.595 0.11374999999999999 0.0625 0.05499999999999999
0 0.44000000000000006 0.17875000000000002 0.18000000000000008 0.10250000000000004
0 0.846875 0.26187499999999997 0.14625000000000005 0.14375
0 0.884375 0.41 0.09624999999999986 0.047500000000000056
0 0.900625 0.5525 0.07375000000000007 0.08749999999999991
0 0.8681249999999998 0.705625 0.19124999999999998 0.19124999999999998
0 0.216875 0.69875 0.15624999999999994 0.14749999999999996
0 0.08375 0.64625 0.0425 0.02999999999999998
0 0.10187500000000001 0.796875 0.06375 0.07624999999999993
0 0.17875000000000002 0.866875 0.22000000000000003 0.19124999999999998
0 0.64375 0.8556250000000001 0.2125 0.1587500000000001
0 0.8618750000000001 0.8887499999999999 0.25125000000000003 0.22250000000000006
0 0.03625 0.85375 0.0725 0.14250000000000007
0 0.16 0.9806250000000001 0.2375 0.03874999999999993
0 0.7856249999999999 0.99875 0.043749999999999914 0.002499999999999858
