0 0.0618749999999999 0.621875 0.0987499999999999 0.11374999999999993
0 0.24000000000000005 0.615 0.12 0.1125
0 0.65 0.43937500000000007 0.16999999999999993 0.16375
0 0.9262499999999999 0.48562500000000003 0.06750000000000007 0.06624999999999996
0 0.5275000000000001 0.476875 0.047500000000000056 0.06624999999999996
0 0.390625 0.428125 0.20124999999999993 0.13875
0 0.17062499999999992 0.42000000000000004 0.22625000000000006 0.125
0 0.76875 0.40062499999999995 0.047499999999999966 0.06375000000000001
0 0.9756250000000002 0.36875 0.04874999999999989 0.10250000000000004
0 0.05125000000000002 0.33875 0.10250000000000004 0.13250000000000012
0 0.5131249999999999 0.296875 0.12374999999999999 0.13624999999999998
0 0.09687500000000004 0.195625 0.15625 0.14374999999999996
0 0.951875 0.2225 0.056250000000000175 0.08249999999999999
0 0.019374999999999976 0.16437499999999994 0.03874999999999995 0.07125000000000004
0 0.48312499999999997 0.070625 0.23375000000000004 0.14125
0 0.693125 0.06437499999999996 0.16625000000000006 0.12874999999999992
0 0.09937500000000005 0.057499999999999996 0.14374999999999993 0.11499999999999999
0 0.01874999999999999 0.05874999999999991 0.03749999999999998 0.07750000000000001
0 0.5706249999999999 0.0050000000000000044 0.40624999999999983 0.010000000000000009
0 0.008749999999999925 0.0050000000000000044 0.01749999999999985 0.010000000000000009
