0 0.065625 0.01 0.09375 0.02
0 0.72875 0.01125 0.16999999999999993 0.0225
0 0.9868750000000001 0.02375 0.02624999999999993 0.0475
0 0.05500000000000001 0.12 0.11000000000000001 0.24
0 0.33125 0.0725 0.19250000000000006 0.145
0 0.57125 0.040625 0.14499999999999993 0.08125
0 0.781875 0.063125 0.16124999999999998 0.12625
0 0.45562499999999995 0.138125 0.13374999999999998 0.21125
0 0.21437499999999998 0.09375 0.05624999999999998 0.04250000000000002
0 0.9168749999999999 0.20625 0.16624999999999995 0.21000000000000002
0 0.543125 0.15625 0.053749999999999964 0.05249999999999999
0 0.600625 0.17875 0.036249999999999984 0.057499999999999975
0 0.7775000000000001 0.205625 0.04249999999999998 0.08624999999999998
0 0.138125 0.27687500000000004 0.21125 0.18875000000000003
0 0.035 0.215625 0.07 0.061249999999999985
0 0.368125 0.255 0.13374999999999995 0.1275
0 0.49312500000000004 0.290625 0.18125 0.17874999999999996
0 0.695625 0.26312499999999994 0.09874999999999998 0.07875000000000001
0 0.3275 0.31062500000000004 0.09499999999999997 0.10375000000000001
0 0.6006250000000001 0.363125 0.15875000000000003 0.18124999999999997
0 0.734375 0.31875 0.12125000000000004 0.09000000000000004
0 0.000625 0.36000000000000004 0.00125 0.16
0 0.9337499999999999 0.3175 0.040000000000000036 0.03749999999999996
0 0.960625 0.355 0.06875 0.07249999999999997
0 0.6900000000000001 0.468125 0.17250000000000004 0.24875000000000008
0 0.305 0.480625 0.33999999999999997 0.26125
0 0.4875 0.428125 0.0625 0.06375000000000006
0 0.9149999999999998 0.42375000000000007 0.04500000000000011 0.03749999999999991
0 0.8875 0.5549999999999999 0.225 0.225
0 0.09 0.48624999999999996 0.034999999999999996 0.06500000000000003
0 0.50125 0.63125 0.2725 0.29000000000000004
0 0.91625 0.7475 0.16750000000000007 0.4525
0 0.013750000000000002 0.5856250000000001 0.027500000000000004 0.08625000000000008
0 0.13624999999999998 0.64625 0.175 0.1999999999999999
0 0.33125 0.598125 0.09499999999999997 0.053749999999999964
0 0.73875 0.63 0.14000000000000004 0.1174999999999999
0 0.32999999999999996 0.721875 0.09999999999999995 0.16374999999999992
0 0.6231249999999999 0.7168749999999999 0.0812499999999999 0.11875000000000009
0 0.005 0.72375 0.01 0.04499999999999993
0 0.19812499999999997 0.7537499999999999 0.01874999999999998 0.027499999999999948
0 0.05062500000000001 0.8018750000000001 0.10125000000000002 0.11125000000000015
0 0.77375 0.87625 0.2575 0.24750000000000005
0 0.660625 0.811875 0.0862499999999999 0.11375000000000002
0 0.105625 0.7893749999999999 0.05125 0.03624999999999989
0 0.52125 0.9012499999999999 0.225 0.19749999999999995
0 0.11750000000000001 0.845 0.07250000000000001 0.05250000000000003
0 0.23875000000000002 0.866875 0.08250000000000002 0.09625000000000003
0 0.318125 0.846875 0.06875 0.053750000000000145
0 0.31375 0.9512499999999999 0.18 0.09749999999999996
0 0.433125 0.9650000000000001 0.09375 0.06999999999999992
0 0.11875 0.974375 0.10999999999999999 0.05124999999999993
