0 0.9643750000000001 0.07 0.07125000000000004 0.14
0 0.59875 0.12 0.32249999999999995 0.2225
0 0.35875 0.0925 0.1 0.1325
0 0.896875 0.28875 0.20625 0.21000000000000002
0 0.45812500000000006 0.3675 0.32875000000000004 0.3
0 0.960625 0.4 0.07874999999999996 0.22249999999999998
0 0.625 0.5262499999999999 0.29000000000000004 0.21749999999999997
0 0.198125 0.48875 0.10874999999999999 0.13250000000000012
0 0.8881249999999999 0.533125 0.22374999999999998 0.12374999999999989
0 0.395625 0.599375 0.11624999999999996 0.17375000000000007
0 0.14875 0.651875 0.1775 0.14874999999999988
0 0.41125 0.815625 0.615 0.36875
0 0.206875 0.74375 0.14125000000000004 0.17
0 0.798125 0.790625 0.20625 0.18374999999999994
0 0.9512499999999999 0.796875 0.09749999999999996 0.19624999999999995
0 0.025 0.83625 0.05 0.265
0 0.698125 0.965625 0.22874999999999995 0.06875
0 0.090625 0.9931249999999998 0.18125 0.013750000000000106
