0 0.6512499999999999 0.060625 0.12250000000000005 0.12125
0 0.44625000000000004 0.06375 0.10000000000000005 0.11499999999999999
0 0.254375 0.17625 0.12875 0.14999999999999997
0 0.9824999999999999 0.26312499999999994 0.03499999999999996 0.25125
0 0.19437500000000002 0.27875 0.11624999999999999 0.10750000000000001
0 0.284375 0.410625 0.11375000000000002 0.13125000000000003
0 0.7975000000000001 0.47375 0.20250000000000004 0.22750000000000004
0 0.22999999999999998 0.663125 0.18249999999999997 0.19125000000000006
0 0.44749999999999995 0.6525 0.08999999999999994 0.13499999999999995
0 0.008125 0.694375 0.01625 0.08875000000000002
0 0.7975000000000001 0.7837500000000001 0.08750000000000009 0.08500000000000014
0 0.67875 0.8618749999999998 0.16000000000000006 0.20374999999999996
0 0.45625 0.820625 0.03249999999999993 0.046250000000000034
0 0.5349999999999999 0.8237500000000001 0.02999999999999998 0.03500000000000014
0 0.8243750000000001 0.9262499999999999 0.10874999999999994 0.11999999999999993
0 0.9100000000000001 0.99 0.05250000000000003 0.019999999999999928
