0 0.011875000000000024 0.03125 0.02375000000000005 0.0625
0 0.09687500000000004 0.313125 0.053749999999999964 0.06874999999999995
0 0.24874999999999997 0.2675 0.2225 0.20750000000000002
0 0.21187500000000004 0.12874999999999998 0.10124999999999984 0.09999999999999999
0 0.366875 0.08812499999999998 0.11624999999999992 0.10874999999999999
0 0.645 0.8625 0.3575000000000001 0.275
0 0.529375 0.343125 0.07624999999999993 0.07875000000000001
0 0.5912499999999999 0.14562499999999998 0.15 0.13874999999999998
0 0.708125 0.60125 0.22874999999999995 0.24750000000000005
0 0.7 0.035625 0.09249999999999989 0.07125
0 0.7462500000000001 0.3275 0.10750000000000001 0.09000000000000004
0 0.7175 0.39812499999999995 0.032500000000000015 0.03374999999999995
0 0.849375 0.379375 0.16125000000000006 0.15875000000000003
0 0.8506250000000002 0.5974999999999999 0.06624999999999996 0.05500000000000007
0 0.8543749999999999 0.520625 0.06375000000000011 0.08375000000000003
0 0.9400000000000001 0.49312500000000004 0.11999999999999993 0.08875000000000002
0 0.9962500000000001 0.9875 0.007499999999999929 0.025
