0 0.00625 0.635 0.0125 0.09749999999999988
0 0.08875 0.9706250000000001 0.1125 0.05875000000000004
0 0.079375 0.65625 0.05625 0.0700000000000001
0 0.15687500000000001 0.9087499999999998 0.13625 0.15250000000000002
0 0.165625 0.563125 0.09625000000000003 0.09624999999999995
0 0.133125 0.655 0.03125 0.040000000000000036
0 0.145625 0.29937499999999995 0.04125000000000001 0.05125000000000002
0 0.18375 0.7918749999999999 0.0625 0.061249999999999985
0 0.170625 0.6856249999999999 0.03374999999999999 0.04375000000000009
0 0.26749999999999996 0.95875 0.1525 0.08249999999999993
0 0.334375 0.24812499999999993 0.22874999999999995 0.21125000000000016
0 0.2975 0.8456250000000001 0.1375 0.1762500000000001
0 0.311875 0.55125 0.13624999999999998 0.15999999999999998
0 0.29125 0.40812500000000007 0.08250000000000002 0.08875000000000002
0 0.38625 0.06937500000000008 0.1525 0.13875000000000015
0 0.53 0.675 0.13999999999999996 0.27250000000000013
0 0.524375 0.8568750000000002 0.10625 0.07874999999999996
0 0.545625 0.468125 0.11624999999999996 0.09624999999999995
0 0.5575 0.323125 0.13000000000000006 0.17874999999999996
0 0.5599999999999999 0.17312499999999997 0.1124999999999999 0.11125000000000007
0 0.585 0.9800000000000001 0.12999999999999998 0.040000000000000036
0 0.6950000000000001 0.31375000000000003 0.13249999999999992 0.1625
0 0.735 0.8643750000000001 0.06749999999999998 0.06875000000000017
0 0.7381249999999999 0.11812500000000004 0.028749999999999963 0.03374999999999995
0 0.929375 0.609375 0.07375000000000025 0.05875000000000004
