0 0.9881249999999999 0.990625 0.02375000000000007 0.01875
0 0.588125 0.91375 0.22124999999999995 0.17249999999999996
0 0.024374999999999925 0.963125 0.04874999999999985 0.07375000000000007
0 0.114375 0.951875 0.12125000000000008 0.09624999999999986
0 0.71 0.8481249999999999 0.04499999999999993 0.053749999999999964
0 0.5125 0.6425000000000001 0.2625 0.32
0 0.7068749999999999 0.75875 0.05124999999999993 0.06499999999999986
0 0.725625 0.465 0.24375 0.45249999999999996
0 0.161875 0.6174999999999999 0.09125000000000005 0.1
0 0.9637499999999999 0.5193749999999999 0.07249999999999997 0.21125000000000008
0 0.44312499999999994 0.45062499999999994 0.22374999999999984 0.22374999999999998
0 0.8625 0.42874999999999996 0.14250000000000007 0.19750000000000006
0 0.11499999999999999 0.438125 0.10749999999999993 0.09874999999999998
0 0.03250000000000003 0.44125000000000003 0.025000000000000244 0.040000000000000036
0 0.9487500000000001 0.305625 0.10250000000000004 0.13875
0 0.8324999999999999 0.2493749999999999 0.1049999999999999 0.2137500000000001
0 0.67125 0.23562499999999997 0.2000000000000001 0.2137500000000001
0 0.475 0.23187499999999997 0.195 0.20625000000000004
0 0.9431249999999999 0.15499999999999997 0.07125000000000004 0.08750000000000024
0 0.5743750000000001 0.08687500000000004 0.10374999999999987 0.10124999999999984
0 0.763125 0.06812500000000005 0.2512500000000001 0.1362500000000001
0 0.4737499999999999 0.10312500000000002 0.07000000000000002 0.06625000000000014
0 0.39437500000000003 0.020000000000000018 0.18874999999999997 0.040000000000000036
0 0.05625000000000002 0.016874999999999918 0.11250000000000004 0.033749999999999836
0 0.884375 0.0037499999999999756 0.20374999999999996 0.007499999999999951
0 0.598125 0.0037499999999999756 0.08375000000000003 0.007499999999999951
