0 0.6884765625 0.95654296875 0.130859375 0.0869140625
0 0.17578125 0.94677734375 0.091796875 0.0908203125
0 0.646484375 0.9248046875 0.103515625 0.09375
0 0.673828125 0.8681640625 0.091796875 0.0703125
0 0.01025390625 0.86279296875 0.0205078125 0.0693359375
0 0.60009765625 0.81591796875 0.1142578125 0.0966796875
0 0.6787109375 0.77783203125 0.083984375 0.0986328125
0 0.1416015625 0.76318359375 0.072265625 0.0869140625
0 0.29833984375 0.755859375 0.1005859375 0.076171875
0 0.59814453125 0.71240234375 0.1787109375 0.1513671875
0 0.4912109375 0.75439453125 0.060546875 0.0654296875
0 0.73681640625 0.71435546875 0.0869140625 0.1083984375
0 0.89111328125 0.65771484375 0.1923828125 0.1630859375
0 0.458984375 0.671875 0.09765625 0.11328125
0 0.208984375 0.65771484375 0.16796875 0.1162109375
0 0.34619140625 0.654296875 0.0947265625 0.119140625
0 0.09765625 0.67724609375 0.033203125 0.0400390625
0 0.0888671875 0.6220703125 0.048828125 0.05859375
0 0.70458984375 0.5087890625 0.1513671875 0.1484375
0 0.626953125 0.54296875 0.052734375 0.076171875
0 0.05712890625 0.48291015625 0.0751953125 0.1240234375
0 0.0068359375 0.52734375 0.013671875 0.033203125
0 0.51123046875 0.501953125 0.0498046875 0.072265625
0 0.2197265625 0.41064453125 0.080078125 0.1064453125
0 0.4775390625 0.421875 0.056640625 0.08203125
0 0.38525390625 0.38623046875 0.0869140625 0.0927734375
0 0.78857421875 0.3251953125 0.2255859375 0.19140625
0 0.00537109375 0.36572265625 0.0107421875 0.0244140625
0 0.08251953125 0.26708984375 0.0947265625 0.2138671875
0 0.2939453125 0.2919921875 0.1484375 0.150390625
0 0.0234375 0.26123046875 0.046875 0.1689453125
0 0.40283203125 0.31005859375 0.0458984375 0.0595703125
0 0.9453125 0.26171875 0.07421875 0.072265625
0 0.90087890625 0.23828125 0.0810546875 0.08203125
0 0.47021484375 0.18310546875 0.0791015625 0.1064453125
0 0.552734375 0.15283203125 0.1328125 0.1630859375
0 0.70751953125 0.08251953125 0.2021484375 0.1650390625
0 0.62060546875 0.15771484375 0.0009765625 0.0009765625
0 0.93359375 0.072265625 0.115234375 0.14453125
0 0.8330078125 0.06298828125 0.08203125 0.1259765625
0 0.46435546875 0.0517578125 0.1123046875 0.103515625
0 0.556640625 0.029296875 0.056640625 0.05859375
0 0.064453125 0.025390625 0.109375 0.05078125
0 0.2109375 0.0068359375 0.041015625 0.013671875
