0 0.44375 0.00625 0.3225 0.0125
0 0.928125 0.013750000000000002 0.14375 0.027500000000000004
0 0.7831250000000001 0.0875 0.28875 0.175
0 0.30312500000000003 0.149375 0.32875000000000004 0.29875
0 0.883125 0.18125 0.23375000000000004 0.22249999999999998
0 0.47000000000000003 0.3075 0.29000000000000004 0.21749999999999997
0 0.04875 0.26999999999999996 0.0975 0.1325
0 0.735625 0.31437499999999996 0.22875000000000006 0.12374999999999999
0 0.240625 0.38062500000000005 0.11625000000000003 0.17375000000000007
0 0.04125 0.433125 0.0825 0.14874999999999988
0 0.9568749999999999 0.4725 0.08625000000000008 0.20750000000000002
0 0.281875 0.61 0.56375 0.3949999999999999
0 0.061250000000000006 0.525 0.12250000000000001 0.16999999999999993
0 0.6431250000000001 0.571875 0.2062499999999999 0.18374999999999994
0 0.818125 0.578125 0.14125000000000004 0.19625000000000004
0 0.93 0.6668750000000001 0.13500000000000015 0.16124999999999998
0 0.5431250000000001 0.811875 0.22874999999999987 0.19875000000000007
0 0.013125000000000001 0.88375 0.026250000000000002 0.2325
0 0.08875 0.953125 0.1775 0.09375
0 0.6993750000000001 0.963125 0.21875000000000008 0.07375000000000007
