0 0.17187499999999994 0.97875 0.11625000000000008 0.04250000000000007
0 0.343125 0.9731249999999999 0.15375000000000005 0.053749999999999964
0 0.6587500000000001 0.9418749999999999 0.06500000000000013 0.11624999999999996
0 0.19374999999999998 0.8881250000000002 0.15250000000000008 0.12125000000000004
0 0.339375 0.8862500000000001 0.09624999999999995 0.06999999999999992
0 0.9881249999999999 0.8943750000000001 0.02375000000000007 0.046250000000000034
0 0.6456250000000001 0.784375 0.061249999999999985 0.06625000000000014
0 0.8699999999999999 0.7474999999999999 0.07749999999999986 0.0750000000000001
0 0.019374999999999976 0.70875 0.03874999999999995 0.07750000000000012
0 0.9412499999999999 0.634375 0.06999999999999992 0.07375000000000007
0 0.44125000000000003 0.5850000000000001 0.15749999999999997 0.14000000000000004
0 0.28437500000000004 0.500625 0.11624999999999996 0.12125000000000012
0 0.01375000000000004 0.51875 0.02750000000000008 0.075
0 0.67875 0.45437500000000003 0.16750000000000007 0.20374999999999996
0 0.43562500000000004 0.45625 0.16374999999999998 0.13000000000000006
0 0.9556250000000001 0.465 0.053750000000000145 0.07749999999999994
0 0.45062499999999994 0.23812499999999998 0.22374999999999998 0.36875
0 0.820625 0.32625000000000004 0.053749999999999964 0.0625
0 0.08999999999999991 0.26 0.10999999999999999 0.12749999999999995
0 0.028749999999999942 0.12687500000000002 0.057499999999999885 0.14875000000000002
0 0.6581249999999998 0.09375 0.06375000000000001 0.08500000000000019
0 0.8712500000000001 0.06187500000000001 0.08000000000000007 0.07624999999999993
0 0.684375 0.025624999999999953 0.07625000000000001 0.05124999999999991
0 0.43687499999999996 0.01375000000000004 0.20125000000000007 0.02750000000000008
0 0.17312500000000006 0.012500000000000011 0.10124999999999981 0.025000000000000022
