0 0.630625 0.975 0.14624999999999994 0.05
0 0.73125 0.95 0.10750000000000001 0.1
0 0.04500000000000004 0.9443750000000002 0.09000000000000008 0.11124999999999989
0 0.244375 0.9350000000000002 0.1287499999999999 0.09749999999999996
0 0.628125 0.8793749999999999 0.22874999999999987 0.19375
0 0.4912500000000001 0.9331250000000001 0.07750000000000004 0.08375000000000003
0 0.8056249999999998 0.8818750000000002 0.11124999999999989 0.1387500000000001
0 0.9400000000000001 0.809375 0.11999999999999993 0.20875000000000005
0 0.45 0.8275 0.12500000000000006 0.14500000000000002
0 0.13 0.809375 0.21500000000000008 0.14875000000000008
0 0.305625 0.805 0.12124999999999994 0.15250000000000002
0 0.004375000000000018 0.834375 0.008750000000000036 0.05124999999999993
0 0.0037499999999999756 0.76375 0.007499999999999951 0.07499999999999982
0 0.7643749999999999 0.61875 0.19374999999999992 0.1900000000000001
0 0.665 0.6625 0.06749999999999998 0.09749999999999988
0 0.516875 0.61 0.06375000000000001 0.09250000000000007
0 0.14375 0.49312500000000004 0.10249999999999992 0.13625000000000007
0 0.47375 0.5075 0.07249999999999997 0.10499999999999998
0 0.355625 0.46187500000000004 0.11124999999999993 0.11875000000000009
0 0.8637499999999999 0.38375 0.27249999999999996 0.24500000000000002
0 0.014375000000000082 0.309375 0.028750000000000164 0.27375000000000005
0 0.23875000000000002 0.34125 0.18999999999999995 0.19249999999999998
0 0.37812499999999993 0.364375 0.05874999999999995 0.07624999999999993
0 0.9818749999999999 0.27249999999999996 0.036250000000000074 0.10499999999999998
0 0.464375 0.20187500000000003 0.1012500000000001 0.13624999999999998
0 0.5700000000000001 0.16312500000000002 0.1700000000000001 0.2087499999999999
0 0.768125 0.08937499999999998 0.25875000000000004 0.17874999999999996
0 0.656875 0.16937500000000005 0.001249999999999929 0.0012500000000001954
0 0.991875 0.07625000000000004 0.016249999999999966 0.15250000000000008
0 0.92875 0.06437499999999996 0.10500000000000007 0.12874999999999992
0 0.456875 0.04999999999999999 0.14374999999999996 0.09999999999999998
0 0.5750000000000001 0.021250000000000047 0.07249999999999997 0.04250000000000009
0 0.007500000000000007 0.016249999999999987 0.015000000000000013 0.03249999999999997
