0 0.02783203125 0.40087890625 0.0556640625 0.0771484375
0 0.05810546875 0.1884765625 0.0478515625 0.037109375
0 0.06591796875 0.02001953125 0.0556640625 0.0400390625
0 0.115234375 0.66162109375 0.06640625 0.0517578125
0 0.16748046875 0.162109375 0.1298828125 0.06640625
0 0.23828125 0.40625 0.232421875 0.126953125
0 0.150390625 0.2822265625 0.025390625 0.029296875
0 0.27294921875 0.56103515625 0.1630859375 0.1552734375
0 0.28369140625 0.1494140625 0.1376953125 0.134765625
0 0.23291015625 0.0556640625 0.0263671875 0.025390625
0 0.26953125 0.66455078125 0.05078125 0.0302734375
0 0.27001953125 0.7080078125 0.0380859375 0.029296875
0 0.27734375 0.82666015625 0.037109375 0.0341796875
0 0.3486328125 0.31982421875 0.158203125 0.1630859375
0 0.3232421875 0.67333984375 0.0390625 0.0458984375
0 0.3349609375 0.7900390625 0.041015625 0.04296875
0 0.3427734375 0.71826171875 0.037109375 0.0517578125
0 0.3779296875 0.513671875 0.048828125 0.07421875
0 0.4619140625 0.77880859375 0.0625 0.0419921875
0 0.4853515625 0.322265625 0.09375 0.068359375
0 0.52587890625 0.96728515625 0.0869140625 0.0654296875
0 0.54833984375 0.75732421875 0.0693359375 0.0556640625
0 0.56591796875 0.65087890625 0.0966796875 0.0693359375
0 0.59375 0.2109375 0.09375 0.095703125
0 0.61083984375 0.1533203125 0.0869140625 0.0625
0 0.63232421875 0.06787109375 0.0751953125 0.0302734375
0 0.6943359375 0.69921875 0.080078125 0.04296875
0 0.74658203125 0.13232421875 0.1298828125 0.1005859375
0 0.7587890625 0.35009765625 0.1171875 0.0888671875
0 0.80908203125 0.884765625 0.0400390625 0.03515625
0 0.84228515625 0.3583984375 0.0380859375 0.03515625
0 0.91943359375 0.6923828125 0.1259765625 0.1328125
0 0.8876953125 0.92626953125 0.04296875 0.0693359375
0 0.916015625 0.58349609375 0.0703125 0.0458984375
0 0.9052734375 0.986328125 0.029296875 0.02734375
0 0.96337890625 0.3291015625 0.0732421875 0.103515625
0 0.96875 0.76025390625 0.0625 0.0751953125
0 0.97705078125 0.55517578125 0.0458984375 0.0712890625
