0 0.9556250000000001 0.008124999999999993 0.08874999999999993 0.016249999999999987
0 0.07562499999999994 0.07999999999999996 0.15124999999999988 0.1200000000000001
0 0.7162499999999999 0.08937499999999998 0.11499999999999995 0.1237499999999998
0 0.91875 0.26375000000000004 0.1549999999999999 0.09999999999999995
0 0.78625 0.32875 0.05250000000000003 0.057499999999999885
0 0.11749999999999998 0.48125 0.23499999999999996 0.20750000000000002
0 0.012500000000000011 0.6074999999999999 0.025000000000000022 0.16000000000000006
0 0.584375 0.5806250000000001 0.028749999999999876 0.026250000000000016
0 0.675 0.6537499999999999 0.057499999999999926 0.057500000000000016
0 0.9550000000000001 0.693125 0.08500000000000014 0.08125000000000009
0 0.27562500000000006 0.778125 0.3212500000000001 0.24874999999999997
0 0.7625 0.7456250000000001 0.06500000000000003 0.06625000000000006
0 0.954375 0.845 0.09125000000000014 0.22249999999999998
0 0.3775 0.9131250000000002 0.34500000000000003 0.1737499999999999
0 0.174375 0.9174999999999999 0.0812499999999999 0.08000000000000007
0 0.735625 0.9581250000000001 0.19625000000000004 0.08375000000000003
0 0.2325 0.9662499999999999 0.08250000000000016 0.06750000000000007
0 0.5856250000000001 0.96875 0.11624999999999996 0.0625
