0 0.98125 0.9600000000000002 0.0375 0.07999999999999989
0 0.9043749999999999 0.5318750000000001 0.19124999999999998 0.22125000000000003
0 0.9425000000000001 0.05937500000000001 0.11500000000000003 0.11875000000000002
0 0.9075 0.985 0.0625 0.030000000000000072
0 0.809375 0.98375 0.11875 0.03249999999999993
0 0.829375 0.6537499999999999 0.053749999999999964 0.04500000000000002
0 0.62375 0.45625 0.31999999999999995 0.26250000000000007
0 0.74 0.650625 0.06499999999999995 0.05125000000000002
0 0.72875 0.9756250000000002 0.06499999999999995 0.04874999999999989
0 0.4462499999999999 0.6693749999999999 0.4525 0.24375
0 0.5987499999999999 0.10562500000000004 0.09999999999999991 0.09124999999999972
0 0.500625 0.9356249999999999 0.21125 0.12874999999999998
0 0.43187499999999995 0.386875 0.22375000000000006 0.22375000000000006
0 0.41 0.80625 0.19749999999999993 0.1424999999999999
0 0.41937499999999994 0.05875000000000008 0.09874999999999998 0.10749999999999993
0 0.286875 0.9018750000000001 0.13874999999999993 0.12124999999999986
0 0.23062500000000002 0.7762499999999999 0.21374999999999997 0.10499999999999998
0 0.21687499999999998 0.615 0.21375000000000002 0.2
0 0.213125 0.41875 0.2062500000000001 0.19499999999999992
0 0.13625000000000004 0.8868750000000001 0.08750000000000002 0.07124999999999986
0 0.06812499999999994 0.5181250000000001 0.10125000000000017 0.10375000000000005
0 0.058750000000000024 0.7068749999999999 0.11750000000000005 0.2512499999999999
0 0.08437499999999998 0.4175 0.06625000000000014 0.0700000000000001
0 0.010624999999999996 0.338125 0.02124999999999999 0.18875000000000003
0 0.007500000000000007 0.02812500000000001 0.015000000000000013 0.05625000000000002
