0 0.85625 0.006875000000000001 0.13000000000000006 0.013750000000000002
0 0.66875 0.000625 0.12750000000000003 0.00125
0 0.003125 0.0175 0.00625 0.035
0 0.26 0.038125000000000006 0.07250000000000005 0.06375
0 0.32 0.058750000000000004 0.0875 0.045
0 0.276875 0.145625 0.11125000000000003 0.10125000000000002
0 0.268125 0.54375 0.53625 0.8300000000000001
0 0.5987500000000001 0.259375 0.10499999999999998 0.23125
0 0.97875 0.4106249999999999 0.030000000000000072 0.05624999999999991
0 0.9287500000000002 0.4175 0.047499999999999966 0.06499999999999999
0 0.63875 0.41875 0.06500000000000003 0.057499999999999926
0 0.8618750000000001 0.434375 0.05625 0.05125000000000002
0 0.8 0.5081249999999999 0.1 0.061249999999999985
0 0.7231249999999999 0.5918749999999999 0.09874999999999998 0.13875
0 0.6481250000000001 0.6068749999999999 0.06624999999999996 0.07625000000000001
0 0.03375 0.865625 0.0675 0.26875
0 0.9125 0.813125 0.05249999999999986 0.06374999999999993
0 0.7037500000000001 0.900625 0.23499999999999996 0.19875000000000007
0 0.818125 0.875625 0.06125000000000007 0.06125000000000007
0 0.64375 0.865625 0.03500000000000005 0.033749999999999857
0 0.33625000000000005 0.978125 0.29500000000000004 0.04375
0 0.80375 0.984375 0.23999999999999994 0.03125
