0 0.9675 0.05375 0.06499999999999986 0.1075
0 0.914375 0.01625 0.0987499999999999 0.0325
0 0.546875 0.14125 0.22124999999999986 0.24
0 0.0037499999999999756 0.0975 0.007499999999999951 0.13
0 0.073125 0.11937500000000001 0.12125000000000008 0.13125
0 0.9925 0.1625 0.015000000000000036 0.0625
0 0.9912500000000002 0.260625 0.017499999999999894 0.11875
0 0.66875 0.240625 0.04499999999999993 0.053750000000000006
0 0.47125000000000006 0.44625000000000004 0.26250000000000007 0.32
0 0.665625 0.32999999999999996 0.05124999999999993 0.06500000000000003
0 0.983125 0.34125000000000005 0.033749999999999857 0.06499999999999999
0 0.684375 0.62375 0.24375 0.4525
0 0.12062499999999998 0.47125000000000006 0.09125000000000005 0.1
0 0.943125 0.569375 0.11374999999999993 0.21125
0 0.4018750000000001 0.6381249999999999 0.22374999999999998 0.22374999999999998
0 0.8212499999999998 0.66 0.1424999999999999 0.19749999999999995
0 0.07374999999999987 0.650625 0.10749999999999993 0.09875000000000007
0 0.00187499999999996 0.6475 0.00374999999999992 0.040000000000000036
0 0.9168749999999999 0.7831250000000001 0.12125000000000004 0.13875
0 0.79125 0.8393750000000001 0.10499999999999998 0.21375000000000002
0 0.6300000000000001 0.853125 0.1999999999999999 0.21375000000000002
0 0.43375 0.8568749999999999 0.19499999999999992 0.2062499999999999
0 0.9018750000000001 0.9337500000000001 0.07125000000000004 0.0875
0 0.5331250000000001 0.9756250000000002 0.10375000000000005 0.04874999999999989
0 0.721875 0.97625 0.2512499999999999 0.047499999999999966
0 0.4325 0.97625 0.0700000000000001 0.047499999999999966
