0 0.446875 0.0225 0.09375 0.045
0 0.875 0.004375 0.02250000000000014 0.00875
0 0.440625 0.12562500000000001 0.16624999999999987 0.16125
0 0.51375 0.340625 0.3425 0.23625000000000002
0 0.87625 0.30250000000000005 0.1375 0.14499999999999996
0 0.7206249999999998 0.40125 0.08125000000000009 0.14000000000000004
0 0.83125 0.39125 0.10250000000000004 0.0875
0 0.31875 0.490625 0.0625 0.08125
0 0.79375 0.55 0.10250000000000004 0.10749999999999993
0 0.99875 0.521875 0.002499999999999858 0.04375
0 0.304375 0.6525000000000001 0.1887500000000001 0.1999999999999999
0 0.97625 0.81375 0.047499999999999966 0.37250000000000005
0 0.775 0.6956249999999999 0.14750000000000013 0.11374999999999993
0 0.9649999999999999 0.735 0.0700000000000001 0.09499999999999993
0 0.8168749999999999 0.734375 0.03375000000000004 0.05625
0 0.753125 0.784375 0.046250000000000034 0.03874999999999993
0 0.8012499999999999 0.8262499999999999 0.11999999999999993 0.1049999999999999
0 0.960625 0.8631250000000001 0.07874999999999996 0.10374999999999997
0 0.8943750000000001 0.875 0.046250000000000034 0.04250000000000007
0 0.996875 0.89375 0.00625 0.02250000000000014
