0 0.623125 0.9925 0.22125000000000003 0.015000000000000036
0 0.7449999999999999 0.9893750000000001 0.04500000000000002 0.021250000000000036
0 0.5475 0.8 0.2625 0.31999999999999995
0 0.003124999999999989 0.8875 0.006249999999999978 0.125
0 0.7418750000000001 0.9162500000000001 0.05124999999999993 0.06500000000000003
0 0.760625 0.6225 0.2437500000000002 0.4525
0 0.19687499999999997 0.775 0.09125000000000019 0.1
0 0.98125 0.6768749999999999 0.0375 0.21125
0 0.0006249999999999867 0.744375 0.0012499999999999734 0.07374999999999998
0 0.478125 0.6081249999999999 0.22375000000000006 0.22374999999999998
0 0.8975000000000002 0.58625 0.1424999999999999 0.19750000000000006
0 0.1499999999999999 0.5956250000000001 0.10750000000000012 0.09874999999999998
0 0.06749999999999995 0.59875 0.0249999999999998 0.040000000000000036
0 0.9662499999999999 0.46312499999999995 0.06750000000000007 0.13874999999999987
0 0.8675 0.40687500000000004 0.10500000000000025 0.21374999999999997
0 0.70625 0.393125 0.2 0.21375000000000002
0 0.51 0.389375 0.19499999999999992 0.2062500000000001
0 0.9712500000000001 0.3125 0.057499999999999926 0.08749999999999991
0 0.609375 0.244375 0.10374999999999997 0.10125000000000003
0 0.798125 0.19999999999999996 0.2512499999999999 0.1875
0 0.50875 0.260625 0.07000000000000002 0.06624999999999992
0 0.42937499999999995 0.11375000000000002 0.18874999999999992 0.16749999999999998
0 0.07374999999999998 0.12624999999999997 0.14749999999999996 0.1299999999999999
0 0.9087500000000001 0.08250000000000002 0.18249999999999994 0.16500000000000004
0 0.6331249999999999 0.10875000000000001 0.08375000000000003 0.11250000000000004
0 0.053749999999999964 0.024374999999999925 0.09499999999999997 0.04874999999999985
0 0.63875 0.014999999999999902 0.054999999999999896 0.022499999999999964
