0 0.011249999999999982 0.6825 0.022499999999999964 0.18499999999999997
0 0.008749999999999925 0.28625 0.01749999999999985 0.32000000000000006
0 0.024374999999999925 0.8149999999999998 0.04874999999999985 0.12499999999999992
0 0.15437499999999998 0.671875 0.24375000000000005 0.32874999999999976
0 0.13187499999999996 0.33625 0.18625000000000005 0.1024999999999999
0 0.34437500000000004 0.5625 0.17374999999999993 0.17750000000000005
0 0.42749999999999994 0.33875 0.30750000000000005 0.22750000000000004
0 0.42124999999999996 0.07874999999999999 0.2125 0.15749999999999997
0 0.449375 0.695 0.15124999999999997 0.1125
0 0.55 0.499375 0.15249999999999994 0.1437499999999999
0 0.753125 0.27625 0.24375 0.1399999999999999
0 0.728125 0.440625 0.19125000000000014 0.14624999999999994
0 0.7606249999999999 0.57125 0.20124999999999985 0.21250000000000008
0 0.75 0.765625 0.15250000000000014 0.15375000000000014
0 0.7943749999999999 0.9175000000000001 0.12374999999999999 0.06999999999999992
0 0.8099999999999999 0.9793749999999999 0.09750000000000006 0.04124999999999997
0 0.7862500000000001 0.9824999999999999 0.04500000000000002 0.03499999999999996
0 0.905 0.605 0.18999999999999986 0.2575000000000001
0 0.9018750000000001 0.77125 0.13375000000000004 0.11000000000000006
0 0.9225 0.38875 0.15500000000000008 0.17
0 0.996875 0.9981249999999999 0.00625 0.0037499999999999643
