0 0.9990234375 0.7744140625 0.001953125 0.005859375
0 0.93603515625 0.677734375 0.1279296875 0.10546875
0 0.95556640625 0.5830078125 0.0888671875 0.12109375
0 0.857421875 0.7236328125 0.1640625 0.177734375
0 0.78466796875 0.78857421875 0.1318359375 0.1533203125
0 0.740234375 0.58642578125 0.033203125 0.0244140625
0 0.70166015625 0.060546875 0.0419921875 0.029296875
0 0.66259765625 0.6279296875 0.1025390625 0.04296875
0 0.67578125 0.98046875 0.05078125 0.0390625
0 0.60107421875 0.78515625 0.0673828125 0.07421875
0 0.5341796875 0.14501953125 0.099609375 0.0771484375
0 0.54638671875 0.20849609375 0.0517578125 0.0380859375
0 0.47412109375 0.54931640625 0.0966796875 0.0673828125
0 0.2978515625 0.27294921875 0.4140625 0.3095703125
0 0.44384765625 0.61376953125 0.1181640625 0.0986328125
0 0.4423828125 0.96435546875 0.03515625 0.0439453125
0 0.39501953125 0.68994140625 0.0732421875 0.0634765625
0 0.3955078125 0.47216796875 0.0546875 0.0224609375
0 0.36474609375 0.52197265625 0.0810546875 0.0986328125
0 0.30517578125 0.4462890625 0.0517578125 0.037109375
0 0.2900390625 0.5 0.060546875 0.05859375
0 0.28271484375 0.802734375 0.0439453125 0.0390625
0 0.24853515625 0.75732421875 0.0966796875 0.0439453125
0 0.232421875 0.84912109375 0.11328125 0.0673828125
0 0.25634765625 0.44677734375 0.0283203125 0.0537109375
0 0.2294921875 0.94970703125 0.02734375 0.0302734375
0 0.181640625 0.90869140625 0.087890625 0.0732421875
0 0.20263671875 0.50927734375 0.0458984375 0.0380859375
0 0.10009765625 0.04248046875 0.2001953125 0.0849609375
0 0.095703125 0.2861328125 0.123046875 0.111328125
0 0.1044921875 0.95654296875 0.05859375 0.0498046875
0 0.1181640625 0.91455078125 0.02734375 0.0205078125
0 0.06494140625 0.49462890625 0.1298828125 0.1201171875
0 0.0966796875 0.17431640625 0.05078125 0.0556640625
0 0.08056640625 0.66259765625 0.0751953125 0.0791015625
0 0.06298828125 0.9833984375 0.0712890625 0.033203125
0 0.04052734375 0.1845703125 0.0810546875 0.1640625
0 0.06298828125 0.91552734375 0.0283203125 0.0283203125
0 0.0166015625 0.2841796875 0.033203125 0.056640625
