0 0.026250000000000002 0.0037499999999999756 0.052500000000000005 0.007499999999999951
0 0.104375 0.2775 0.20875 0.1625
0 0.104375 0.47562499999999996 0.20875 0.19875000000000004
0 0.118125 0.01749999999999996 0.17625 0.03499999999999992
0 0.1 0.608125 0.06500000000000002 0.03874999999999993
0 0.100625 0.6637500000000001 0.04875 0.0375
0 0.11000000000000001 0.815625 0.04750000000000002 0.04375
0 0.20125 0.166875 0.20249999999999999 0.20875
0 0.16875 0.619375 0.05 0.05874999999999986
0 0.18375 0.76875 0.05250000000000001 0.05500000000000007
0 0.19375 0.676875 0.047499999999999966 0.06624999999999996
0 0.23875000000000002 0.41500000000000004 0.06250000000000004 0.09499999999999993
0 0.34625 0.754375 0.07999999999999999 0.053749999999999964
0 0.37625000000000003 0.16999999999999998 0.1200000000000001 0.08750000000000005
0 0.428125 0.976875 0.11125000000000003 0.046250000000000034
0 0.456875 0.7268749999999999 0.08874999999999993 0.07125000000000004
0 0.47937499999999994 0.590625 0.12374999999999999 0.08874999999999993
0 0.515 0.04437499999999994 0.12000000000000002 0.08874999999999988
0 0.64375 0.6525 0.10249999999999986 0.054999999999999896
0 0.72625 0.205625 0.1499999999999999 0.1137499999999999
0 0.790625 0.8899999999999999 0.05124999999999993 0.04500000000000011
0 0.8331250000000001 0.21625 0.04875000000000007 0.04500000000000004
0 0.9256249999999999 0.64375 0.14875000000000008 0.16999999999999993
0 0.89125 0.9431249999999999 0.05500000000000007 0.0887500000000001
0 0.9274999999999999 0.504375 0.09000000000000004 0.05875000000000004
0 0.9706250000000001 0.17875000000000002 0.05875000000000004 0.13249999999999998
0 0.9774999999999998 0.7306250000000001 0.04500000000000011 0.09625000000000003
0 0.9881249999999999 0.468125 0.02375000000000007 0.09125000000000005
