0 0.2825 0.036875 0.07250000000000005 0.07375
0 0.693125 0.071875 0.19625000000000004 0.13874999999999998
0 0.03874999999999995 0.018125000000000002 0.0625 0.03125
0 0.469375 0.048749999999999995 0.06374999999999993 0.075
0 0.3725 0.044375 0.03500000000000005 0.03874999999999999
0 0.185 0.08 0.0750000000000001 0.1
0 0.10187499999999998 0.07875000000000001 0.07625000000000004 0.0875
0 0.5549999999999999 0.08374999999999999 0.07999999999999989 0.07499999999999998
0 0.7925 0.12562500000000001 0.04249999999999989 0.06375
0 0.45687500000000003 0.35625 0.021250000000000036 0.020000000000000018
0 0.9275 0.43812500000000004 0.14499999999999993 0.15375
0 0.390625 0.428125 0.05875000000000004 0.05625
0 0.59375 0.49624999999999997 0.17750000000000005 0.17750000000000005
0 0.868125 0.671875 0.19875000000000007 0.41625000000000006
0 0.759375 0.4925 0.07875000000000006 0.04500000000000011
0 0.9412500000000001 0.5425 0.1174999999999999 0.09499999999999993
0 0.6293749999999999 0.6 0.06375000000000001 0.0625
0 0.5587500000000001 0.63375 0.06750000000000007 0.0750000000000001
0 0.579375 0.7068749999999999 0.061249999999999985 0.05874999999999995
0 0.710625 0.7793749999999999 0.1062500000000001 0.11124999999999999
0 0.590625 0.8174999999999999 0.15874999999999995 0.12999999999999998
0 0.4512500000000001 0.8287500000000001 0.09500000000000001 0.10999999999999996
0 0.618125 0.8899999999999999 0.07375000000000007 0.040000000000000036
0 0.8956250000000001 0.938125 0.12125000000000004 0.12375000000000007
0 0.76 0.9412499999999999 0.14499999999999993 0.11750000000000008
0 0.43499999999999994 0.9568749999999999 0.15750000000000006 0.08625000000000008
