0 0.7237500000000001 0.99 0.15750000000000003 0.019999999999999928
0 0.601875 0.991875 0.053750000000000055 0.016249999999999966
0 0.485 0.99875 0.09749999999999988 0.002499999999999858
0 0.36875 0.971875 0.12750000000000009 0.05625
0 0.70625 0.88125 0.14750000000000013 0.18249999999999994
0 0.41375 0.82875 0.05250000000000008 0.06499999999999986
0 0.09312500000000001 0.78125 0.06125000000000003 0.05249999999999995
0 0.3550000000000001 0.79375 0.029999999999999936 0.01749999999999998
0 0.6912499999999999 0.7262500000000001 0.047499999999999966 0.07750000000000004
0 0.3825 0.6912499999999999 0.07500000000000004 0.08249999999999993
0 0.038125000000000075 0.48187499999999994 0.07625000000000015 0.32875000000000004
0 0.858125 0.509375 0.09624999999999986 0.14875
0 0.735625 0.4887499999999999 0.1762500000000001 0.16499999999999995
0 0.516875 0.490625 0.07625000000000011 0.10625
0 0.719375 0.19937500000000002 0.22124999999999986 0.39875000000000005
0 0.8649999999999999 0.26937500000000003 0.09000000000000004 0.12624999999999997
0 0.09187500000000004 0.225 0.14625 0.12500000000000003
0 0.4856249999999999 0.20625 0.09624999999999995 0.11750000000000008
0 0.1125 0.1325 0.0675 0.07000000000000017
0 0.5487500000000001 0.08937499999999998 0.04500000000000002 0.10125000000000006
0 0.59875 0.07187499999999997 0.04499999999999993 0.08374999999999988
0 0.8856249999999999 0.05499999999999999 0.10874999999999986 0.10999999999999999
0 0.609375 0.016874999999999918 0.026250000000000107 0.033749999999999836
