0 0.891875 0.079375 0.21625000000000005 0.15875
0 0.753125 0.060625 0.16125000000000006 0.12125
0 0.038125 0.16375 0.07625 0.2475
0 0.56625 0.11374999999999999 0.022499999999999964 0.02250000000000001
0 0.9324999999999999 0.159375 0.13499999999999995 0.10374999999999998
0 0.750625 0.256875 0.13624999999999998 0.18624999999999997
0 0.63125 0.285625 0.16000000000000006 0.20875000000000005
0 0.898125 0.2875 0.16625000000000015 0.15750000000000003
0 0.49499999999999994 0.30062500000000003 0.014999999999999947 0.016250000000000053
0 0.9581250000000001 0.39875000000000005 0.08375000000000003 0.18250000000000002
0 0.6131249999999999 0.45875000000000005 0.18624999999999997 0.1125
0 0.43062500000000004 0.441875 0.028750000000000053 0.02624999999999993
0 0.8175000000000001 0.5025 0.20750000000000002 0.13499999999999995
0 0.9349999999999999 0.6 0.13000000000000006 0.1875
0 0.578125 0.6143750000000001 0.28625 0.18624999999999997
0 0.803125 0.6025 0.09624999999999995 0.09250000000000007
0 0.75625 0.714375 0.16000000000000006 0.15875000000000003
0 0.49749999999999994 0.749375 0.08500000000000005 0.07125000000000004
0 0.850625 0.7725 0.08874999999999993 0.07250000000000005
0 0.9087500000000001 0.8393749999999999 0.1625 0.1687499999999999
0 0.945625 0.9025000000000001 0.10875000000000004 0.19499999999999992
0 0.52625 0.8375 0.054999999999999896 0.060000000000000143
