0 0.11187499999999999 0.8074999999999999 0.22374999999999998 0.38499999999999995
0 0.285625 0.9581250000000001 0.13874999999999998 0.08375000000000003
0 0.273125 0.8862500000000001 0.10375000000000001 0.09249999999999989
0 0.255 0.6756249999999999 0.05249999999999999 0.05625
0 0.390625 0.67125 0.23625000000000002 0.13999999999999985
0 0.46374999999999994 0.459375 0.20750000000000002 0.30125
0 0.5181250000000001 0.588125 0.13875 0.15375000000000005
0 0.468125 0.76875 0.03125 0.047499999999999966
0 0.54125 0.7368750000000001 0.06750000000000007 0.061249999999999985
0 0.683125 0.608125 0.14625000000000005 0.14124999999999996
0 0.759375 0.4731249999999999 0.16625000000000006 0.17375
0 0.73125 0.23187500000000005 0.08500000000000014 0.07874999999999988
0 0.8637499999999999 0.025000000000000022 0.1625 0.050000000000000044
0 0.8525 0.760625 0.13000000000000006 0.16375000000000012
0 0.9112500000000001 0.8212499999999998 0.17750000000000005 0.285
0 0.883125 0.5712499999999999 0.08374999999999985 0.09500000000000011
0 0.940625 0.9675 0.10625 0.06499999999999986
0 0.9493750000000001 0.06125000000000008 0.10124999999999992 0.09250000000000014
0 0.954375 0.67125 0.09125000000000014 0.18
0 0.975 0.996875 0.05 0.00625
0 0.9875 0.16687499999999997 0.025 0.06875000000000006
0 0.9949999999999999 0.98125 0.009999999999999964 0.0375
