0 0.12624999999999997 0.030625000000000003 0.1575 0.061250000000000006
0 0.24812499999999998 0.028750000000000005 0.053750000000000055 0.05750000000000001
0 0.946875 0.095 0.10625 0.19
0 0.521875 0.01125 0.07375000000000007 0.0225
0 0.365 0.021875 0.09749999999999988 0.04375
0 0.28687500000000005 0.013750000000000002 0.026249999999999975 0.027500000000000004
0 0.48125 0.04875 0.12750000000000003 0.0975
0 0.14375 0.15999999999999998 0.14750000000000008 0.18249999999999997
0 0.4362500000000001 0.2125 0.05249999999999995 0.06500000000000003
0 0.7568750000000001 0.26 0.061249999999999895 0.05249999999999995
0 0.49499999999999994 0.24749999999999997 0.02999999999999998 0.017500000000000026
0 0.954375 0.3075 0.06874999999999983 0.10250000000000004
0 0.15874999999999995 0.31500000000000006 0.047499999999999876 0.07749999999999999
0 0.4675000000000001 0.35 0.07499999999999991 0.08249999999999993
0 0.8787499999999999 0.559375 0.21000000000000013 0.32875
0 0.020000000000000018 0.531875 0.040000000000000036 0.14875
0 0.11437499999999996 0.5525 0.17625000000000016 0.16500000000000004
0 0.333125 0.5506249999999999 0.07624999999999993 0.10625
0 0.13062499999999994 0.82125 0.22125000000000003 0.35750000000000004
0 0.9637499999999999 0.7543749999999999 0.07249999999999997 0.10624999999999991
0 0.015000000000000013 0.771875 0.030000000000000027 0.12624999999999992
0 0.758125 0.8162499999999999 0.14624999999999994 0.12499999999999992
0 0.364375 0.835 0.09624999999999995 0.11749999999999998
0 0.9756250000000002 0.8675 0.04874999999999989 0.10999999999999996
0 0.89625 0.8681249999999998 0.03500000000000014 0.04375000000000018
0 0.7375 0.9087500000000001 0.06750000000000007 0.06999999999999992
0 0.30125 0.9506249999999999 0.04499999999999993 0.09875000000000007
0 0.25125000000000003 0.9637499999999999 0.04500000000000006 0.07249999999999997
0 0.009375000000000022 0.965625 0.018750000000000044 0.06875
0 0.9868750000000001 0.9706250000000001 0.02624999999999993 0.05875000000000004
