0 0.08312499999999999 0.061250000000000006 0.13124999999999998 0.12250000000000001
0 0.46749999999999997 0.02125 0.0875 0.0425
0 0.653125 0.100625 0.19125000000000006 0.20125
0 0.9731250000000001 0.01875 0.04875000000000007 0.0375
0 0.85125 0.075 0.06500000000000003 0.05499999999999999
0 0.96125 0.07874999999999999 0.042500000000000246 0.04999999999999999
0 0.915 0.07125000000000001 0.025 0.02250000000000001
0 0.96 0.12687500000000002 0.022499999999999788 0.023750000000000004
0 0.560625 0.19624999999999998 0.046250000000000034 0.032500000000000015
0 0.96875 0.250625 0.0625 0.09125000000000005
0 0.5606249999999999 0.24312500000000004 0.026250000000000016 0.026249999999999975
0 0.12625000000000003 0.3 0.12 0.1375
0 0.598125 0.276875 0.03125 0.028750000000000008
0 0.9618749999999998 0.39437500000000003 0.07625000000000011 0.20125
0 0.60125 0.35500000000000004 0.057500000000000016 0.07000000000000002
0 0.79375 0.34 0.02250000000000014 0.03750000000000005
0 0.853125 0.34875 0.036250000000000074 0.03500000000000001
0 0.54125 0.375 0.06000000000000005 0.047499999999999966
0 0.48312499999999997 0.385625 0.028749999999999963 0.03125
0 0.14750000000000002 0.42687500000000006 0.10750000000000001 0.11124999999999999
0 0.866875 0.573125 0.21624999999999997 0.11624999999999996
0 0.651875 0.596875 0.038750000000000104 0.03874999999999993
0 0.623125 0.635 0.03375000000000004 0.040000000000000036
0 0.881875 0.6599999999999999 0.06125000000000007 0.06999999999999992
0 0.715625 0.673125 0.046250000000000034 0.09125000000000005
0 0.37312500000000004 0.740625 0.04125000000000001 0.09375
0 0.30124999999999996 0.735 0.07000000000000002 0.06000000000000005
0 0.954375 0.745625 0.04375 0.021250000000000036
0 0.21937500000000001 0.813125 0.09125000000000005 0.13124999999999992
0 0.764375 0.84375 0.0737499999999999 0.09749999999999988
0 0.940625 0.8443750000000001 0.053750000000000145 0.056250000000000175
0 0.488125 0.92125 0.51125 0.15749999999999992
0 0.911875 0.9356250000000002 0.10625 0.12375000000000007
0 0.9268750000000001 0.974375 0.14625000000000005 0.05124999999999993
0 0.8337499999999999 0.975 0.054999999999999896 0.05
0 0.7875 0.98375 0.125 0.03249999999999993
0 0.12062500000000001 0.990625 0.15125000000000002 0.01875
