0 0.8712500000000001 0.15625 0.24250000000000008 0.3125
0 0.8943749999999999 0.36750000000000005 0.18625000000000008 0.195
0 0.47062500000000007 0.44375 0.08624999999999998 0.11499999999999995
0 0.019375 0.5181250000000001 0.03875 0.19624999999999995
0 0.91875 0.6068749999999999 0.1625 0.29874999999999996
0 0.8287500000000001 0.67625 0.14000000000000004 0.15749999999999992
0 0.695625 0.709375 0.1687500000000001 0.14125000000000004
0 0.55375 0.675 0.040000000000000036 0.047499999999999966
0 0.5581250000000001 0.75625 0.07875000000000006 0.09250000000000007
0 0.676875 0.85375 0.15625 0.21749999999999997
0 0.11000000000000001 0.826875 0.11499999999999999 0.11624999999999996
0 0.34 0.9106249999999999 0.12250000000000001 0.14874999999999988
0 0.484375 0.9268750000000001 0.2162500000000001 0.14625000000000005
0 0.95375 0.9493750000000001 0.09250000000000007 0.10124999999999992
