0 0.04150390625 0.59619140625 0.0830078125 0.0732421875
0 0.04296875 0.26171875 0.0234375 0.017578125
0 0.14599609375 0.60107421875 0.1259765625 0.1298828125
0 0.31396484375 0.5439453125 0.1845703125 0.267578125
0 0.2841796875 0.2607421875 0.11328125 0.107421875
0 0.25537109375 0.021484375 0.0400390625 0.03515625
0 0.29931640625 0.02197265625 0.0361328125 0.0322265625
0 0.361328125 0.38232421875 0.109375 0.0634765625
0 0.353515625 0.2958984375 0.068359375 0.080078125
0 0.36669921875 0.033203125 0.0712890625 0.05078125
0 0.43115234375 0.6962890625 0.0634765625 0.048828125
0 0.4404296875 0.06689453125 0.060546875 0.0673828125
0 0.4775390625 0.3251953125 0.083984375 0.080078125
0 0.45556640625 0.14794921875 0.0341796875 0.0361328125
0 0.48095703125 0.04248046875 0.0439453125 0.0380859375
0 0.50439453125 0.13720703125 0.0498046875 0.0537109375
0 0.5576171875 0.70751953125 0.15625 0.1474609375
0 0.50732421875 0.0703125 0.0498046875 0.06640625
0 0.56298828125 0.05859375 0.0498046875 0.041015625
0 0.68359375 0.1025390625 0.291015625 0.197265625
0 0.564453125 0.111328125 0.046875 0.02734375
0 0.57763671875 0.07763671875 0.0693359375 0.0458984375
0 0.59130859375 0.33984375 0.0888671875 0.115234375
0 0.6220703125 0.1826171875 0.07421875 0.072265625
0 0.62158203125 0.30712890625 0.0439453125 0.0263671875
0 0.66064453125 0.35693359375 0.0302734375 0.0361328125
0 0.693359375 0.3193359375 0.08203125 0.09375
0 0.72216796875 0.18798828125 0.0810546875 0.0751953125
0 0.7314453125 0.24658203125 0.033203125 0.0361328125
0 0.74658203125 0.11572265625 0.0439453125 0.0380859375
0 0.74609375 0.1591796875 0.017578125 0.01953125
0 0.81689453125 0.060546875 0.0283203125 0.0546875
0 0.87744140625 0.05126953125 0.0654296875 0.0908203125
0 0.9365234375 0.08251953125 0.064453125 0.0556640625
