0 0.564375 0.019375 0.16624999999999995 0.03875
0 0.49124999999999996 0.17312500000000003 0.34249999999999997 0.23625
0 0.12875 0.13499999999999998 0.1375 0.14499999999999996
0 0.284375 0.23375000000000004 0.08125 0.13999999999999999
0 0.17375000000000002 0.22374999999999998 0.1025 0.08750000000000005
0 0.68625 0.323125 0.0625 0.08125000000000004
0 0.21125 0.3825 0.1025 0.10750000000000011
0 0.00375 0.354375 0.0075 0.043749999999999956
0 0.0025 0.416875 0.005 0.06374999999999997
0 0.7006249999999999 0.485 0.18875000000000003 0.19999999999999996
0 0.026250000000000002 0.64625 0.052500000000000005 0.3724999999999999
0 0.22999999999999998 0.528125 0.14750000000000002 0.11374999999999993
0 0.0375 0.5675000000000001 0.075 0.09500000000000001
0 0.18812500000000001 0.5668749999999999 0.03374999999999997 0.05625
0 0.25187499999999996 0.6168750000000001 0.04624999999999999 0.03874999999999993
0 0.20374999999999996 0.6587500000000001 0.11999999999999997 0.10500000000000007
0 0.041875 0.695625 0.08375 0.10375000000000005
0 0.11062500000000001 0.7075 0.04625000000000001 0.04249999999999989
0 0.005625 0.72625 0.01125 0.022500000000000055
