0 0.9931249999999998 0.7693749999999999 0.013750000000000106 0.09375
0 0.991875 0.10624999999999996 0.016249999999999966 0.16999999999999993
0 0.883125 0.8625 0.23375000000000004 0.275
0 0.9306249999999998 0.5037499999999999 0.1387500000000001 0.19250000000000006
0 0.9625 0.26375000000000004 0.075 0.14500000000000016
0 0.9400000000000001 0.06687500000000002 0.11999999999999993 0.13375000000000004
0 0.868125 0.379375 0.21125000000000008 0.13375000000000004
0 0.9125 0.620625 0.04250000000000007 0.05624999999999982
0 0.8 0.0006249999999999867 0.20999999999999996 0.0012499999999999734
0 0.85 0.291875 0.05249999999999986 0.053749999999999964
0 0.8275 0.234375 0.057500000000000016 0.03624999999999989
0 0.8006250000000001 0.05750000000000005 0.0862499999999999 0.04249999999999987
0 0.729375 0.696875 0.1887500000000001 0.21125000000000008
0 0.790625 0.8025 0.06125000000000007 0.075
0 0.75125 0.46687500000000004 0.12749999999999986 0.13375000000000004
0 0.715625 0.34187500000000004 0.17874999999999996 0.18125000000000005
0 0.7431249999999999 0.13937500000000003 0.07874999999999996 0.0987499999999999
0 0.695625 0.5075 0.10375000000000005 0.09499999999999993
0 0.6431250000000001 0.234375 0.18125 0.15874999999999995
0 0.6875 0.10062500000000008 0.08999999999999986 0.12125000000000008
0 0.64625 0.915625 0.16000000000000014 0.16375000000000012
0 0.538125 0.14500000000000002 0.24875000000000008 0.17249999999999988
0 0.525625 0.53 0.26125 0.34
0 0.578125 0.34750000000000003 0.06374999999999993 0.0625
0 0.45124999999999993 0.030000000000000082 0.22499999999999992 0.060000000000000164
0 0.52 0.745 0.06500000000000003 0.03499999999999996
0 0.375 0.33374999999999994 0.29000000000000004 0.2724999999999999
0 0.2587499999999999 0.0012499999999999178 0.4525 0.0024999999999998357
0 0.42062499999999997 0.8368749999999998 0.08625000000000008 0.05875000000000004
0 0.36 0.6987500000000001 0.19999999999999996 0.1749999999999999
0 0.40125 0.903125 0.0700000000000001 0.05874999999999986
0 0.40812500000000007 0.5037499999999999 0.053750000000000055 0.09500000000000001
0 0.37625000000000003 0.09624999999999995 0.11750000000000008 0.14000000000000012
0 0.284375 0.5049999999999999 0.16374999999999992 0.09999999999999991
0 0.32249999999999995 0.885 0.057499999999999975 0.04250000000000007
0 0.289375 0.21187499999999998 0.11875 0.08124999999999993
0 0.28250000000000003 0.8456250000000001 0.04500000000000006 0.04124999999999997
0 0.27437500000000004 0.9824999999999999 0.053749999999999964 0.03499999999999996
0 0.2525 0.6368750000000001 0.027499999999999948 0.01875000000000009
0 0.20437500000000003 0.7993750000000001 0.11124999999999996 0.13125
0 0.1275 0.09499999999999992 0.25250000000000006 0.18999999999999984
0 0.19437499999999996 0.174375 0.11375000000000002 0.08625000000000005
0 0.216875 0.7293749999999999 0.03624999999999987 0.05125000000000002
0 0.10187499999999998 0.31375000000000003 0.20374999999999996 0.225
0 0.16125 0.7175 0.05249999999999999 0.07250000000000005
0 0.13937500000000008 0.59625 0.09624999999999984 0.0825000000000001
0 0.159375 0.516875 0.053750000000000075 0.06875
0 0.05312499999999998 0.9756250000000002 0.10624999999999996 0.04874999999999989
0 0.051875000000000004 0.52125 0.10375000000000001 0.18000000000000008
0 0.038125000000000075 0.401875 0.07625000000000015 0.09375
0 0.028749999999999942 0.7162499999999999 0.057499999999999885 0.11000000000000006
