0 0.20687499999999998 0.103125 0.09875000000000003 0.14625
0 0.265 0.25625 0.12250000000000005 0.1325
0 0.47000000000000003 0.265 0.1 0.11500000000000003
0 0.661875 0.37750000000000006 0.12875000000000014 0.15000000000000005
0 0.721875 0.48 0.11624999999999996 0.10749999999999993
0 0.9981249999999999 0.6025 0.0037499999999999643 0.15000000000000008
0 0.631875 0.6118750000000001 0.11374999999999993 0.13125
0 0.11874999999999991 0.675 0.20250000000000012 0.22749999999999987
0 0.6862499999999999 0.8643750000000001 0.18250000000000002 0.19124999999999998
0 0.46875 0.85375 0.09000000000000004 0.13500000000000006
0 0.944375 0.8956249999999999 0.08874999999999993 0.08874999999999993
0 0.11874999999999995 0.9712500000000001 0.08750000000000002 0.057499999999999926
0 0.2375 0.9806250000000001 0.16 0.03874999999999993
0 0.45999999999999996 0.999375 0.03249999999999993 0.001249999999999929
