0 0.1343749999999999 0.9600000000000002 0.10875000000000012 0.07999999999999989
0 0.565625 0.9731249999999999 0.02624999999999993 0.02624999999999993
0 0.97 0.91625 0.060000000000000143 0.1375
0 0.528125 0.9393750000000001 0.03125 0.028749999999999963
0 0.12000000000000002 0.821875 0.16500000000000006 0.20125
0 0.525 0.8612500000000001 0.05750000000000011 0.06999999999999992
0 0.3325 0.87625 0.022499999999999964 0.037499999999999825
0 0.273125 0.8675 0.036250000000000025 0.03499999999999996
0 0.585 0.8412500000000002 0.060000000000000143 0.047499999999999966
0 0.643125 0.8306249999999998 0.028749999999999963 0.03125
0 0.9625 0.7893749999999999 0.075 0.11124999999999989
0 0.259375 0.6431250000000001 0.2162500000000002 0.11624999999999988
0 0.018124999999999836 0.670625 0.03125 0.061249999999999895
0 0.09875000000000012 0.6799999999999999 0.01750000000000007 0.015000000000000036
0 0.0668749999999999 0.6637500000000001 0.026249999999999885 0.022499999999999964
0 0.47437500000000005 0.619375 0.03875000000000002 0.03874999999999993
0 0.020000000000000018 0.5987500000000001 0.040000000000000036 0.04249999999999998
0 0.09187500000000004 0.569375 0.06624999999999992 0.07124999999999995
0 0.503125 0.58125 0.03375000000000004 0.040000000000000036
0 0.244375 0.55625 0.061249999999999985 0.06999999999999992
0 0.4106249999999999 0.5431250000000001 0.04624999999999999 0.09124999999999997
0 0.025000000000000022 0.5225 0.050000000000000044 0.09999999999999991
0 0.7531249999999999 0.47562499999999996 0.04124999999999997 0.09375000000000008
0 0.825 0.48125 0.06999999999999992 0.05999999999999996
0 0.171875 0.47062499999999996 0.043749999999999956 0.021250000000000036
0 0.906875 0.403125 0.09125000000000014 0.13125
0 0.36187500000000006 0.3725 0.07375000000000012 0.09750000000000006
0 0.18562499999999993 0.371875 0.053750000000000166 0.05625
0 0.6381249999999999 0.19875000000000004 0.5112500000000001 0.35
0 0.21437500000000007 0.280625 0.10624999999999987 0.12375000000000003
0 0.009999999999999953 0.275625 0.019999999999999907 0.023749999999999983
0 0.05624999999999997 0.246875 0.04250000000000009 0.05625
0 0.17812499999999998 0.21562499999999996 0.18874999999999997 0.10375000000000004
0 0.2925 0.24125000000000002 0.054999999999999896 0.04999999999999991
0 0.33875 0.186875 0.125 0.12375000000000003
0 0.9649999999999999 0.14750000000000005 0.0700000000000001 0.1749999999999998
