0 0.26125 0.9225 0.12250000000000005 0.13249999999999992
0 0.46624999999999994 0.91375 0.1 0.11499999999999985
0 0.658125 0.8012499999999999 0.12874999999999998 0.14999999999999983
0 0.718125 0.69875 0.11625000000000005 0.10749999999999993
0 0.9962500000000001 0.5762499999999999 0.007499999999999929 0.15000000000000008
0 0.628125 0.566875 0.1137500000000001 0.13125000000000017
0 0.1150000000000001 0.5037499999999999 0.2024999999999999 0.22749999999999987
0 0.6824999999999999 0.314375 0.18249999999999994 0.19125000000000006
0 0.465 0.32499999999999996 0.08999999999999994 0.13500000000000006
0 0.940625 0.283125 0.08874999999999993 0.08875000000000002
0 0.11499999999999995 0.19374999999999992 0.0874999999999998 0.0850000000000001
0 0.23375000000000007 0.11562500000000009 0.1599999999999998 0.20374999999999988
0 0.45625 0.15687500000000004 0.032500000000000105 0.04625000000000001
0 0.37750000000000006 0.15375000000000005 0.029999999999999936 0.03499999999999992
0 0.08812499999999984 0.055624999999999925 0.10875000000000001 0.11124999999999985
