0 0.96923828125 0.80712890625 0.0615234375 0.0576171875
0 0.93505859375 0.6787109375 0.1298828125 0.14453125
0 0.93701171875 0.369140625 0.1259765625 0.25
0 0.9814453125 0.07666015625 0.037109375 0.0341796875
0 0.89697265625 0.7822265625 0.0947265625 0.09765625
0 0.76708984375 0.67041015625 0.1904296875 0.2568359375
0 0.78466796875 0.408203125 0.1455078125 0.080078125
0 0.61865234375 0.5849609375 0.1357421875 0.138671875
0 0.5537109375 0.41015625 0.240234375 0.177734375
0 0.55859375 0.19189453125 0.166015625 0.1533203125
0 0.53662109375 0.6884765625 0.1181640625 0.087890625
0 0.4580078125 0.53564453125 0.119140625 0.1123046875
0 0.29931640625 0.361328125 0.1904296875 0.109375
0 0.31884765625 0.48974609375 0.1494140625 0.1142578125
0 0.29345703125 0.591796875 0.1572265625 0.166015625
0 0.3017578125 0.74365234375 0.119140625 0.1201171875
0 0.271484375 0.07470703125 0.130859375 0.1201171875
0 0.26708984375 0.8623046875 0.0966796875 0.0546875
0 0.2548828125 0.947265625 0.076171875 0.10546875
0 0.2734375 0.92041015625 0.03515625 0.0419921875
0 0.13818359375 0.6181640625 0.2333984375 0.201171875
0 0.18310546875 0.748046875 0.1044921875 0.0859375
0 0.154296875 0.44921875 0.146484375 0.1328125
0 0.07861328125 0.94775390625 0.0654296875 0.0478515625
0 0.01123046875 0.91455078125 0.0224609375 0.0283203125
0 0.0078125 0.98095703125 0.015625 0.0380859375
