0 0.40374999999999994 0.01875 0.11750000000000002 0.0375
0 0.49812500000000004 0.060625 0.14625000000000005 0.12125
0 0.3975 0.108125 0.10750000000000001 0.12625000000000003
0 0.884375 0.13625 0.12875000000000014 0.0975
0 0.500625 0.19187500000000002 0.22875000000000006 0.19375000000000003
0 0.6375 0.138125 0.07750000000000004 0.08374999999999998
0 0.323125 0.189375 0.11124999999999993 0.13874999999999998
0 0.125625 0.26187499999999997 0.24625 0.20875000000000005
0 0.67875 0.24375 0.125 0.14499999999999996
0 0.945625 0.26187499999999997 0.10875000000000004 0.14875
0 0.8231249999999999 0.26625 0.12125000000000004 0.15250000000000002
0 0.364375 0.45249999999999996 0.19374999999999995 0.19
0 0.46374999999999994 0.40875000000000006 0.06749999999999998 0.09750000000000006
0 0.6118750000000001 0.4612499999999999 0.06375000000000001 0.09249999999999999
0 0.9668749999999999 0.578125 0.06624999999999996 0.13625000000000007
0 0.655 0.56375 0.07250000000000005 0.10499999999999998
0 0.7731250000000001 0.609375 0.11124999999999989 0.11875
0 0.256875 0.6875 0.28875 0.2450000000000002
0 0.89 0.7300000000000001 0.18999999999999995 0.19250000000000006
0 0.750625 0.7068749999999999 0.05875000000000012 0.07625000000000001
0 0.05624999999999999 0.76875 0.09499999999999999 0.0924999999999998
0 0.113125 0.7987499999999998 0.10375000000000001 0.10499999999999998
0 0.6643749999999999 0.869375 0.10124999999999992 0.13625000000000007
0 0.5587500000000001 0.9018750000000001 0.17 0.19625000000000004
0 0.36062500000000003 0.9462499999999998 0.25875000000000004 0.10750000000000011
0 0.471875 0.9018750000000001 0.001249999999999929 0.0012500000000001065
0 0.0725 0.959375 0.145 0.08125
0 0.2 0.9712500000000001 0.10500000000000001 0.057499999999999926
0 0.671875 0.985625 0.14375 0.028750000000000143
