0 0.209375 0.098125 0.09875000000000012 0.14625000000000002
0 0.26749999999999996 0.25125000000000003 0.12249999999999991 0.13249999999999998
0 0.4725 0.26 0.10000000000000009 0.11499999999999995
0 0.6643749999999999 0.37249999999999994 0.12874999999999998 0.15
0 0.724375 0.475 0.11624999999999996 0.10750000000000001
0 0.999375 0.5974999999999999 0.001249999999999929 0.15
0 0.634375 0.6068749999999999 0.11374999999999993 0.13125
0 0.12125 0.6699999999999999 0.20250000000000012 0.22749999999999995
0 0.68875 0.859375 0.1825000000000001 0.19124999999999986
0 0.47125000000000006 0.8487500000000001 0.08999999999999994 0.13499999999999995
0 0.946875 0.890625 0.08874999999999993 0.08875000000000029
0 0.12125000000000004 0.96875 0.08750000000000002 0.0625
0 0.23999999999999994 0.978125 0.16 0.04375
0 0.4625 0.996875 0.03249999999999993 0.00625
