0 0.6256250000000001 0.03375 0.22125000000000003 0.0675
0 0.7474999999999999 0.046875 0.04500000000000002 0.053749999999999985
0 0.55 0.2525 0.2625 0.32
0 0.004375000000000018 0.16499999999999998 0.008750000000000036 0.125
0 0.744375 0.13624999999999998 0.05125000000000002 0.06500000000000002
0 0.7631249999999999 0.43 0.24375 0.4525
0 0.19937500000000008 0.2775 0.09124999999999986 0.10000000000000005
0 0.9824999999999999 0.375625 0.03499999999999996 0.21125
0 0.00187499999999996 0.308125 0.00374999999999992 0.07374999999999998
0 0.480625 0.44437499999999996 0.22375000000000006 0.22374999999999998
0 0.9 0.46624999999999994 0.1424999999999999 0.19749999999999995
0 0.15250000000000008 0.456875 0.10749999999999993 0.09875000000000007
0 0.0699999999999999 0.45375 0.025000000000000022 0.039999999999999945
0 0.9675 0.589375 0.06499999999999986 0.13874999999999993
0 0.8699999999999999 0.6456249999999999 0.1049999999999999 0.21375000000000002
0 0.70875 0.659375 0.2 0.21374999999999994
0 0.5125 0.663125 0.19499999999999992 0.2062499999999999
0 0.9724999999999999 0.74 0.05500000000000007 0.08749999999999991
0 0.6118750000000001 0.8081250000000001 0.10375000000000015 0.1012500000000001
0 0.8006249999999999 0.8525 0.2512499999999999 0.1875
0 0.51125 0.791875 0.0700000000000001 0.06624999999999996
0 0.43187499999999995 0.9275 0.18875000000000003 0.14499999999999993
0 0.07500000000000001 0.9262499999999999 0.15000000000000002 0.13000000000000006
0 0.9100000000000001 0.94375 0.17999999999999988 0.1125
0 0.635625 0.94375 0.08375000000000003 0.1125
