0 0.32875 0.028125 0.135 0.05625
0 0.45 0.003125 0.15499999999999994 0.00625
0 0.27 0.09 0.22749999999999998 0.18
0 0.18687499999999999 0.168125 0.19624999999999998 0.16875
0 0.445625 0.225 0.03125 0.042500000000000024
0 0.39249999999999996 0.324375 0.05500000000000003 0.13125000000000003
0 0.19124999999999998 0.403125 0.09499999999999997 0.08624999999999998
0 0.9806250000000001 0.48875 0.03874999999999993 0.12750000000000003
0 0.929375 0.473125 0.04874999999999989 0.06624999999999996
0 0.49312500000000004 0.565625 0.08624999999999998 0.12374999999999989
0 0.8243750000000001 0.7631249999999999 0.35124999999999995 0.47375
0 0.4106249999999999 0.6043750000000001 0.12625000000000003 0.15125000000000002
0 0.313125 0.666875 0.08125 0.09375
0 0.591875 0.66625 0.028749999999999963 0.07000000000000002
0 0.528125 0.7056250000000001 0.12625000000000003 0.10374999999999987
0 0.625 0.781875 0.04750000000000014 0.06624999999999978
0 0.55625 0.8012499999999999 0.075 0.07750000000000004
0 0.16875 0.8106249999999999 0.05 0.05625
0 0.226875 0.8543749999999999 0.05624999999999998 0.12374999999999999
0 0.109375 0.875 0.08624999999999998 0.14499999999999993
0 0.6243749999999999 0.8443750000000001 0.06875 0.03624999999999989
0 0.04 0.9400000000000001 0.08 0.1125
0 0.5443749999999999 0.9131250000000002 0.04874999999999998 0.05875000000000004
0 0.8300000000000001 0.985625 0.1424999999999999 0.028750000000000143
