0 0.30712890625 0.02099609375 0.0263671875 0.0419921875
0 0.43212890625 0.0439453125 0.0712890625 0.076171875
0 0.8349609375 0.037109375 0.064453125 0.03515625
0 0.779296875 0.044921875 0.0234375 0.0234375
0 0.96826171875 0.078125 0.0634765625 0.0859375
0 0.603515625 0.10693359375 0.041015625 0.0458984375
0 0.35791015625 0.18310546875 0.1748046875 0.1943359375
0 0.84375 0.142578125 0.09765625 0.099609375
0 0.23095703125 0.115234375 0.0302734375 0.0390625
0 0.1572265625 0.11962890625 0.02734375 0.0302734375
0 0.9384765625 0.18017578125 0.091796875 0.0986328125
0 0.12255859375 0.16357421875 0.0556640625 0.0478515625
0 0.69189453125 0.2080078125 0.0751953125 0.0703125
0 0.7890625 0.23681640625 0.08984375 0.0888671875
0 0.2724609375 0.2939453125 0.06640625 0.05859375
0 0.64599609375 0.31494140625 0.0888671875 0.0986328125
0 0.15869140625 0.29150390625 0.0283203125 0.0400390625
0 0.89306640625 0.31591796875 0.0537109375 0.0517578125
0 0.1435546875 0.341796875 0.0234375 0.03515625
0 0.4912109375 0.38037109375 0.109375 0.0986328125
0 0.89990234375 0.36181640625 0.0537109375 0.0380859375
0 0.2490234375 0.39501953125 0.091796875 0.0927734375
0 0.921875 0.4482421875 0.09375 0.11328125
0 0.64111328125 0.443359375 0.0966796875 0.0859375
0 0.35009765625 0.44189453125 0.0771484375 0.0732421875
0 0.10302734375 0.45947265625 0.0556640625 0.0615234375
0 0.19482421875 0.5048828125 0.0458984375 0.03125
0 0.6611328125 0.5234375 0.03125 0.02734375
0 0.05078125 0.5576171875 0.087890625 0.083984375
0 0.90625 0.529296875 0.021484375 0.017578125
0 0.44921875 0.5546875 0.04296875 0.0390625
0 0.87890625 0.54833984375 0.01953125 0.0224609375
0 0.19873046875 0.60205078125 0.0693359375 0.0849609375
0 0.2880859375 0.5947265625 0.0234375 0.02734375
0 0.693359375 0.60498046875 0.05078125 0.0478515625
0 0.50244140625 0.59814453125 0.0302734375 0.0322265625
0 0.9091796875 0.6611328125 0.125 0.123046875
0 0.466796875 0.6279296875 0.037109375 0.033203125
0 0.052734375 0.6708984375 0.10546875 0.111328125
0 0.75927734375 0.65576171875 0.0732421875 0.0439453125
0 0.529296875 0.64306640625 0.01953125 0.0166015625
0 0.138671875 0.65185546875 0.0234375 0.0283203125
0 0.99267578125 0.65966796875 0.0146484375 0.0224609375
0 0.76953125 0.75927734375 0.13671875 0.1806640625
0 0.8623046875 0.77783203125 0.125 0.1455078125
0 0.6455078125 0.84033203125 0.2265625 0.2587890625
0 0.447265625 0.74365234375 0.052734375 0.0537109375
0 0.466796875 0.8095703125 0.109375 0.173828125
0 0.97314453125 0.8232421875 0.0537109375 0.123046875
0 0.2900390625 0.7841796875 0.013671875 0.017578125
0 0.1103515625 0.82568359375 0.060546875 0.0556640625
0 0.3935546875 0.8662109375 0.076171875 0.08203125
0 0.6064453125 0.904296875 0.068359375 0.080078125
0 0.03564453125 0.89404296875 0.0341796875 0.0283203125
0 0.3349609375 0.90234375 0.0625 0.03125
0 0.947265625 0.94775390625 0.072265625 0.1044921875
0 0.841796875 0.9609375 0.1328125 0.078125
0 0.17822265625 0.943359375 0.0478515625 0.03515625
0 0.138671875 0.9541015625 0.01171875 0.017578125
0 0.044921875 0.9765625 0.080078125 0.046875
0 0.6650390625 0.9892578125 0.037109375 0.021484375
