0 0.9737500000000001 0.18562499999999998 0.05250000000000003 0.11374999999999998
0 0.81875 0.19249999999999998 0.11999999999999993 0.11249999999999998
0 0.40875000000000006 0.368125 0.17 0.16375
0 0.1325 0.321875 0.0675 0.06624999999999996
0 0.53125 0.330625 0.04750000000000014 0.06625000000000006
0 0.6681250000000001 0.379375 0.20125 0.13874999999999998
0 0.0125 0.37374999999999997 0.025 0.12249999999999997
0 0.8875 0.3875 0.225 0.125
0 0.2899999999999999 0.406875 0.04750000000000001 0.06374999999999993
0 0.059375 0.43875000000000003 0.09624999999999999 0.10250000000000004
0 0.978125 0.46875 0.04375 0.1325
0 0.545625 0.5106249999999999 0.12374999999999999 0.13624999999999998
0 0.9418749999999999 0.6118750000000001 0.11624999999999996 0.1437499999999999
0 0.10687500000000001 0.585 0.05625000000000001 0.08249999999999993
0 0.5756249999999999 0.751875 0.23374999999999996 0.17125000000000004
0 0.365625 0.7649999999999999 0.16625 0.17249999999999996
0 0.94375 0.75875 0.1125 0.1325
0 0.488125 0.89875 0.4062500000000001 0.20250000000000004
0 0.9637499999999999 0.93625 0.07249999999999997 0.09749999999999996
0 0.693125 0.953125 0.08125000000000009 0.09375
0 0.8018750000000001 0.96125 0.14125000000000015 0.07750000000000004
0 0.0025 0.9818749999999999 0.005 0.036250000000000074
0 0.9462499999999998 0.99875 0.10750000000000011 0.002499999999999858
