0 0.9306249999999998 0.06687500000000002 0.1387500000000001 0.13375000000000004
0 0.53125 0.11374999999999993 0.32249999999999995 0.22250000000000014
0 0.29125 0.08625 0.10000000000000009 0.13250000000000017
0 0.971875 0.193125 0.05625 0.09375
0 0.8631249999999999 0.2825 0.27375000000000005 0.20999999999999996
0 0.3906250000000001 0.36124999999999996 0.32875 0.30000000000000004
0 0.9268750000000001 0.39375 0.14625000000000005 0.2225
0 0.5575 0.52 0.29000000000000004 0.21750000000000008
0 0.13062500000000016 0.48249999999999993 0.10875000000000001 0.1325
0 0.8231249999999999 0.5268750000000001 0.22874999999999995 0.12374999999999999
0 0.328125 0.593125 0.11624999999999996 0.17375000000000007
0 0.08500000000000008 0.645625 0.17000000000000015 0.14874999999999988
0 0.3437500000000001 0.8125 0.6149999999999999 0.375
0 0.13937499999999997 0.7375 0.14125 0.17
0 0.7306250000000001 0.784375 0.2062500000000001 0.18374999999999994
0 0.9056249999999999 0.790625 0.14124999999999996 0.19625000000000012
0 0.975 0.8793749999999999 0.05 0.16124999999999998
0 0.630625 0.9625 0.22875000000000006 0.075
0 0.05687499999999995 0.99 0.1137499999999999 0.019999999999999928
