0 0.9949999999999999 0.029374999999999995 0.009999999999999964 0.05874999999999999
0 0.9181249999999999 0.446875 0.16375000000000012 0.22125000000000003
0 0.9675 0.9931249999999998 0.06499999999999986 0.013750000000000106
0 0.95625 0.920625 0.0875 0.12125000000000004
0 0.9350000000000002 0.004375 0.0625 0.00875
0 0.836875 0.005625 0.11875000000000009 0.01125
0 0.8568749999999999 0.325 0.053750000000000145 0.04499999999999997
0 0.65125 0.5225 0.3200000000000001 0.26250000000000007
0 0.7675 0.328125 0.06500000000000003 0.05125000000000002
0 0.75625 0.013750000000000002 0.06500000000000013 0.027500000000000004
0 0.47375000000000006 0.309375 0.45249999999999996 0.24375
0 0.62625 0.8731249999999999 0.1 0.09124999999999997
0 0.528125 0.05375 0.21125000000000008 0.1075
0 0.459375 0.5918749999999999 0.2237499999999999 0.22374999999999998
0 0.4375 0.17250000000000001 0.19749999999999995 0.1425
0 0.446875 0.9199999999999999 0.09874999999999998 0.10750000000000011
0 0.45 0.9949999999999999 0.039999999999999855 0.009999999999999964
0 0.314375 0.076875 0.13875 0.12125
0 0.25812499999999994 0.20249999999999999 0.2137500000000001 0.10499999999999998
0 0.24437499999999995 0.36375 0.21374999999999997 0.20000000000000004
0 0.240625 0.5599999999999999 0.20625000000000004 0.19499999999999992
0 0.16374999999999995 0.091875 0.08750000000000013 0.07125
0 0.09562500000000007 0.460625 0.10124999999999984 0.10374999999999997
0 0.07249999999999995 0.271875 0.1449999999999999 0.25125000000000003
0 0.11187499999999995 0.56125 0.06624999999999992 0.06999999999999992
0 0.024374999999999925 0.640625 0.04874999999999985 0.18874999999999992
0 0.021250000000000047 0.96125 0.04250000000000009 0.07750000000000004
0 0.008124999999999993 0.150625 0.016249999999999987 0.20374999999999996
0 0.008124999999999993 0.436875 0.016249999999999987 0.08374999999999995
