0 0.110625 0.28312499999999996 0.22125 0.4387499999999999
0 0.168125 0.03749999999999998 0.19624999999999995 0.07499999999999996
0 0.28312499999999996 0.13374999999999998 0.13874999999999998 0.1350000000000001
0 0.270625 0.23125000000000012 0.10375000000000001 0.09249999999999992
0 0.25250000000000006 0.441875 0.05249999999999999 0.05624999999999982
0 0.388125 0.4462499999999999 0.23625 0.13999999999999999
0 0.37937499999999996 0.04562500000000008 0.14875 0.09125000000000016
0 0.46125 0.658125 0.20749999999999996 0.30125000000000013
0 0.515625 0.529375 0.13875 0.15374999999999997
0 0.465625 0.34875 0.03125 0.0475000000000001
0 0.53875 0.380625 0.06749999999999998 0.061249999999999985
0 0.680625 0.509375 0.14625000000000005 0.14125000000000004
0 0.756875 0.6443749999999999 0.16625000000000006 0.17375
0 0.72875 0.8856249999999999 0.08499999999999996 0.07875000000000014
0 0.85 0.35687499999999994 0.12999999999999998 0.16374999999999992
0 0.9099999999999999 0.29625 0.18000000000000008 0.2849999999999998
0 0.8806249999999999 0.54625 0.08375000000000003 0.09499999999999993
0 0.938125 0.14187499999999997 0.10625 0.08124999999999982
0 0.953125 0.4462499999999999 0.09375 0.18000000000000002
0 0.9556250000000001 0.019374999999999976 0.08874999999999993 0.03874999999999995
0 0.9737500000000001 0.08374999999999999 0.05250000000000003 0.08000000000000007
0 0.9862500000000001 0.9506249999999999 0.027500000000000035 0.06875
0 0.99375 0.07750000000000001 0.0125 0.15500000000000003
