0 0.9637499999999999 0.991875 0.07249999999999997 0.016249999999999966
0 0.9981249999999999 0.48875 0.0037499999999999643 0.040000000000000036
0 0.983125 0.07562500000000001 0.033749999999999857 0.09375
0 0.98375 0.899375 0.03249999999999993 0.14624999999999985
0 0.9175000000000001 0.73875 0.16500000000000004 0.24249999999999988
0 0.974375 0.0075 0.03125 0.015
0 0.9637499999999999 0.173125 0.05250000000000003 0.05125000000000002
0 0.9012499999999999 0.015625 0.05749999999999975 0.03125
0 0.9043749999999999 0.165625 0.04124999999999997 0.036250000000000004
0 0.8381250000000001 0.356875 0.13125000000000017 0.12625000000000003
0 0.811875 0.13874999999999998 0.12375000000000007 0.13749999999999996
0 0.7943749999999999 0.00125 0.13125 0.0025
0 0.7937500000000001 0.9800000000000001 0.09500000000000011 0.040000000000000036
0 0.729375 0.5625 0.10374999999999997 0.07749999999999986
0 0.691875 0.36875 0.13874999999999993 0.10500000000000007
0 0.688125 0.488125 0.12375000000000007 0.12625000000000003
0 0.608125 0.0625 0.21875 0.125
0 0.5862499999999999 0.9024999999999999 0.10750000000000011 0.11500000000000003
0 0.4875 0.8474999999999999 0.08000000000000007 0.30500000000000005
0 0.4125 0.590625 0.1325 0.16625000000000006
0 0.37124999999999997 0.063125 0.20750000000000002 0.12625
0 0.395625 0.13874999999999998 0.10874999999999994 0.08499999999999999
0 0.375625 0.43125 0.04125000000000001 0.09000000000000004
0 0.33 0.2725 0.0750000000000001 0.09500000000000001
0 0.03437499999999999 0.934375 0.06874999999999998 0.13125
