0 0.121875 0.00625 0.09375 0.0125
0 0.7849999999999999 0.0075 0.16999999999999993 0.015
0 0.083125 0.11625 0.16625 0.2325
0 0.3875 0.06875 0.19250000000000003 0.1375
0 0.6275000000000001 0.036875 0.14499999999999993 0.07375
0 0.838125 0.059375 0.16125000000000006 0.11875
0 0.5118750000000001 0.130625 0.13374999999999995 0.21125
0 0.270625 0.08625000000000001 0.05625000000000004 0.042499999999999996
0 0.945 0.19875 0.10999999999999996 0.21000000000000002
0 0.599375 0.14875 0.053749999999999964 0.05249999999999999
0 0.656875 0.17124999999999999 0.036249999999999984 0.057500000000000016
0 0.83375 0.19812500000000002 0.04250000000000007 0.08625000000000001
0 0.19437500000000002 0.26937500000000003 0.21125 0.18875000000000003
0 0.08875 0.20812499999999998 0.075 0.061249999999999985
0 0.42437500000000006 0.2475 0.1337500000000001 0.12750000000000003
0 0.5493750000000001 0.28312499999999996 0.18125 0.17875000000000002
0 0.751875 0.255625 0.0987499999999999 0.07874999999999996
0 0.38375 0.303125 0.09500000000000001 0.10375000000000001
0 0.656875 0.35562499999999997 0.15874999999999995 0.1812499999999999
0 0.790625 0.31124999999999997 0.12124999999999994 0.09000000000000004
0 0.028750000000000005 0.35250000000000004 0.05750000000000001 0.16
0 0.985 0.30999999999999994 0.030000000000000072 0.03749999999999996
0 0.9912500000000002 0.34750000000000003 0.017499999999999894 0.07249999999999997
0 0.7462500000000001 0.46062499999999995 0.17249999999999988 0.24874999999999997
0 0.36124999999999996 0.473125 0.33999999999999997 0.2612499999999999
0 0.54375 0.42062499999999997 0.0625 0.06375000000000006
0 0.9712500000000001 0.41624999999999995 0.04499999999999993 0.03749999999999996
0 0.915625 0.5475 0.16875 0.2250000000000001
0 0.14625000000000002 0.47874999999999995 0.03500000000000001 0.06500000000000003
0 0.5575 0.62375 0.27249999999999996 0.29000000000000004
0 0.9443750000000002 0.74 0.11124999999999989 0.4525000000000001
0 0.05437499999999999 0.578125 0.058750000000000004 0.0862499999999999
0 0.19250000000000003 0.6387499999999999 0.17500000000000002 0.2000000000000001
0 0.00875 0.5974999999999999 0.0175 0.06999999999999992
0 0.3875 0.590625 0.09499999999999993 0.053750000000000145
0 0.795 0.6224999999999999 0.14000000000000004 0.11750000000000008
0 0.38625000000000004 0.714375 0.10000000000000009 0.16375000000000012
0 0.013750000000000002 0.6762499999999999 0.027500000000000004 0.057500000000000016
0 0.679375 0.709375 0.0812499999999999 0.11875
0 0.045625000000000006 0.7162499999999999 0.04125000000000001 0.04500000000000002
0 0.254375 0.7462500000000001 0.018749999999999954 0.027499999999999948
0 0.091875 0.7943749999999999 0.13125 0.11124999999999999
0 0.8300000000000001 0.8712500000000001 0.2575 0.2525000000000001
0 0.7168749999999999 0.804375 0.08624999999999998 0.11374999999999984
0 0.161875 0.781875 0.05125 0.036249999999999984
0 0.5775 0.8975 0.22499999999999992 0.205
0 0.17375000000000002 0.8375 0.07250000000000001 0.05249999999999986
0 0.295 0.859375 0.08250000000000002 0.09624999999999986
0 0.374375 0.8393750000000001 0.06875 0.053749999999999964
0 0.37 0.9475 0.18000000000000002 0.10500000000000007
0 0.489375 0.96125 0.09375 0.07750000000000004
0 0.175 0.9706250000000001 0.11000000000000003 0.05875000000000004
