0 0.4125 0.4106249999999999 0.17 0.1812499999999999
0 0.6525 0.505 0.13250000000000012 0.125
0 0.253125 0.65625 0.053750000000000096 0.054999999999999896
0 0.6893749999999998 0.701875 0.06375000000000001 0.07374999999999998
0 0.8262499999999999 0.771875 0.047499999999999966 0.06374999999999993
0 0.504375 0.82 0.14375 0.1549999999999999
0 0.670625 0.813125 0.10124999999999992 0.13624999999999998
0 0.7856249999999999 0.7725 0.03874999999999993 0.04999999999999991
0 0.750625 0.7925000000000001 0.03875000000000002 0.06750000000000007
0 0.610625 0.8587499999999999 0.02375000000000007 0.022499999999999964
0 0.27 0.8862500000000001 0.05 0.04249999999999989
0 0.216875 0.900625 0.04874999999999985 0.04375
0 0.578125 0.89375 0.013750000000000106 0.0125
0 0.43125 0.95875 0.2975 0.08249999999999993
0 0.521875 0.9662499999999999 0.08874999999999993 0.06750000000000007
0 0.07250000000000001 0.9581250000000001 0.04499999999999993 0.04375
