0 0.453125 0.02125 0.04875000000000007 0.0425
0 0.5662499999999999 0.025625 0.05 0.03625
0 0.38687499999999997 0.121875 0.043749999999999956 0.03125
0 0.82875 0.26187499999999997 0.2 0.10125000000000002
0 0.26375 0.3225 0.01749999999999998 0.027499999999999948
0 0.7875000000000001 0.39312500000000006 0.14000000000000004 0.16374999999999998
0 0.33125 0.36937499999999995 0.07750000000000004 0.07624999999999993
0 0.50625 0.39875000000000005 0.18500000000000005 0.11749999999999998
0 0.2587499999999999 0.35875 0.025000000000000043 0.030000000000000027
0 0.28 0.36875 0.022499999999999964 0.03499999999999996
0 0.556875 0.37625000000000003 0.03624999999999989 0.039999999999999994
0 0.6575 0.38 0.03750000000000009 0.03249999999999997
0 0.25875000000000004 0.41500000000000004 0.03249999999999993 0.04250000000000007
0 0.60375 0.515 0.14749999999999996 0.16249999999999992
0 0.9331250000000001 0.53375 0.13375000000000004 0.19749999999999995
0 0.1875 0.618125 0.04249999999999998 0.05625000000000009
0 0.7125 0.633125 0.06500000000000013 0.04375000000000009
0 0.923125 0.66125 0.056250000000000175 0.04499999999999993
0 0.55625 0.6856249999999999 0.05999999999999987 0.04375000000000009
0 0.700625 0.7118749999999999 0.0737499999999999 0.09124999999999997
0 0.3475 0.84375 0.5450000000000002 0.3125
0 0.45124999999999993 0.776875 0.1375000000000001 0.14124999999999996
0 0.5912499999999999 0.844375 0.11499999999999985 0.14875
0 0.6575 0.95 0.10499999999999998 0.1
