0 0.4765625 0.34033203125 0.1328125 0.1416015625
0 0.6640625 0.4140625 0.103515625 0.09765625
0 0.35205078125 0.5322265625 0.0419921875 0.04296875
0 0.69287109375 0.56787109375 0.0498046875 0.0576171875
0 0.7998046875 0.62255859375 0.037109375 0.0498046875
0 0.54833984375 0.66015625 0.1123046875 0.12109375
0 0.67822265625 0.65478515625 0.0791015625 0.1064453125
0 0.76806640625 0.623046875 0.0302734375 0.0390625
0 0.74072265625 0.638671875 0.0302734375 0.052734375
0 0.63134765625 0.6904296875 0.0185546875 0.017578125
0 0.365234375 0.7119140625 0.0390625 0.033203125
0 0.32373046875 0.72314453125 0.0380859375 0.0341796875
0 0.60595703125 0.7177734375 0.0107421875 0.009765625
0 0.4912109375 0.86376953125 0.232421875 0.2548828125
0 0.56201171875 0.79248046875 0.0693359375 0.0888671875
0 0.2109375 0.76806640625 0.03515625 0.0341796875
0 0.0234375 0.83740234375 0.046875 0.1240234375
0 0.06201171875 0.81005859375 0.0615234375 0.0576171875
0 0.16455078125 0.82373046875 0.0302734375 0.0322265625
0 0.71484375 0.837890625 0.029296875 0.044921875
0 0.01220703125 0.9638671875 0.0244140625 0.072265625
