0 0.495625 0.061250000000000006 0.19124999999999998 0.12250000000000001
0 0.2975 0.011875 0.06499999999999995 0.02375
0 0.1875 0.0125 0.04249999999999998 0.025
0 0.23374999999999996 0.001875 0.025 0.00375
0 0.18874999999999997 0.048124999999999994 0.022499999999999964 0.02375
0 0.588125 0.11750000000000002 0.046250000000000034 0.032499999999999994
0 0.15687500000000004 0.171875 0.10875000000000004 0.09124999999999998
0 0.588125 0.164375 0.026250000000000107 0.026249999999999996
0 0.98125 0.22125 0.0375 0.1375
0 0.5506249999999999 0.198125 0.03125 0.028750000000000008
0 0.14250000000000007 0.315625 0.16499999999999984 0.20124999999999998
0 0.5475 0.27625 0.057500000000000016 0.07000000000000002
0 0.355 0.26125 0.022499999999999964 0.03750000000000005
0 0.29562499999999997 0.27 0.036250000000000025 0.03500000000000001
0 0.6075 0.29625 0.05999999999999996 0.04750000000000001
0 0.665625 0.306875 0.028749999999999876 0.03125
0 0.9737500000000001 0.34812499999999996 0.05250000000000003 0.11124999999999999
0 0.281875 0.49437500000000006 0.2162500000000002 0.11624999999999996
0 0.04062500000000002 0.46687500000000004 0.03125 0.061249999999999895
0 0.12125000000000008 0.4575 0.01750000000000007 0.015000000000000036
0 0.0893750000000001 0.47375 0.026249999999999885 0.022499999999999964
0 0.496875 0.5181250000000001 0.03874999999999993 0.03874999999999993
0 0.03562500000000002 0.5387500000000001 0.053749999999999964 0.04250000000000007
0 0.114375 0.568125 0.06624999999999992 0.07125000000000004
0 0.525625 0.55625 0.03375000000000004 0.040000000000000036
0 0.266875 0.58125 0.061249999999999985 0.06999999999999992
0 0.4331250000000001 0.594375 0.046249999999999944 0.09125000000000005
0 0.036250000000000004 0.615 0.07250000000000001 0.10000000000000009
0 0.775625 0.661875 0.04125000000000005 0.09375
0 0.8475000000000001 0.65625 0.0700000000000001 0.060000000000000143
0 0.19437500000000002 0.666875 0.04375000000000007 0.021250000000000036
0 0.929375 0.734375 0.09124999999999997 0.13125
0 0.384375 0.765 0.07374999999999998 0.09749999999999988
0 0.20812499999999998 0.765625 0.053749999999999944 0.05625
0 0.660625 0.881875 0.5112499999999999 0.23625
0 0.23687500000000003 0.8568749999999999 0.10624999999999996 0.12374999999999999
0 0.028125000000000122 0.8618750000000001 0.028749999999999942 0.02375000000000007
0 0.07874999999999993 0.890625 0.04250000000000009 0.05625
0 0.20062499999999997 0.921875 0.18875000000000006 0.10375000000000015
0 0.31500000000000006 0.89625 0.05500000000000003 0.05
0 0.36124999999999996 0.9443750000000002 0.125 0.11124999999999989
0 0.97625 0.9512499999999999 0.047499999999999966 0.09749999999999996
