0 0.999375 0.026875 0.001249999999999929 0.05375
0 0.66875 0.0725 0.32249999999999995 0.145
0 0.42874999999999996 0.03625 0.1 0.0725
0 0.931875 0.20250000000000004 0.13625000000000007 0.21000000000000002
0 0.528125 0.28125 0.32875 0.3
0 0.9956250000000001 0.31375000000000003 0.008750000000000036 0.22249999999999998
0 0.6950000000000001 0.44000000000000006 0.29000000000000004 0.21749999999999997
0 0.26812500000000006 0.4025 0.10874999999999999 0.1325
0 0.923125 0.446875 0.15375000000000014 0.12375000000000003
0 0.465625 0.5131249999999999 0.11625000000000014 0.17375
0 0.21875 0.565625 0.17750000000000002 0.14875
0 0.48125 0.7424999999999999 0.615 0.39499999999999985
0 0.276875 0.6575 0.14124999999999996 0.1700000000000001
0 0.8681249999999998 0.704375 0.20624999999999982 0.18375000000000002
0 0.9862500000000001 0.7106250000000001 0.027500000000000035 0.19625000000000004
0 0.06 0.75 0.12 0.26499999999999985
0 0.7681250000000001 0.9225 0.22874999999999987 0.15500000000000008
0 0.129375 0.95 0.24374999999999997 0.1
0 0.003125 0.97875 0.00625 0.04250000000000007
