0 0.9793749999999999 0.385625 0.04124999999999997 0.15375000000000005
0 0.9974999999999999 0.019374999999999976 0.005000000000000071 0.03874999999999995
0 0.91875 0.020000000000000018 0.11000000000000014 0.040000000000000036
0 0.8899999999999999 0.6231250000000002 0.05750000000000011 0.01875000000000009
0 0.81375 0.023749999999999993 0.12749999999999986 0.04749999999999999
0 0.84375 0.754375 0.0375 0.05125000000000011
0 0.745 0.6975 0.09749999999999996 0.075
0 0.72875 0.9637499999999999 0.047499999999999876 0.03499999999999996
0 0.6681250000000001 0.8262500000000002 0.14375 0.11250000000000009
0 0.6699999999999999 0.655625 0.08500000000000005 0.08624999999999998
0 0.559375 0.9174999999999999 0.03125 0.01750000000000007
0 0.38875000000000004 0.290625 0.13249999999999998 0.06874999999999995
0 0.4025 0.38875000000000004 0.0875 0.08750000000000005
0 0.32625000000000004 0.6412500000000001 0.20250000000000004 0.1700000000000001
0 0.391875 0.1143749999999999 0.028750000000000053 0.036250000000000115
0 0.299375 0.8006250000000001 0.1687500000000001 0.14625000000000005
0 0.24625000000000002 0.98125 0.20499999999999993 0.0375
0 0.29125 0.3862500000000001 0.11499999999999995 0.15000000000000005
0 0.3175 0.10312500000000009 0.05249999999999999 0.023749999999999827
0 0.28625 0.052499999999999936 0.030000000000000027 0.0375000000000002
0 0.259375 0.09812500000000002 0.03374999999999995 0.016249999999999876
0 0.20437499999999992 0.2725000000000001 0.10625000000000004 0.08750000000000005
0 0.16125000000000006 0.38249999999999995 0.07500000000000007 0.08500000000000005
0 0.18062500000000004 0.10000000000000005 0.036250000000000115 0.019999999999999907
0 0.11937499999999983 0.59375 0.10875000000000001 0.0875
0 0.12624999999999992 0.47874999999999995 0.060000000000000164 0.05499999999999998
0 0.07687499999999997 0.7275 0.13624999999999987 0.13500000000000006
0 0.10062499999999996 0.012500000000000011 0.08625000000000016 0.025000000000000022
0 0.08375000000000005 0.26875 0.09250000000000014 0.09
0 0.039999999999999925 0.583125 0.07999999999999985 0.16375000000000012
0 0.03687500000000005 0.49250000000000005 0.0737500000000001 0.08250000000000002
0 0.023125000000000007 0.3775 0.04625000000000001 0.12999999999999998
0 0.016249999999999987 0.91375 0.03249999999999997 0.13250000000000012
0 0.005625000000000047 0.751875 0.011250000000000093 0.22625000000000012
0 0.005625000000000047 0.334375 0.011250000000000093 0.04125000000000001
0 0.00187499999999996 0.999375 0.00374999999999992 0.001249999999999929
