0 0.33125 0.027500000000000004 0.185 0.05500000000000001
0 0.7275 0.025 0.32 0.05
0 0.19874999999999998 0.040625 0.12499999999999997 0.08125
0 0.34187500000000004 0.186875 0.32875 0.24375000000000005
0 0.6775 0.164375 0.10250000000000004 0.18625000000000003
0 0.45125000000000004 0.37687499999999996 0.17750000000000005 0.17375000000000002
0 0.675 0.45999999999999996 0.22749999999999987 0.3075
0 0.928125 0.45375 0.14375 0.21250000000000008
0 0.31875 0.48187499999999994 0.1125 0.15125000000000002
0 0.514375 0.5824999999999999 0.1437500000000001 0.15249999999999994
0 0.7375 0.7856249999999999 0.13999999999999996 0.24375
0 0.573125 0.760625 0.14625000000000005 0.19124999999999998
0 0.4425 0.7931250000000001 0.2125 0.20125
0 0.248125 0.7825 0.15375 0.15250000000000002
0 0.09625 0.826875 0.06999999999999999 0.12375000000000007
0 0.027500000000000004 0.8425 0.05500000000000001 0.09749999999999996
0 0.024375 0.81875 0.04875 0.04500000000000011
0 0.40875000000000006 0.92125 0.25749999999999995 0.15749999999999992
0 0.2425 0.9337500000000001 0.10999999999999996 0.13249999999999992
0 0.625 0.93875 0.16999999999999993 0.12250000000000014
