0 0.890625 0.039375 0.18375000000000014 0.07875
0 0.3975000000000001 0.075 0.18750000000000006 0.15
0 0.71 0.171875 0.1749999999999999 0.26125
0 0.8612500000000001 0.14125 0.05250000000000003 0.135
0 0.9581250000000001 0.20875 0.08375000000000003 0.10250000000000001
0 0.5112500000000001 0.21812499999999999 0.10249999999999995 0.09124999999999998
0 0.9075 0.285625 0.09749999999999996 0.06625
0 0.5075000000000001 0.43187499999999995 0.555 0.26624999999999993
0 0.06937499999999999 0.40625 0.07625 0.04500000000000006
0 0.9806250000000001 0.468125 0.03874999999999993 0.12375000000000007
0 0.8487499999999999 0.48937500000000006 0.12999999999999998 0.13624999999999998
0 0.15625 0.555625 0.3125 0.22374999999999998
0 0.5637500000000001 0.5574999999999999 0.06749999999999998 0.02999999999999998
0 0.9881249999999999 0.6087499999999999 0.02375000000000007 0.10999999999999996
0 0.4875 0.593125 0.06500000000000003 0.04375
0 0.9018750000000001 0.6475 0.11875 0.12000000000000002
0 0.24937500000000004 0.626875 0.03125 0.028749999999999963
0 0.270625 0.7631249999999999 0.05874999999999999 0.05625
0 0.9256249999999999 0.813125 0.09375 0.11625000000000005
0 0.380625 0.781875 0.021249999999999946 0.05124999999999993
0 0.7787499999999999 0.89875 0.205 0.14749999999999996
0 0.289375 0.85125 0.026249999999999975 0.029999999999999895
0 0.034374999999999996 0.8856249999999999 0.048749999999999995 0.038750000000000104
0 0.23625 0.9087500000000001 0.0375 0.025
0 0.929375 0.9581250000000001 0.14124999999999996 0.08375000000000003
0 0.571875 0.9774999999999998 0.05874999999999995 0.04500000000000011
0 0.26625 0.9743749999999999 0.027500000000000035 0.03375000000000004
0 0.695 0.9875 0.1749999999999999 0.025
