0 0.51125 0.005625 0.07249999999999997 0.01125
0 0.57125 0.01125 0.08750000000000009 0.0225
0 0.174375 0.025625 0.026249999999999996 0.03625
0 0.528125 0.08687500000000001 0.11125000000000007 0.10124999999999999
0 0.39375 0.485 0.7875 0.8300000000000001
0 0.85 0.20062499999999997 0.10500000000000007 0.23124999999999996
0 0.89 0.36 0.06499999999999986 0.057499999999999975
0 0.9625 0.5331250000000001 0.075 0.13875
0 0.8993749999999998 0.548125 0.06624999999999996 0.07625000000000011
0 0.0875 0.70375 0.175 0.19499999999999992
0 0.174375 0.835625 0.28875 0.3262500000000001
0 0.91875 0.846875 0.1625 0.20875000000000005
0 0.080625 0.8275 0.16125 0.15250000000000022
0 0.8949999999999999 0.8068750000000001 0.03500000000000014 0.03375000000000004
0 0.5875 0.9487500000000001 0.29499999999999993 0.10250000000000004
0 0.008125 0.9493750000000001 0.01625 0.10124999999999992
0 0.9675 0.9550000000000001 0.06499999999999986 0.09000000000000004
0 0.37375 0.975 0.21749999999999997 0.05
0 0.8474999999999999 0.991875 0.0875 0.016249999999999966
