0 0.49749999999999994 0.004375 0.0875 0.00875
0 0.8943749999999999 0.015 0.02624999999999993 0.03
0 0.540625 0.073125 0.11125000000000007 0.10125000000000002
0 0.640625 0.47125000000000006 0.71875 0.8300000000000001
0 0.21875 0.18687499999999999 0.10499999999999998 0.23125
0 0.17875000000000002 0.34625 0.06500000000000009 0.057500000000000016
0 0.03375000000000006 0.43562500000000004 0.06750000000000012 0.061249999999999895
0 0.0943750000000001 0.5193749999999999 0.0987499999999999 0.13875
0 0.16937500000000005 0.534375 0.06624999999999995 0.07624999999999993
0 0.946875 0.6900000000000001 0.10625 0.19499999999999992
0 0.875 0.821875 0.25 0.32625000000000004
0 0.11562499999999998 0.8331250000000001 0.23124999999999996 0.20875000000000005
0 0.95375 0.81375 0.09250000000000007 0.15250000000000002
0 0.015000000000000013 0.803125 0.030000000000000027 0.06125000000000007
0 0.17374999999999996 0.7931250000000001 0.03499999999999992 0.03375000000000013
0 0.48125 0.9418749999999999 0.295 0.11624999999999996
0 0.06687500000000002 0.9481249999999999 0.13375000000000004 0.10374999999999997
0 0.695 0.968125 0.21750000000000008 0.06374999999999993
0 0.22125000000000003 0.985 0.08750000000000005 0.030000000000000072
