0 0.35062499999999996 0.96875 0.09375 0.0625
0 0.7787499999999999 0.9868750000000001 0.022500000000000055 0.02624999999999993
0 0.344375 0.8568749999999999 0.16625000000000006 0.16124999999999998
0 0.4175 0.641875 0.3425000000000001 0.23625000000000007
0 0.78 0.6799999999999999 0.13750000000000018 0.14500000000000002
0 0.624375 0.58125 0.08125 0.14000000000000004
0 0.735 0.5912499999999999 0.10249999999999995 0.0875
0 0.22249999999999998 0.49187499999999995 0.06250000000000014 0.0812499999999999
0 0.9925 0.4800000000000001 0.015000000000000036 0.07749999999999994
0 0.6975 0.4325 0.10250000000000004 0.10749999999999993
0 0.9243749999999998 0.46062499999999995 0.046250000000000034 0.04375000000000009
0 0.9381250000000001 0.398125 0.06874999999999983 0.06375000000000011
0 0.20812499999999995 0.33 0.18875000000000008 0.2000000000000001
0 0.990625 0.39437500000000003 0.01875 0.06374999999999997
0 0.928125 0.1775 0.14375 0.355
0 0.9712499999999998 0.3212499999999999 0.03499999999999996 0.05999999999999992
0 0.9925 0.304375 0.015000000000000036 0.08874999999999997
0 0.67875 0.286875 0.14749999999999996 0.11375000000000002
0 0.8800000000000001 0.24749999999999997 0.09249999999999989 0.09500000000000006
0 0.720625 0.248125 0.03375000000000004 0.05625000000000004
0 0.656875 0.198125 0.04624999999999986 0.03875000000000006
0 0.7050000000000001 0.15625 0.12000000000000002 0.10499999999999998
0 0.8731249999999999 0.11937500000000005 0.09625000000000003 0.1037499999999999
0 0.798125 0.10749999999999997 0.046250000000000034 0.04249999999999987
0 0.965625 0.08812500000000006 0.04875000000000007 0.0562499999999998
0 0.9099999999999999 0.08875 0.025 0.022499999999999964
