0 0.994375 0.18375000000000002 0.01125000000000007 0.225
0 0.9550000000000001 0.019374999999999976 0.09000000000000004 0.03874999999999995
0 0.8793749999999999 0.016249999999999987 0.10875000000000004 0.03249999999999997
0 0.8587499999999999 0.3775 0.08499999999999996 0.07249999999999987
0 0.818125 0.788125 0.13874999999999993 0.19625000000000012
0 0.871875 0.13375000000000004 0.03125 0.0625
0 0.8412499999999999 0.564375 0.075 0.06375000000000011
0 0.8456250000000001 0.46749999999999997 0.03874999999999993 0.03499999999999996
0 0.8099999999999999 0.28 0.1 0.07499999999999991
0 0.81125 0.1968749999999999 0.08750000000000009 0.07625000000000012
0 0.80625 0.65 0.075 0.07999999999999999
0 0.764375 0.8875 0.06375000000000011 0.04249999999999989
0 0.51875 0.010624999999999996 0.13499999999999987 0.02124999999999999
0 0.53375 0.551875 0.020000000000000108 0.021250000000000036
0 0.45187499999999997 0.975 0.15374999999999997 0.05
0 0.46187500000000004 0.48562500000000003 0.05625000000000009 0.05875000000000004
0 0.39375000000000004 0.68875 0.17749999999999994 0.17749999999999994
0 0.37812499999999993 0.00187499999999996 0.12124999999999994 0.00374999999999992
0 0.21812500000000004 0.931875 0.41624999999999995 0.13625000000000007
0 0.3975 0.8543749999999999 0.04500000000000002 0.07875000000000014
0 0.34750000000000003 0.9887499999999999 0.09499999999999997 0.022499999999999964
0 0.29000000000000004 0.724375 0.0625 0.06375000000000001
0 0.25625 0.6537499999999999 0.07499999999999996 0.06749999999999998
0 0.16500000000000004 0.021250000000000047 0.1499999999999999 0.04250000000000009
0 0.18312500000000007 0.6743750000000001 0.05874999999999984 0.06125000000000007
0 0.11062500000000001 0.805625 0.11124999999999996 0.1062500000000001
0 0.07249999999999995 0.685625 0.13 0.15875000000000003
0 0.06124999999999997 0.54625 0.10999999999999999 0.09499999999999993
0 0.011249999999999982 0.004375000000000018 0.022499999999999964 0.008750000000000036
0 0.009999999999999953 0.713125 0.019999999999999907 0.07374999999999998
0 0.0068750000000000755 0.9649999999999999 0.013750000000000151 0.0700000000000001
0 0.0037499999999999756 0.8550000000000001 0.007499999999999951 0.1450000000000001
