0 0.45437500000000003 0.025625 0.0987499999999999 0.05125
0 0.7862500000000001 0.0125 0.06499999999999995 0.025
0 0.0012499999999999178 0.04625 0.0024999999999998357 0.0925
0 0.125 0.052500000000000005 0.12749999999999995 0.05500000000000001
0 0.97625 0.08687500000000001 0.047499999999999966 0.058750000000000004
0 0.8118749999999999 0.08875 0.04874999999999989 0.05
0 0.5337500000000001 0.11687499999999999 0.07250000000000005 0.06374999999999997
0 0.835625 0.12375000000000003 0.018749999999999822 0.017500000000000005
0 0.47375000000000006 0.1375 0.08749999999999991 0.045
0 0.8706250000000001 0.16312500000000002 0.02624999999999993 0.036250000000000004
0 0.516875 0.224375 0.11124999999999989 0.10125000000000002
0 0.6287499999999999 0.60375 0.7425 0.7925000000000001
0 0.19499999999999995 0.33812499999999995 0.1050000000000002 0.23124999999999996
0 0.15500000000000008 0.49749999999999994 0.06499999999999984 0.057500000000000016
0 0.021874999999999978 0.586875 0.043749999999999956 0.06125000000000007
0 0.07062499999999994 0.670625 0.0987499999999999 0.1387500000000001
0 0.145625 0.6856249999999999 0.06624999999999992 0.07625000000000001
0 0.9349999999999999 0.8412499999999999 0.13000000000000006 0.19499999999999992
0 0.8631250000000001 0.905 0.2737499999999999 0.18999999999999986
0 0.10375000000000001 0.9400000000000001 0.20750000000000002 0.11999999999999993
0 0.9418749999999999 0.9443750000000002 0.11624999999999996 0.11124999999999989
0 0.003124999999999989 0.954375 0.006249999999999978 0.06125000000000007
0 0.15000000000000002 0.9443750000000002 0.03500000000000014 0.03375000000000004
