0 0.936875 0.018125 0.12624999999999992 0.03625
0 0.54375 0.06375 0.32249999999999995 0.1275
0 0.30374999999999996 0.027500000000000004 0.10000000000000005 0.05500000000000001
0 0.978125 0.09562499999999999 0.04375 0.09374999999999997
0 0.869375 0.185 0.26125 0.20999999999999996
0 0.403125 0.26375000000000004 0.32875 0.3
0 0.9331250000000001 0.29624999999999996 0.13375000000000004 0.22249999999999992
0 0.57 0.4225 0.2899999999999999 0.21750000000000003
0 0.143125 0.385 0.10875000000000001 0.1325
0 0.835625 0.429375 0.22875000000000006 0.12375000000000007
0 0.340625 0.4956250000000001 0.11625 0.17375
0 0.09375 0.548125 0.1775 0.14875000000000008
0 0.35624999999999996 0.725 0.615 0.395
0 0.151875 0.64 0.14125000000000001 0.16999999999999993
0 0.7431249999999999 0.686875 0.20624999999999982 0.18375000000000014
0 0.9181249999999999 0.693125 0.14124999999999996 0.19625000000000004
0 0.98125 0.781875 0.0375 0.16124999999999998
0 0.6431250000000001 0.91375 0.22874999999999987 0.17249999999999996
0 0.063125 0.9412499999999999 0.12625 0.11750000000000008
