0 0.20437499999999997 0.99375 0.07125000000000004 0.0125
0 0.057499999999999996 0.915625 0.11499999999999999 0.14874999999999988
0 0.61 0.9368749999999999 0.039999999999999945 0.053749999999999964
0 0.9881249999999999 0.9131250000000002 0.02375000000000007 0.06624999999999996
0 0.19937499999999997 0.91375 0.14625 0.06500000000000003
0 0.36 0.8393750000000001 0.2425 0.18124999999999983
0 0.9256250000000001 0.8775000000000002 0.05125000000000011 0.05250000000000003
0 0.05874999999999997 0.821875 0.07250000000000001 0.05124999999999993
0 0.9331250000000001 0.8181249999999999 0.036250000000000074 0.04124999999999997
0 0.741875 0.7518750000000001 0.12624999999999992 0.13125
0 0.945625 0.7256250000000001 0.10875000000000004 0.12374999999999989
0 0.00187499999999996 0.73 0.00374999999999992 0.07249999999999997
0 0.078125 0.7074999999999999 0.1212500000000003 0.09500000000000001
0 0.5362500000000001 0.6431250000000001 0.07749999999999994 0.10375000000000015
0 0.73 0.6056250000000001 0.1049999999999999 0.13875
0 0.610625 0.601875 0.1262500000000001 0.12375000000000017
0 0.9868750000000001 0.521875 0.02624999999999993 0.21875
0 0.1962500000000001 0.5 0.11499999999999991 0.10750000000000001
0 0.2318750000000001 0.40125 0.3437499999999999 0.08000000000000007
0 0.5081249999999999 0.32625000000000004 0.16624999999999995 0.13249999999999998
0 0.9862500000000001 0.28500000000000003 0.027500000000000035 0.20750000000000002
0 0.95875 0.309375 0.08249999999999993 0.10875000000000004
0 0.6675000000000001 0.28937500000000005 0.08999999999999994 0.04125000000000001
0 0.8262500000000002 0.24375 0.09500000000000001 0.07499999999999996
