0 0.20187499999999997 0.02 0.07374999999999995 0.04
0 0.052500000000000005 0.05750000000000001 0.10500000000000001 0.1075
0 0.355625 0.184375 0.06875000000000005 0.053749999999999985
0 0.31 0.33625 0.20750000000000002 0.22249999999999998
0 0.17124999999999999 0.299375 0.1 0.10125000000000002
0 0.130625 0.45437500000000003 0.10875000000000001 0.11625
0 0.88375 0.7325 0.2325 0.3575000000000001
0 0.385625 0.6168750000000001 0.07875000000000001 0.07625000000000011
0 0.18812500000000001 0.67875 0.13875 0.15000000000000008
0 0.64375 0.795625 0.24749999999999997 0.22874999999999995
0 0.06937499999999999 0.7875 0.08875 0.09250000000000007
0 0.37 0.83375 0.08999999999999994 0.10749999999999993
0 0.440625 0.805 0.03375000000000004 0.032500000000000105
0 0.421875 0.928125 0.1587499999999999 0.14375
0 0.64 0.938125 0.05499999999999998 0.06624999999999978
0 0.563125 0.9418749999999999 0.08374999999999995 0.06375000000000011
0 0.535625 0.98375 0.08874999999999993 0.03249999999999993
