0 0.9453125 0.93310546875 0.109375 0.1337890625
0 0.974609375 0.85009765625 0.05078125 0.0771484375
0 0.8642578125 0.56298828125 0.1875 0.1728515625
0 0.8984375 0.1044921875 0.1015625 0.07421875
0 0.88134765625 0.19287109375 0.1025390625 0.0947265625
0 0.84765625 0.927734375 0.048828125 0.044921875
0 0.77099609375 0.94775390625 0.0927734375 0.0888671875
0 0.78662109375 0.658203125 0.0419921875 0.03515625
0 0.6259765625 0.50390625 0.25 0.205078125
0 0.6943359375 0.04541015625 0.09765625 0.0712890625
0 0.716796875 0.65576171875 0.05078125 0.0400390625
0 0.7080078125 0.9208984375 0.05078125 0.060546875
0 0.4873046875 0.67041015625 0.353515625 0.1904296875
0 0.6064453125 0.22998046875 0.078125 0.0712890625
0 0.52978515625 0.88134765625 0.1650390625 0.1064453125
0 0.58251953125 0.05224609375 0.0576171875 0.0498046875
0 0.47607421875 0.44970703125 0.1748046875 0.1748046875
0 0.458984375 0.77734375 0.154296875 0.111328125
0 0.46630859375 0.193359375 0.0771484375 0.083984375
0 0.451171875 0.029296875 0.08203125 0.05859375
0 0.46875 0.12890625 0.03125 0.01953125
0 0.36279296875 0.85205078125 0.1083984375 0.0947265625
0 0.31884765625 0.75390625 0.1669921875 0.08203125
0 0.30810546875 0.6279296875 0.1669921875 0.15625
0 0.30517578125 0.474609375 0.1611328125 0.15234375
0 0.2451171875 0.84033203125 0.068359375 0.0556640625
0 0.19189453125 0.55224609375 0.0791015625 0.0810546875
0 0.1572265625 0.69970703125 0.146484375 0.1962890625
0 0.20458984375 0.4736328125 0.0517578125 0.0546875
0 0.08984375 0.41162109375 0.130859375 0.1474609375
0 0.099609375 0.126953125 0.1015625 0.12890625
0 0.06494140625 0.79443359375 0.1298828125 0.1591796875
0 0.0859375 0.57080078125 0.087890625 0.0654296875
0 0.03125 0.95751953125 0.0625 0.0751953125
0 0.01953125 0.1181640625 0.0390625 0.07421875
0 0.01123046875 0.04345703125 0.0224609375 0.0263671875
0 0.0126953125 0.5751953125 0.017578125 0.04296875
