0 0.984375 0.015 0.03125 0.03
0 0.553125 0.069375 0.06875 0.05375
0 0.5987500000000001 0.22125000000000003 0.20750000000000002 0.2225
0 0.7375 0.184375 0.1 0.10124999999999995
0 0.778125 0.339375 0.10874999999999994 0.11625
0 0.070625 0.6174999999999999 0.14125 0.3575000000000001
0 0.5231250000000001 0.5018750000000001 0.07874999999999996 0.07625000000000001
0 0.7206250000000001 0.56375 0.13875 0.15
0 0.265 0.680625 0.24750000000000005 0.22874999999999995
0 0.8393750000000001 0.6725 0.08875000000000002 0.09250000000000007
0 0.9956250000000001 0.7 0.008750000000000036 0.13500000000000006
0 0.5387500000000001 0.71875 0.09000000000000004 0.10749999999999993
0 0.468125 0.6900000000000001 0.03374999999999995 0.032500000000000015
0 0.48687499999999995 0.821875 0.15875000000000003 0.16125000000000006
0 0.26875 0.8231249999999999 0.05500000000000007 0.06624999999999996
0 0.34562499999999996 0.826875 0.08374999999999999 0.06375000000000001
0 0.373125 0.9131250000000002 0.08875000000000002 0.12125000000000004
