0 0.35375 0.834375 0.2425 0.33125
0 0.005625000000000047 0.9256249999999999 0.011250000000000093 0.06125000000000007
0 0.06937499999999996 0.8793749999999999 0.08874999999999988 0.10624999999999982
0 0.015000000000000013 0.8875 0.030000000000000027 0.05500000000000007
0 0.33062500000000006 0.6137499999999999 0.18624999999999994 0.19499999999999992
0 0.7543749999999999 0.5375 0.08625000000000008 0.11499999999999995
0 0.30374999999999996 0.37437499999999996 0.16749999999999998 0.2987499999999999
0 0.39625000000000005 0.305 0.14000000000000004 0.1575000000000001
0 0.5293749999999999 0.271875 0.1687500000000001 0.14125000000000001
0 0.67125 0.30625 0.039999999999999945 0.04750000000000001
0 0.6668749999999999 0.225 0.07875000000000006 0.09250000000000003
0 0.548125 0.1275 0.15625 0.21749999999999994
0 0.8850000000000001 0.07249999999999995 0.12249999999999997 0.1449999999999999
0 0.7406250000000001 0.06374999999999992 0.21624999999999997 0.12749999999999984
0 0.22562500000000002 0.04124999999999995 0.18374999999999994 0.0824999999999999
