0 0.834375 0.080625 0.32875000000000015 0.16125
0 0.49874999999999997 0.05500000000000001 0.10250000000000004 0.11000000000000001
0 0.725 0.22937499999999997 0.17749999999999994 0.17375
0 0.50125 0.3125 0.2275000000000001 0.3075
0 0.221875 0.30625 0.1962499999999999 0.2125
0 0.8574999999999999 0.334375 0.11250000000000018 0.15124999999999997
0 0.661875 0.43499999999999994 0.14375 0.15249999999999994
0 0.4387499999999999 0.6381249999999999 0.13999999999999996 0.24375
0 0.603125 0.6131249999999999 0.14624999999999994 0.19125000000000006
0 0.73375 0.645625 0.21250000000000008 0.20124999999999993
0 0.9256250000000001 0.635 0.14874999999999988 0.15250000000000014
0 0.07437500000000002 0.6737499999999998 0.14875000000000005 0.16749999999999998
0 0.7675 0.844375 0.2575000000000001 0.29875000000000007
0 0.9337499999999999 0.786875 0.10999999999999996 0.13375000000000004
0 0.55125 0.8237500000000001 0.16999999999999993 0.18750000000000008
