0 0.464375 0.06625 0.01875 0.057499999999999996
0 0.5956250000000001 0.1125 0.05124999999999993 0.0375
0 0.53875 0.21125 0.0750000000000001 0.0975
0 0.805 0.22749999999999995 0.03499999999999996 0.04750000000000001
0 0.6675000000000001 0.28812499999999996 0.1124999999999999 0.14374999999999996
0 0.496875 0.28625 0.08624999999999998 0.08499999999999996
0 0.75875 0.396875 0.01749999999999998 0.03125
0 0.13187499999999996 0.5675 0.06875000000000009 0.13250000000000012
0 0.23000000000000007 0.55375 0.08750000000000005 0.08750000000000009
0 0.48249999999999993 0.6300000000000001 0.17 0.20249999999999996
0 0.641875 0.656875 0.14625000000000005 0.16875
0 0.8724999999999999 0.71 0.1375 0.205
0 0.22750000000000004 0.665 0.1499999999999999 0.11500000000000003
0 0.11374999999999998 0.7518750000000001 0.08750000000000002 0.1062500000000001
0 0.22374999999999998 0.7949999999999999 0.08499999999999994 0.075
0 0.43499999999999994 0.8368749999999998 0.0875 0.10875000000000004
0 0.32 0.8300000000000001 0.05500000000000007 0.05999999999999996
0 0.56875 0.8793749999999999 0.13500000000000006 0.1362499999999999
0 0.10999999999999992 0.8725000000000002 0.09000000000000019 0.09249999999999989
0 0.91875 0.9099999999999999 0.125 0.13249999999999992
0 0.42437500000000006 0.938125 0.16374999999999998 0.12375000000000007
0 0.33375 0.9274999999999999 0.08250000000000002 0.09000000000000004
0 0.21875000000000006 0.9381250000000001 0.12999999999999978 0.056250000000000175
0 0.755 0.9618749999999998 0.13250000000000012 0.07625000000000011
0 0.593125 0.9724999999999999 0.22625 0.05500000000000007
0 0.17562500000000003 0.9724999999999999 0.04125000000000001 0.05500000000000007
0 0.878125 0.97625 0.07624999999999993 0.047499999999999966
0 0.97625 0.999375 0.0375 0.001249999999999929
