0 0.325625 0.030625000000000003 0.16624999999999987 0.061250000000000006
0 0.39875000000000005 0.195625 0.3425000000000001 0.23625
0 0.7612499999999999 0.15750000000000003 0.1374999999999999 0.14500000000000002
0 0.6056250000000001 0.25625 0.08125 0.13999999999999996
0 0.7162499999999999 0.24625000000000002 0.10249999999999995 0.08749999999999995
0 0.20374999999999996 0.34562499999999996 0.06249999999999998 0.08125
0 0.983125 0.35750000000000004 0.033749999999999857 0.07749999999999999
0 0.67875 0.4050000000000001 0.10250000000000004 0.10750000000000001
0 0.905625 0.37687499999999996 0.04624999999999986 0.04375
0 0.9193749999999999 0.43937499999999996 0.06875 0.06375000000000011
0 0.18937499999999996 0.5075 0.18874999999999997 0.2000000000000001
0 0.98125 0.44312500000000005 0.0375 0.06375000000000001
0 0.996875 0.514375 0.00625 0.06375000000000001
0 0.91875 0.66875 0.1625 0.37250000000000005
0 0.9525 0.51625 0.03499999999999979 0.06000000000000005
0 0.983125 0.5331250000000001 0.033749999999999857 0.08875000000000002
0 0.6599999999999999 0.5506249999999999 0.14750000000000013 0.11375000000000002
0 0.8612499999999998 0.5900000000000001 0.09250000000000007 0.09500000000000001
0 0.701875 0.5893750000000001 0.03374999999999995 0.05625
0 0.6381249999999999 0.639375 0.046249999999999944 0.03874999999999993
0 0.68625 0.68125 0.1200000000000001 0.10499999999999998
0 0.8543749999999999 0.718125 0.09625000000000003 0.10375000000000005
0 0.779375 0.73 0.046250000000000034 0.04249999999999989
0 0.946875 0.7493749999999999 0.04874999999999989 0.05625
0 0.8912500000000001 0.74875 0.02500000000000018 0.022499999999999964
0 0.9912500000000002 0.8393750000000001 0.017499999999999894 0.036250000000000074
0 0.985625 0.9168749999999999 0.028750000000000143 0.08375000000000003
0 0.976875 0.9756250000000002 0.046250000000000034 0.04874999999999989
