0 0.513125 0.06 0.22125000000000003 0.12
0 0.963125 0.021875 0.07375000000000007 0.04375
0 0.04625 0.026250000000000002 0.057499999999999996 0.052500000000000005
0 0.03875 0.11937499999999998 0.0775 0.11875
0 0.39125 0.09937499999999999 0.04500000000000002 0.05375
0 0.5887499999999999 0.30500000000000005 0.2624999999999999 0.32
0 0.39437500000000003 0.18875 0.05125000000000002 0.06499999999999999
0 0.05500000000000001 0.2 0.0775 0.06500000000000002
0 0.375625 0.48250000000000004 0.24375 0.4525
0 0.9393750000000001 0.32999999999999996 0.09124999999999997 0.09999999999999995
0 0.105625 0.428125 0.13624999999999998 0.21124999999999994
0 0.6581250000000001 0.496875 0.22374999999999998 0.22375000000000003
0 0.23875000000000002 0.51875 0.14250000000000002 0.19750000000000006
0 0.9662499999999999 0.509375 0.06750000000000007 0.0987499999999999
0 0.143125 0.641875 0.12124999999999994 0.1387500000000001
0 0.26875 0.6981250000000001 0.10499999999999998 0.21375000000000002
0 0.43000000000000005 0.711875 0.20000000000000004 0.21375000000000002
0 0.62625 0.715625 0.19499999999999992 0.20625
0 0.15812500000000002 0.7925000000000001 0.07125 0.0875
0 0.526875 0.8606250000000001 0.10374999999999997 0.10124999999999992
0 0.338125 0.905 0.25125000000000003 0.1875
0 0.6275000000000001 0.844375 0.06999999999999992 0.06624999999999978
0 0.7068749999999999 0.95375 0.18874999999999992 0.09250000000000007
0 0.994375 0.9568749999999999 0.01125000000000007 0.08625000000000008
0 0.216875 0.97 0.20374999999999996 0.060000000000000143
0 0.503125 0.97 0.08375000000000003 0.060000000000000143
