0 0.150625 0.13062500000000005 0.14125 0.1762499999999999
0 0.13999999999999999 0.9956250000000001 0.057499999999999996 0.008750000000000036
0 0.273125 0.083125 0.24125000000000002 0.16625
0 0.2925 0.34875 0.20750000000000002 0.2350000000000001
0 0.28375 0.19187500000000002 0.08499999999999996 0.05125000000000002
0 0.41875 0.16875 0.16000000000000006 0.17499999999999996
0 0.39187500000000003 0.815625 0.026250000000000107 0.028749999999999963
0 0.465 0.90625 0.057499999999999926 0.05750000000000029
0 0.5893750000000001 0.506875 0.24874999999999997 0.32125000000000004
0 0.556875 0.9806250000000001 0.06624999999999988 0.03874999999999993
0 0.80375 0.60875 0.3324999999999999 0.3449999999999999
0 0.703125 0.015625 0.04875000000000007 0.03125
0 0.72875 0.405625 0.08000000000000007 0.08125000000000004
0 0.8181249999999999 0.934375 0.18124999999999983 0.13125
0 0.78125 0.46374999999999994 0.075 0.08250000000000002
0 0.81375 0.8168749999999999 0.1299999999999999 0.11624999999999996
0 0.8175000000000001 0.026874999999999982 0.13250000000000012 0.053749999999999964
0 0.8368749999999998 0.14125000000000004 0.09625000000000003 0.1150000000000001
0 0.8643750000000001 0.07 0.04875000000000007 0.05499999999999983
0 0.9356249999999999 0.20812499999999998 0.11875 0.08624999999999994
0 0.945625 0.846875 0.10875000000000004 0.13875
0 0.943125 0.06124999999999997 0.09875000000000007 0.10499999999999987
0 0.963125 0.953125 0.07375000000000007 0.09375
0 0.96875 0.6668749999999999 0.0625 0.19125000000000006
