0 0.678125 0.009375 0.16625000000000006 0.01875
0 0.6050000000000001 0.153125 0.34249999999999997 0.23625
0 0.2425 0.11499999999999999 0.13750000000000004 0.145
0 0.39812499999999995 0.21375000000000002 0.08124999999999996 0.13999999999999999
0 0.2875 0.20375000000000001 0.10250000000000004 0.0875
0 0.8 0.303125 0.0625 0.08125
0 0.01875 0.31500000000000006 0.0375 0.07749999999999999
0 0.325 0.3625 0.1025 0.10749999999999993
0 0.09812499999999999 0.334375 0.04624999999999999 0.04375
0 0.084375 0.396875 0.06875 0.06375000000000006
0 0.8143749999999998 0.46499999999999997 0.18874999999999992 0.19999999999999996
0 0.020625 0.40062499999999995 0.04125 0.06375000000000001
0 0.005 0.471875 0.01 0.06375000000000001
0 0.083125 0.62625 0.16625 0.37249999999999994
0 0.05125 0.47375000000000006 0.034999999999999996 0.06000000000000005
0 0.01875 0.490625 0.0375 0.0887500000000001
0 0.34375 0.5081249999999999 0.14749999999999996 0.11374999999999993
0 0.14250000000000002 0.5475 0.0925 0.09499999999999993
0 0.301875 0.546875 0.03375000000000004 0.05625
0 0.365625 0.596875 0.046249999999999944 0.03874999999999993
0 0.3175 0.6387500000000002 0.11999999999999997 0.10499999999999998
0 0.149375 0.675625 0.09624999999999999 0.10374999999999997
0 0.22437500000000005 0.6875 0.04624999999999999 0.04250000000000007
0 0.056874999999999995 0.7068749999999999 0.04875 0.05625
0 0.1125 0.70625 0.025 0.02250000000000014
0 0.010625 0.796875 0.02125 0.0362499999999998
0 0.01625 0.8743749999999999 0.0325 0.08375000000000003
0 0.025 0.95 0.05 0.0825000000000001
