0 0.05625000000000002 0.205625 0.11250000000000004 0.22374999999999998
0 0.023749999999999993 0.945 0.04749999999999999 0.10999999999999996
0 0.03249999999999992 0.6331249999999999 0.06499999999999984 0.09625000000000003
0 0.05687499999999995 0.7575 0.1137499999999999 0.11499999999999985
0 0.13000000000000006 0.09625000000000002 0.07500000000000007 0.08500000000000002
0 0.156875 0.5743750000000001 0.12624999999999997 0.11375000000000002
0 0.15812499999999996 0.890625 0.06624999999999992 0.06875
0 0.240625 0.37625 0.12624999999999997 0.13999999999999996
0 0.216875 0.899375 0.04874999999999985 0.06875
0 0.259375 0.06625 0.11875000000000005 0.11750000000000001
0 0.3275 0.9275 0.14500000000000002 0.11999999999999993
0 0.3212499999999999 0.568125 0.11000000000000001 0.12374999999999999
0 0.31937499999999996 0.195625 0.09375 0.09875000000000003
0 0.4 0.013125000000000001 0.040000000000000036 0.026250000000000002
0 0.42374999999999996 0.59375 0.03499999999999996 0.040000000000000036
0 0.43125 0.9075 0.022499999999999964 0.027500000000000035
0 0.46374999999999994 0.32249999999999995 0.050000000000000086 0.05500000000000003
0 0.45562499999999995 0.8724999999999999 0.028749999999999963 0.025
0 0.5243749999999999 0.023125 0.10875000000000004 0.04625
0 0.5149999999999999 0.11625 0.03499999999999996 0.02999999999999998
0 0.528125 0.635 0.061249999999999985 0.06499999999999995
0 0.519375 0.390625 0.04124999999999997 0.03874999999999993
0 0.6 0.9112500000000001 0.15749999999999992 0.15999999999999998
0 0.5574999999999999 0.34500000000000003 0.04249999999999998 0.04750000000000001
0 0.5931249999999999 0.719375 0.05625 0.09375
0 0.576875 0.425 0.021249999999999946 0.025
0 0.7256250000000001 0.7324999999999999 0.23125000000000018 0.1749999999999999
0 0.749375 0.85125 0.18625000000000008 0.15999999999999998
0 0.829375 0.5737500000000001 0.33125 0.2899999999999999
0 0.7056250000000001 0.32 0.06875 0.06750000000000003
0 0.7899999999999999 0.345 0.22249999999999998 0.13999999999999996
0 0.8074999999999999 0.9793749999999999 0.1575000000000001 0.04124999999999997
0 0.7575 0.11875 0.022500000000000055 0.01749999999999998
0 0.8625 0.25125000000000003 0.1049999999999999 0.09749999999999996
0 0.9112500000000001 0.5237499999999999 0.10250000000000004 0.0875
0 0.9087500000000001 0.17625000000000002 0.039999999999999855 0.08
0 0.95 0.9568749999999999 0.1 0.08625000000000008
0 0.9668749999999999 0.825 0.06624999999999996 0.16999999999999993
0 0.96125 0.003125 0.04500000000000011 0.00625
