0 0.4774999999999999 0.954375 0.18000000000000002 0.09125000000000014
0 0.1499999999999999 0.97875 0.2325000000000001 0.04250000000000007
0 0.005625000000000047 0.96875 0.011250000000000093 0.0625
0 0.584375 0.928125 0.21374999999999994 0.14375
0 0.09124999999999994 0.9112500000000001 0.18249999999999988 0.1375
0 0.278125 0.8956250000000001 0.026249999999999975 0.03375000000000004
0 0.26375000000000004 0.7125 0.07250000000000001 0.08500000000000005
0 0.6743750000000001 0.671875 0.19624999999999995 0.13874999999999993
0 0.025624999999999953 0.725625 0.05124999999999991 0.03125
0 0.45062499999999994 0.695 0.06375000000000001 0.075
0 0.35375 0.699375 0.03499999999999988 0.038750000000000104
0 0.16624999999999995 0.6637500000000001 0.07500000000000004 0.1
0 0.08312500000000012 0.665 0.07624999999999993 0.0875
0 0.53625 0.6599999999999999 0.08000000000000007 0.07499999999999991
0 0.7737499999999999 0.6181249999999999 0.04250000000000007 0.06375000000000011
0 0.438125 0.38749999999999996 0.021249999999999946 0.020000000000000018
0 0.9149999999999998 0.3056249999999999 0.1575000000000001 0.15374999999999991
0 0.371875 0.315625 0.05874999999999999 0.05625
0 0.575 0.24749999999999997 0.17750000000000013 0.17750000000000024
0 0.849375 0.14 0.19875000000000007 0.28
0 0.740625 0.25125000000000003 0.07875000000000014 0.04500000000000006
0 0.931875 0.2012500000000001 0.13625000000000007 0.09499999999999986
0 0.610625 0.14375000000000004 0.06375000000000011 0.0625
0 0.54 0.10999999999999999 0.06749999999999998 0.07499999999999996
0 0.560625 0.036874999999999936 0.061249999999999895 0.05874999999999997
0 0.6918749999999999 0.009999999999999953 0.1062500000000001 0.019999999999999907
