0 0.007500000000000007 0.258125 0.015000000000000013 0.11374999999999998
0 0.14375 0.265 0.11999999999999997 0.1125
0 0.55375 0.440625 0.16999999999999993 0.16374999999999992
0 0.8300000000000001 0.39437500000000003 0.0674999999999999 0.06625
0 0.43125 0.403125 0.047500000000000056 0.06625000000000006
0 0.294375 0.4518750000000001 0.20125 0.13875
0 0.96875 0.4462499999999999 0.0625 0.12249999999999991
0 0.09375 0.45999999999999996 0.1875 0.12499999999999996
0 0.6725 0.47937499999999994 0.04750000000000014 0.06375000000000001
0 0.903125 0.5112500000000001 0.09625000000000003 0.10249999999999995
0 0.003124999999999989 0.54125 0.006249999999999978 0.1325
0 0.41687499999999994 0.5831250000000001 0.12374999999999999 0.13624999999999998
0 0.03937499999999999 0.684375 0.07874999999999999 0.14375
0 0.8556250000000001 0.6575 0.05625 0.08250000000000002
0 0.38687499999999997 0.8243750000000001 0.23374999999999996 0.17124999999999996
0 0.596875 0.8375 0.16624999999999987 0.17249999999999996
0 0.03749999999999998 0.83125 0.07499999999999996 0.13249999999999992
0 0.990625 0.850625 0.01875 0.06374999999999993
0 0.47437500000000005 0.9349999999999999 0.40625 0.13000000000000006
0 0.01749999999999996 0.9800000000000001 0.03499999999999992 0.040000000000000036
0 0.26937500000000003 0.9893750000000001 0.08125000000000004 0.021250000000000036
0 0.16062500000000002 0.9974999999999999 0.14124999999999988 0.005000000000000071
