0 0.48375 0.0025 0.17999999999999994 0.005
0 0.07687499999999997 0.05437499999999999 0.1462500000000001 0.10874999999999999
0 0.04375000000000001 0.185 0.08750000000000002 0.04749999999999999
0 0.030000000000000082 0.3275 0.060000000000000164 0.08750000000000005
0 0.07562499999999994 0.480625 0.15124999999999988 0.19125
0 0.7068749999999999 0.47375 0.15625000000000008 0.14749999999999996
0 0.8399999999999999 0.42125 0.04249999999999989 0.030000000000000072
0 0.821875 0.571875 0.06374999999999993 0.07625000000000001
0 0.745 0.641875 0.2200000000000001 0.19124999999999998
0 0.2799999999999999 0.630625 0.21250000000000013 0.15874999999999995
0 0.09375 0.67 0.1875 0.23499999999999996
0 0.9018750000000001 0.6287499999999999 0.10124999999999992 0.1425
0 0.7637500000000002 0.82875 0.2375000000000001 0.18500000000000005
0 0.13812499999999994 0.7925 0.043749999999999956 0.040000000000000036
0 0.265 0.8306250000000001 0.09000000000000008 0.10124999999999992
0 0.1775 0.8243749999999999 0.07499999999999993 0.08375000000000003
0 0.065 0.8456249999999998 0.05500000000000005 0.06374999999999993
0 0.159375 0.9556250000000001 0.15124999999999997 0.08874999999999993
0 0.7481250000000002 0.97 0.1437500000000001 0.060000000000000143
0 0.305 0.9706250000000001 0.0875 0.05875000000000004
0 0.846875 0.9824999999999999 0.05625 0.03499999999999996
