0 0.6425 0.011875 0.32249999999999995 0.02375
0 0.91875 0.093125 0.1625 0.18625
0 0.501875 0.16 0.32875 0.3
0 0.9824999999999999 0.1925 0.03499999999999996 0.2225
0 0.66875 0.31875 0.28999999999999987 0.21750000000000003
0 0.241875 0.28125 0.10875000000000004 0.13249999999999998
0 0.9099999999999999 0.32562499999999994 0.18000000000000008 0.12375000000000003
0 0.43937499999999996 0.391875 0.11624999999999996 0.17375
0 0.19249999999999998 0.44437499999999996 0.17750000000000002 0.14875
0 0.45499999999999996 0.6212500000000001 0.615 0.395
0 0.250625 0.53625 0.14125000000000001 0.16999999999999993
0 0.8418749999999999 0.5831250000000001 0.2062499999999999 0.18374999999999994
0 0.9731249999999999 0.5893750000000001 0.053749999999999964 0.19624999999999995
0 0.046875 0.6287499999999999 0.09375 0.26499999999999996
0 0.741875 0.8231249999999999 0.22875000000000006 0.19874999999999998
0 0.1125 0.889375 0.225 0.22124999999999995
0 0.24437499999999995 0.95875 0.26375 0.08249999999999993
0 0.8943749999999999 0.96875 0.21125000000000008 0.0625
