0 0.3115234375 0.04345703125 0.130859375 0.0869140625
0 0.82421875 0.05322265625 0.091796875 0.0908203125
0 0.353515625 0.0751953125 0.103515625 0.09375
0 0.326171875 0.1318359375 0.091796875 0.0703125
0 0.98974609375 0.13720703125 0.0205078125 0.0693359375
0 0.39990234375 0.18408203125 0.1142578125 0.0966796875
0 0.3212890625 0.22216796875 0.083984375 0.0986328125
0 0.8583984375 0.23681640625 0.072265625 0.0869140625
0 0.70166015625 0.244140625 0.1005859375 0.076171875
0 0.40185546875 0.28759765625 0.1787109375 0.1513671875
0 0.5087890625 0.24560546875 0.060546875 0.0654296875
0 0.26318359375 0.28564453125 0.0869140625 0.1083984375
0 0.10888671875 0.34228515625 0.1923828125 0.1630859375
0 0.541015625 0.328125 0.09765625 0.11328125
0 0.791015625 0.34228515625 0.16796875 0.1162109375
0 0.65380859375 0.345703125 0.0947265625 0.119140625
0 0.90234375 0.32275390625 0.033203125 0.0400390625
0 0.9111328125 0.3779296875 0.048828125 0.05859375
0 0.29541015625 0.4912109375 0.1513671875 0.1484375
0 0.373046875 0.45703125 0.052734375 0.076171875
0 0.94287109375 0.51708984375 0.0751953125 0.1240234375
0 0.9931640625 0.47265625 0.013671875 0.033203125
0 0.48876953125 0.498046875 0.0498046875 0.072265625
0 0.7802734375 0.58935546875 0.080078125 0.1064453125
0 0.5224609375 0.578125 0.056640625 0.08203125
0 0.61474609375 0.61376953125 0.0869140625 0.0927734375
0 0.21142578125 0.6748046875 0.2255859375 0.19140625
0 0.99462890625 0.63427734375 0.0107421875 0.0244140625
0 0.91748046875 0.73291015625 0.0947265625 0.2138671875
0 0.7060546875 0.7080078125 0.1484375 0.150390625
0 0.9765625 0.73876953125 0.046875 0.1689453125
0 0.59716796875 0.68994140625 0.0458984375 0.0595703125
0 0.0546875 0.73828125 0.07421875 0.072265625
0 0.09912109375 0.76171875 0.0810546875 0.08203125
0 0.52978515625 0.81689453125 0.0791015625 0.1064453125
0 0.447265625 0.84716796875 0.1328125 0.1630859375
0 0.29248046875 0.91748046875 0.2021484375 0.1650390625
0 0.37939453125 0.84228515625 0.0009765625 0.0009765625
0 0.06640625 0.927734375 0.115234375 0.14453125
0 0.1669921875 0.93701171875 0.08203125 0.1259765625
0 0.53564453125 0.9482421875 0.1123046875 0.103515625
0 0.443359375 0.970703125 0.056640625 0.05859375
0 0.935546875 0.974609375 0.109375 0.05078125
0 0.7890625 0.9931640625 0.041015625 0.013671875
