0 0.333125 0.91625 0.22124999999999995 0.16750000000000007
0 0.9200000000000002 0.965625 0.09499999999999993 0.06875
0 0.806875 0.954375 0.12125000000000012 0.09125000000000014
0 0.21125 0.853125 0.04500000000000006 0.053749999999999964
0 0.40875000000000006 0.6475 0.26249999999999996 0.31999999999999995
0 0.975 0.735 0.05 0.125
0 0.21437499999999998 0.76375 0.05125000000000002 0.06500000000000003
0 0.19562500000000002 0.47000000000000003 0.2437499999999999 0.4525
0 0.759375 0.6224999999999999 0.09125000000000005 0.1
0 0.9774999999999998 0.5918749999999999 0.04500000000000011 0.07375000000000007
0 0.478125 0.45562500000000006 0.22374999999999998 0.22374999999999998
0 0.06500000000000006 0.43374999999999997 0.13000000000000012 0.19749999999999995
0 0.80625 0.44312500000000005 0.10750000000000001 0.09875000000000003
0 0.9893750000000001 0.4237499999999999 0.021250000000000036 0.10499999999999998
0 0.8887499999999999 0.44625000000000004 0.025 0.040000000000000036
0 0.011875000000000024 0.310625 0.02375000000000005 0.13875
0 0.08875000000000005 0.25437499999999996 0.10499999999999987 0.21375000000000002
0 0.25 0.24062500000000003 0.19999999999999998 0.21375000000000002
0 0.44625000000000004 0.236875 0.195 0.2062499999999999
0 0.0068750000000000755 0.15999999999999998 0.013750000000000151 0.0875
0 0.34687499999999993 0.09187499999999993 0.10375000000000001 0.10124999999999984
0 0.15812499999999996 0.070625 0.25125 0.14125
0 0.44749999999999995 0.10812499999999999 0.07000000000000002 0.06625000000000003
0 0.526875 0.022500000000000075 0.18874999999999992 0.04500000000000015
0 0.8912500000000001 0.019374999999999976 0.16500000000000004 0.03874999999999995
0 0.06937500000000008 0.006249999999999978 0.13875000000000015 0.012499999999999956
0 0.323125 0.006249999999999978 0.08374999999999999 0.012499999999999956
