0 0.7481249999999999 0.06 0.09874999999999998 0.12
0 0.6900000000000001 0.2 0.12249999999999987 0.13249999999999995
0 0.485 0.20875 0.10000000000000009 0.11499999999999996
0 0.29312499999999997 0.32125 0.12874999999999998 0.15
0 0.23312499999999997 0.42374999999999996 0.11625 0.10749999999999993
0 0.323125 0.555625 0.11375000000000002 0.13124999999999992
0 0.83625 0.61875 0.20250000000000004 0.22750000000000004
0 0.26875 0.8081250000000001 0.18249999999999997 0.19125000000000014
0 0.48624999999999996 0.7975 0.09000000000000004 0.13500000000000006
0 0.027500000000000004 0.8393750000000001 0.05500000000000001 0.08875000000000002
0 0.83625 0.92875 0.08750000000000009 0.08499999999999978
0 0.7175 0.9525 0.15999999999999998 0.09499999999999993
0 0.49499999999999994 0.965625 0.032500000000000015 0.04624999999999986
0 0.57375 0.96875 0.030000000000000072 0.03499999999999979
