0 0.984375 0.9824999999999999 0.03125 0.03499999999999996
0 0.95375 0.21499999999999994 0.09250000000000007 0.14749999999999994
0 0.94625 0.5075000000000001 0.06499999999999986 0.05250000000000003
0 0.89875 0.828125 0.05249999999999986 0.06125000000000007
0 0.9112500000000001 0.5662499999999999 0.01750000000000007 0.02999999999999998
0 0.85125 0.9956250000000001 0.10250000000000004 0.008750000000000036
0 0.84375 0.23000000000000007 0.07750000000000021 0.04750000000000001
0 0.8087500000000001 0.53875 0.08250000000000002 0.0750000000000001
0 0.599375 0.9225 0.32875 0.15500000000000008
0 0.626875 0.06312499999999993 0.14874999999999988 0.09624999999999984
0 0.60625 0.18562499999999998 0.16500000000000004 0.17625000000000016
0 0.6081249999999999 0.40437499999999993 0.1062500000000001 0.07625000000000001
0 0.29500000000000004 0.20187500000000008 0.4424999999999999 0.22124999999999986
0 0.40437499999999993 0.999375 0.1062500000000001 0.001249999999999929
0 0.38687499999999997 0.05625000000000002 0.12625000000000003 0.08999999999999986
0 0.3425000000000001 0.829375 0.12500000000000006 0.14625000000000005
0 0.32375 0.43562500000000004 0.1174999999999999 0.09625000000000009
0 0.290625 0.9675 0.043749999999999956 0.03499999999999996
0 0.25 0.8087500000000001 0.0700000000000001 0.06750000000000007
0 0.20687499999999998 0.3725 0.10124999999999992 0.04500000000000002
0 0.18937499999999996 0.3225 0.08374999999999999 0.04499999999999993
0 0.15687500000000004 0.04500000000000004 0.14125 0.09000000000000008
0 0.125 0.31187499999999996 0.05249999999999977 0.026249999999999975
0 0.050624999999999976 0.298125 0.10124999999999995 0.043749999999999914
0 0.02812500000000001 0.020625000000000004 0.05625000000000002 0.04125000000000001
0 0.016249999999999987 0.37312500000000004 0.03249999999999997 0.09375
0 0.0012499999999999178 0.73375 0.0024999999999998357 0.04750000000000014
