0 0.14875 0.985 0.13000000000000003 0.030000000000000072
0 0.33625 0.9912500000000002 0.12750000000000003 0.017499999999999894
0 0.999375 0.9737500000000001 0.001249999999999929 0.05
0 0.745 0.945625 0.07249999999999997 0.06374999999999993
0 0.6849999999999999 0.925 0.0875 0.04499999999999993
0 0.728125 0.8381250000000001 0.11124999999999999 0.1012500000000001
0 0.734375 0.44000000000000006 0.53125 0.8300000000000001
0 0.40625 0.724375 0.10500000000000002 0.23125
0 0.02625000000000005 0.5731250000000001 0.029999999999999916 0.05625000000000009
0 0.07624999999999998 0.5662499999999999 0.04749999999999999 0.06499999999999995
0 0.3662500000000001 0.5650000000000001 0.06500000000000009 0.057500000000000016
0 0.143125 0.549375 0.05625000000000002 0.05125000000000011
0 0.205 0.47562499999999996 0.09999999999999995 0.06125000000000007
0 0.28187500000000004 0.39187500000000003 0.09875000000000003 0.13875000000000007
0 0.356875 0.376875 0.06625000000000006 0.07625000000000001
0 0.96875 0.12624999999999997 0.0625 0.25249999999999995
0 0.09249999999999997 0.17062500000000008 0.0525000000000001 0.06374999999999989
0 0.30125 0.09124999999999994 0.23499999999999993 0.18249999999999988
0 0.186875 0.10812500000000007 0.06125000000000003 0.06125000000000014
0 0.36125 0.118125 0.03500000000000005 0.03375000000000006
0 0.66875 0.01375000000000004 0.29499999999999993 0.02750000000000008
0 0.20125 0.007500000000000007 0.24 0.015000000000000013
