0 0.43999999999999995 0.034375 0.3224999999999999 0.06875
0 0.9262499999999999 0.041875 0.14749999999999996 0.08375
0 0.7793749999999999 0.12625 0.28874999999999995 0.21000000000000002
0 0.29937500000000006 0.205 0.32875 0.3
0 0.88125 0.2375 0.2375 0.22249999999999998
0 0.46624999999999994 0.36374999999999996 0.29 0.21749999999999997
0 0.046875 0.32625000000000004 0.09375 0.1325
0 0.7318749999999999 0.37062500000000004 0.2287499999999998 0.12374999999999999
0 0.236875 0.436875 0.11624999999999999 0.17375000000000007
0 0.039375 0.4893749999999999 0.07875 0.14875
0 0.9550000000000001 0.5287499999999999 0.09000000000000004 0.20749999999999993
0 0.28 0.66625 0.56 0.3949999999999999
0 0.059375 0.58125 0.11875 0.16999999999999993
0 0.639375 0.628125 0.2062500000000001 0.18374999999999994
0 0.8143750000000001 0.634375 0.14124999999999996 0.19625000000000004
0 0.9262499999999999 0.7231249999999999 0.13499999999999995 0.16124999999999998
0 0.539375 0.868125 0.22875000000000006 0.19875000000000007
0 0.01125 0.911875 0.0225 0.17624999999999993
0 0.086875 0.98125 0.17375 0.0375
0 0.695625 0.9912500000000002 0.21875 0.017499999999999894
