0 0.8725000000000002 0.029374999999999995 0.09749999999999996 0.05874999999999999
0 0.034375 0.05187499999999999 0.06875 0.10374999999999998
0 0.89375 0.12562500000000001 0.06999999999999992 0.05625
0 0.8006249999999999 0.21187500000000004 0.09625000000000013 0.09624999999999999
0 0.8925000000000001 0.179375 0.039999999999999855 0.03125
0 0.536875 0.19187500000000002 0.05125000000000002 0.04124999999999999
0 0.999375 0.22999999999999998 0.001249999999999929 0.06249999999999998
0 0.923125 0.216875 0.04375 0.03375000000000004
0 0.48562500000000003 0.380625 0.21125000000000008 0.22875000000000006
0 0.9974999999999999 0.34375 0.005000000000000071 0.1375
0 0.7887500000000001 0.35812499999999997 0.15999999999999998 0.13625000000000004
0 0.6456249999999999 0.3375 0.08875000000000002 0.08249999999999993
0 0.10500000000000001 0.39 0.13000000000000003 0.1
0 0.3 0.4325 0.1525 0.15250000000000002
0 0.090625 0.5193749999999999 0.09125000000000001 0.07874999999999996
0 0.0175 0.530625 0.035 0.07874999999999988
0 0.8881249999999999 0.57625 0.22374999999999998 0.14000000000000004
0 0.7056250000000001 0.5918749999999999 0.09625000000000013 0.11625000000000005
0 0.560625 0.60375 0.17874999999999996 0.13000000000000006
0 0.4106249999999999 0.60625 0.11124999999999999 0.1125
0 0.5512499999999999 0.74125 0.1625 0.13249999999999992
0 0.018125 0.765625 0.03625 0.17375000000000007
0 0.355625 0.784375 0.03374999999999999 0.028749999999999963
0 0.846875 0.969375 0.05874999999999986 0.06125000000000007
