0 0.83375 0.931875 0.15750000000000003 0.13625000000000007
0 0.711875 0.9337499999999999 0.053749999999999964 0.13250000000000012
0 0.95 0.9806250000000001 0.05 0.02624999999999993
0 0.033125 0.8612500000000001 0.06625 0.25250000000000006
0 0.438125 0.9356249999999999 0.07374999999999998 0.06624999999999996
0 0.595 0.9181249999999999 0.09749999999999996 0.0737499999999999
0 0.6731250000000001 0.913125 0.026250000000000016 0.03125
0 0.47874999999999995 0.8775000000000001 0.12750000000000003 0.1
0 0.8162500000000001 0.765 0.14749999999999996 0.18249999999999994
0 0.5237499999999999 0.7125 0.05250000000000003 0.06500000000000013
0 0.203125 0.6649999999999999 0.06125000000000005 0.05250000000000003
0 0.465 0.6775 0.02999999999999998 0.01750000000000007
0 0.02 0.6174999999999999 0.04 0.10250000000000004
0 0.8012499999999999 0.61 0.047500000000000056 0.07749999999999994
0 0.49250000000000005 0.575 0.0750000000000001 0.08249999999999993
0 0.093125 0.36562500000000003 0.18625 0.32875000000000004
0 0.9600000000000002 0.39312500000000006 0.07999999999999989 0.14875000000000008
0 0.8456250000000001 0.3725 0.1762500000000001 0.16499999999999995
0 0.6268750000000001 0.374375 0.07625000000000001 0.10625
0 0.829375 0.14125 0.22124999999999986 0.2825
0 0.01625 0.17062500000000003 0.0325 0.10624999999999993
0 0.9650000000000001 0.15312500000000007 0.06999999999999992 0.12624999999999997
0 0.20187499999999997 0.10875000000000001 0.14625 0.125
0 0.595625 0.09000000000000002 0.09625000000000003 0.11750000000000005
0 0.004375 0.05749999999999994 0.00875 0.11000000000000021
0 0.06375 0.05687499999999995 0.034999999999999996 0.04375000000000007
0 0.2225 0.025624999999999953 0.0675 0.05124999999999991
0 0.6587500000000001 0.011875000000000024 0.04500000000000002 0.02375000000000005
