0 0.06 0.89875 0.12 0.1
0 0.9868750000000001 0.8231249999999999 0.02624999999999993 0.14125000000000004
0 0.175 0.8337499999999999 0.05250000000000003 0.05750000000000011
0 0.84375 0.68125 0.23500000000000015 0.20750000000000002
0 0.9875 0.69 0.025 0.08499999999999996
0 0.968125 0.5549999999999999 0.06374999999999993 0.15999999999999998
0 0.37687499999999996 0.5818749999999999 0.028749999999999963 0.02624999999999993
0 0.28625 0.50875 0.057499999999999975 0.057500000000000016
0 0.024375 0.469375 0.04875 0.08125
0 0.6856249999999999 0.384375 0.32124999999999987 0.24874999999999994
0 0.19875 0.416875 0.06499999999999999 0.06624999999999996
0 0.026250000000000002 0.3175 0.052500000000000005 0.22249999999999992
0 0.58375 0.16999999999999998 0.34500000000000003 0.33250000000000013
0 0.786875 0.24500000000000002 0.08125000000000009 0.08000000000000007
0 0.22562499999999996 0.1556249999999999 0.19624999999999998 0.1812500000000001
0 0.72875 0.1925 0.08250000000000002 0.07499999999999996
0 0.375625 0.15999999999999998 0.11625000000000005 0.13000000000000003
0 0.996875 0.13687500000000002 0.00625 0.09625000000000028
0 0.9706250000000001 0.04874999999999996 0.05875000000000004 0.09749999999999992
0 0.34562499999999996 0.04124999999999995 0.13874999999999993 0.0824999999999999
0 0.184375 0.023749999999999993 0.20374999999999996 0.04749999999999999
0 0.525625 0.018125000000000058 0.19124999999999998 0.036250000000000115
