0 0.690625 0.00625 0.09875000000000007 0.0125
0 0.9625 0.023125 0.047499999999999966 0.04625
0 0.356875 0.08875 0.06625000000000006 0.08499999999999999
0 0.976875 0.15562499999999999 0.046250000000000034 0.16624999999999995
0 0.6837500000000001 0.24625000000000002 0.1625 0.2975
0 0.8425 0.13374999999999998 0.037499999999999825 0.032500000000000015
0 0.4856249999999999 0.290625 0.19874999999999998 0.20875000000000005
0 0.963125 0.304375 0.07375000000000007 0.17625000000000002
0 0.353125 0.28625 0.03875000000000002 0.06500000000000003
0 0.2975 0.28687500000000005 0.03749999999999996 0.04875000000000003
0 0.145625 0.29625 0.04375 0.04750000000000001
0 0.7943749999999999 0.3875 0.20875000000000013 0.20250000000000004
0 0.34187500000000004 0.355 0.05875000000000004 0.049999999999999954
0 0.19250000000000003 0.37 0.05500000000000001 0.05249999999999999
0 0.284375 0.38 0.06625 0.047499999999999966
0 0.54625 0.425 0.09499999999999993 0.0625
0 0.206875 0.5325 0.053750000000000055 0.07999999999999999
0 0.79125 0.5625 0.08749999999999991 0.1200000000000001
0 0.00375 0.614375 0.0075 0.11125000000000007
0 0.234375 0.6431250000000001 0.07125000000000001 0.08875000000000002
0 0.370625 0.665625 0.08874999999999997 0.12375000000000007
0 0.9337500000000001 0.7012499999999999 0.12249999999999979 0.12000000000000002
0 0.98375 0.723125 0.03249999999999993 0.11125000000000007
0 0.30874999999999997 0.8300000000000001 0.05499999999999998 0.10249999999999995
0 0.985 0.896875 0.030000000000000072 0.16625000000000015
0 0.755625 0.9125 0.11375000000000002 0.15
0 0.07125000000000001 0.9756250000000002 0.045 0.04874999999999989
0 0.745 0.9974999999999999 0.04499999999999993 0.005000000000000071
