0 0.670625 0.889375 0.11375000000000002 0.0987499999999999
0 0.66375 0.71125 0.1125 0.12000000000000002
0 0.48812500000000003 0.30125 0.16375000000000012 0.16999999999999998
0 0.534375 0.029374999999999995 0.06625000000000006 0.05874999999999999
0 0.525625 0.42374999999999996 0.06624999999999996 0.047499999999999966
0 0.476875 0.560625 0.1387500000000001 0.20124999999999993
0 0.46875 0.780625 0.125 0.22625
0 0.449375 0.1825 0.06375000000000001 0.04750000000000001
0 0.3875 0.9181250000000001 0.13249999999999992 0.13874999999999993
0 0.39187500000000003 0.9962500000000001 0.046250000000000034 0.007499999999999929
0 0.34562499999999996 0.438125 0.13624999999999998 0.12375000000000003
0 0.244375 0.8543749999999999 0.14375000000000007 0.15624999999999992
0 0.27125 0.013750000000000002 0.08250000000000002 0.027500000000000004
0 0.213125 0.95625 0.07125000000000004 0.0875
0 0.10437499999999993 0.468125 0.1712499999999998 0.23374999999999996
0 0.09125000000000005 0.258125 0.17249999999999988 0.16625
0 0.09749999999999998 0.851875 0.13249999999999995 0.14374999999999982
0 0.10749999999999997 0.9568749999999999 0.07750000000000001 0.08625000000000008
0 0.02937500000000004 0.38062500000000005 0.05875000000000008 0.40625
0 0.02937500000000004 0.9668749999999999 0.05875000000000008 0.06624999999999996
