0 0.8925000000000001 0.9706250000000001 0.14750000000000013 0.05875000000000004
0 0.6 0.9737500000000001 0.05249999999999995 0.05250000000000003
0 0.27937500000000004 0.9324999999999999 0.06125000000000003 0.05250000000000003
0 0.54125 0.945 0.02999999999999998 0.017499999999999894
0 0.08187499999999998 0.8850000000000001 0.06874999999999998 0.10250000000000004
0 0.01749999999999996 0.874375 0.03499999999999992 0.09375
0 0.8774999999999998 0.8774999999999998 0.047499999999999966 0.07750000000000004
0 0.56875 0.8425 0.075 0.0825000000000001
0 0.15749999999999997 0.6331249999999999 0.20999999999999996 0.32875
0 0.9981249999999999 0.6606249999999999 0.0037499999999999643 0.14875000000000008
0 0.9168749999999999 0.64 0.16624999999999995 0.16499999999999995
0 0.703125 0.6418750000000001 0.07624999999999993 0.1062500000000001
0 0.016874999999999918 0.5743750000000001 0.033749999999999836 0.1687499999999999
0 0.8975 0.32875000000000004 0.205 0.4424999999999999
0 0.006249999999999978 0.4831250000000001 0.012499999999999956 0.06375000000000001
0 0.05437500000000001 0.438125 0.10875000000000001 0.10624999999999996
0 0.278125 0.3762499999999999 0.14625000000000007 0.12499999999999996
0 0.671875 0.3575 0.09624999999999986 0.11749999999999998
0 0.04500000000000004 0.325 0.07999999999999985 0.10999999999999996
0 0.14000000000000007 0.32437499999999997 0.03499999999999981 0.043749999999999956
0 0.29875 0.28375000000000006 0.06749999999999998 0.06999999999999998
0 0.735 0.24062499999999992 0.04499999999999993 0.10125000000000017
0 0.7849999999999999 0.22312500000000002 0.04499999999999993 0.08375000000000002
0 0.03125 0.21374999999999994 0.0625 0.07500000000000007
0 0.795625 0.15875000000000006 0.026250000000000107 0.05250000000000021
0 0.013124999999999942 0.07187500000000002 0.026249999999999885 0.14375000000000004
0 0.809375 0.075625 0.04375 0.11875000000000002
0 0.734375 0.04062499999999997 0.09375 0.05124999999999991
0 0.37374999999999997 0.018125000000000058 0.047499999999999966 0.036250000000000115
