0 0.734375 0.0325 0.14624999999999994 0.065
0 0.8350000000000002 0.05750000000000001 0.10750000000000011 0.11500000000000002
0 0.14749999999999996 0.070625 0.09250000000000003 0.11125
0 0.34812499999999996 0.08 0.12875000000000006 0.0975
0 0.7318749999999998 0.13562500000000002 0.22874999999999995 0.19375000000000003
0 0.595 0.081875 0.07750000000000004 0.08375
0 0.909375 0.13312500000000002 0.11125000000000007 0.13875000000000004
0 0.991875 0.20562500000000003 0.016249999999999966 0.20875
0 0.55375 0.1875 0.125 0.145
0 0.23375000000000004 0.20562500000000003 0.21500000000000008 0.14875000000000002
0 0.409375 0.21000000000000002 0.12124999999999994 0.15249999999999997
0 0.09125 0.18062499999999998 0.04250000000000009 0.05125
0 0.07999999999999985 0.25125000000000003 0.0625 0.075
0 0.868125 0.39625000000000005 0.19375 0.19000000000000003
0 0.76875 0.35250000000000004 0.06750000000000007 0.0975
0 0.04375000000000001 0.429375 0.08750000000000002 0.15875000000000003
0 0.6206250000000001 0.4050000000000001 0.06375000000000001 0.09249999999999999
0 0.2475 0.521875 0.10249999999999995 0.13624999999999998
0 0.5775 0.5075000000000001 0.07250000000000005 0.10500000000000007
0 0.459375 0.553125 0.11124999999999999 0.11875
0 0.915625 0.63125 0.16875 0.24500000000000002
0 0.07187500000000002 0.7056250000000001 0.12124999999999986 0.27375000000000005
0 0.3425 0.6737500000000001 0.18999999999999995 0.19249999999999998
0 0.013124999999999942 0.713125 0.026249999999999885 0.21625000000000005
0 0.48187499999999994 0.650625 0.05874999999999995 0.07624999999999993
0 0.568125 0.813125 0.10125000000000002 0.13624999999999998
0 0.6737500000000001 0.851875 0.17 0.20874999999999994
0 0.8712499999999999 0.9181250000000001 0.2575000000000001 0.16374999999999992
0 0.7606249999999999 0.8456249999999998 0.0012500000000000178 0.001249999999999929
0 0.99 0.943125 0.019999999999999928 0.11374999999999993
0 0.5606250000000002 0.9574999999999999 0.1437500000000001 0.08499999999999996
0 0.6787500000000001 0.9862500000000001 0.07249999999999997 0.027500000000000035
0 0.05937500000000001 0.9912500000000002 0.11875000000000002 0.017499999999999894
