0 0.91162109375 0.67041015625 0.0771484375 0.0888671875
0 0.7724609375 0.6650390625 0.09375 0.087890625
0 0.4521484375 0.52783203125 0.1328125 0.1279296875
0 0.236328125 0.56396484375 0.052734375 0.0517578125
0 0.08056640625 0.5576171875 0.0263671875 0.0546875
0 0.5478515625 0.55712890625 0.037109375 0.0517578125
0 0.65478515625 0.51904296875 0.1572265625 0.1083984375
0 0.119140625 0.5234375 0.06640625 0.095703125
0 0.82666015625 0.5126953125 0.1767578125 0.09765625
0 0.359375 0.49755859375 0.037109375 0.0498046875
0 0.17919921875 0.47265625 0.0751953125 0.080078125
0 0.93408203125 0.44921875 0.1083984375 0.103515625
0 0.99609375 0.45263671875 0.0078125 0.0361328125
0 0.55908203125 0.41650390625 0.0966796875 0.1064453125
0 0.88427734375 0.33740234375 0.1220703125 0.1123046875
0 0.21630859375 0.3583984375 0.0439453125 0.064453125
0 0.96484375 0.31298828125 0.0703125 0.0556640625
0 0.58251953125 0.22802734375 0.1826171875 0.1337890625
0 0.41845703125 0.2177734375 0.1298828125 0.134765625
0 0.88232421875 0.22265625 0.1123046875 0.103515625
0 0.96533203125 0.23046875 0.0693359375 0.060546875
0 0.091796875 0.20751953125 0.052734375 0.0498046875
0 0.51416015625 0.09619140625 0.3173828125 0.1923828125
0 0.97314453125 0.15966796875 0.0537109375 0.0654296875
0 0.8935546875 0.083984375 0.072265625 0.076171875
0 0.96337890625 0.06005859375 0.0732421875 0.0966796875
0 0.67431640625 0.0537109375 0.0634765625 0.107421875
0 0.75927734375 0.04736328125 0.1103515625 0.0947265625
0 0.109375 0.03125 0.0546875 0.0625
0 0.875 0.01806640625 0.08984375 0.0361328125
