0 0.23875000000000002 0.03625 0.0625 0.05499999999999999
0 0.39375 0.10124999999999999 0.18000000000000008 0.1025
0 0.030000000000000082 0.184375 0.060000000000000164 0.14375
0 0.030625000000000013 0.628125 0.06125000000000003 0.19125000000000006
0 0.6168750000000001 0.62125 0.15625 0.14749999999999996
0 0.75 0.56875 0.04250000000000007 0.030000000000000072
0 0.9981249999999999 0.6875 0.0037499999999999643 0.060000000000000143
0 0.7318749999999999 0.719375 0.06375000000000001 0.07624999999999993
0 0.655 0.7893749999999999 0.22000000000000003 0.19124999999999998
0 0.19 0.778125 0.21250000000000005 0.1587500000000001
0 0.04874999999999996 0.8175000000000001 0.09749999999999992 0.23500000000000015
0 0.811875 0.7762499999999999 0.10125000000000002 0.1425
0 0.6737499999999998 0.9418749999999999 0.2375000000000001 0.11624999999999996
0 0.04812499999999992 0.9400000000000001 0.04375000000000007 0.039999999999999855
0 0.17500000000000004 0.9637499999999999 0.08999999999999986 0.07249999999999997
0 0.08750000000000002 0.9650000000000001 0.07499999999999996 0.06999999999999992
0 0.0012499999999999178 0.9806250000000001 0.0024999999999998357 0.03874999999999993
