0 0.5637500000000001 0.98375 0.1749999999999999 0.03249999999999993
0 0.7612500000000001 0.9756250000000002 0.09750000000000014 0.04874999999999989
0 0.36124999999999996 0.838125 0.555 0.26624999999999976
0 0.87625 0.8018750000000001 0.12250000000000014 0.12374999999999989
0 0.7025 0.780625 0.12999999999999998 0.13625000000000007
0 0.083125 0.7143750000000001 0.16625 0.22375000000000006
0 0.4175000000000001 0.7125 0.06749999999999998 0.030000000000000072
0 0.8806249999999999 0.6612500000000001 0.1012500000000001 0.11000000000000006
0 0.34125000000000005 0.6768750000000001 0.06499999999999995 0.043749999999999914
0 0.755625 0.6224999999999999 0.11874999999999983 0.12000000000000002
0 0.10312500000000002 0.643125 0.03125 0.028749999999999963
0 0.12437500000000008 0.506875 0.05875000000000019 0.05625
0 0.7793750000000002 0.45687500000000003 0.09375000000000008 0.11624999999999996
0 0.234375 0.488125 0.021250000000000036 0.05125000000000002
0 0.6325000000000001 0.37124999999999997 0.2049999999999999 0.14749999999999996
0 0.14312500000000006 0.41875 0.026249999999999885 0.029999999999999895
0 0.946875 0.41437500000000005 0.036250000000000074 0.021249999999999946
0 0.9418749999999999 0.34875 0.06625000000000014 0.07000000000000006
0 0.09000000000000002 0.36124999999999996 0.03749999999999998 0.025000000000000043
0 0.82125 0.25687499999999996 0.21750000000000008 0.1937500000000001
0 0.425625 0.28812499999999996 0.05874999999999999 0.053749999999999964
0 0.12 0.295625 0.02750000000000008 0.03374999999999995
0 0.5487499999999998 0.24562500000000004 0.1750000000000001 0.09874999999999998
0 0.9099999999999999 0.22937499999999997 0.03249999999999993 0.03374999999999995
0 0.8856249999999999 0.20437499999999997 0.038750000000000104 0.03125
0 0.6631250000000001 0.17875000000000002 0.07874999999999996 0.05999999999999994
0 0.9425000000000001 0.16375 0.03750000000000018 0.05999999999999994
0 0.459375 0.10312499999999995 0.22375000000000012 0.1762499999999999
0 0.7918749999999999 0.07437499999999991 0.15624999999999992 0.13624999999999987
0 0.6831250000000001 0.04437499999999994 0.016250000000000053 0.018750000000000044
0 0.7943749999999999 0.015625 0.05625 0.02625000000000033
0 0.31125 0.007500000000000007 0.06000000000000005 0.015000000000000013
