0 0.7474999999999999 0.039375 0.18000000000000008 0.07875
0 0.08625 0.075 0.1725 0.15
0 0.45999999999999996 0.05750000000000001 0.15999999999999998 0.11500000000000002
0 0.32562499999999994 0.00875 0.06375000000000006 0.0175
0 0.24874999999999997 0.05187499999999999 0.11999999999999997 0.10374999999999998
0 0.97625 0.056874999999999995 0.047499999999999966 0.11374999999999999
0 0.59875 0.06312500000000001 0.07750000000000004 0.07125000000000001
0 0.82875 0.173125 0.2800000000000001 0.22624999999999998
0 0.5974999999999999 0.11875 0.04249999999999998 0.044999999999999984
0 0.21687499999999998 0.200625 0.16875000000000007 0.18125
0 0.409375 0.18125 0.09124999999999997 0.07249999999999998
0 0.9824999999999999 0.240625 0.03499999999999996 0.10625
0 0.009375000000000022 0.215625 0.018750000000000044 0.028750000000000008
0 0.9949999999999999 0.27749999999999997 0.009999999999999964 0.14750000000000005
0 0.014375000000000082 0.285625 0.028750000000000164 0.12624999999999997
0 0.6168750000000001 0.26749999999999996 0.09375 0.085
0 0.5706249999999999 0.35625 0.07874999999999996 0.075
0 0.8099999999999999 0.4731249999999999 0.34750000000000003 0.2437499999999999
0 0.39125 0.433125 0.13250000000000006 0.11375000000000006
0 0.195 0.445625 0.10750000000000004 0.13375000000000004
0 0.398125 0.515 0.043750000000000046 0.03749999999999991
0 0.19937500000000002 0.5431250000000001 0.036250000000000004 0.03375000000000004
0 0.42000000000000004 0.571875 0.0625 0.06125000000000007
0 0.548125 0.6625 0.0887500000000001 0.175
0 0.740625 0.7356250000000001 0.34375 0.3062500000000001
0 0.011249999999999982 0.6231249999999999 0.022499999999999964 0.07625000000000001
0 0.9481249999999999 0.860625 0.10374999999999997 0.27875000000000005
0 0.48999999999999994 0.7649999999999999 0.040000000000000036 0.047499999999999966
0 0.540625 0.8225000000000001 0.07875000000000006 0.12750000000000003
0 0.9268750000000001 0.8125 0.04624999999999986 0.08249999999999993
0 0.590625 0.915 0.06625000000000006 0.06999999999999992
0 0.60375 0.9912500000000002 0.07250000000000005 0.017499999999999894
