0 0.774375 0.000625 0.07125000000000012 0.00125
0 0.931875 0.07375 0.13625000000000007 0.1475
0 0.36875 0.051875000000000004 0.039999999999999994 0.05375
0 0.00125 0.075625 0.0025 0.06624999999999999
0 0.779375 0.075 0.14625000000000005 0.06499999999999999
0 0.61875 0.14937499999999998 0.24250000000000008 0.18125
0 0.053125 0.11125 0.05125 0.05249999999999999
0 0.9199999999999999 0.166875 0.07249999999999997 0.05125000000000002
0 0.045625 0.170625 0.03624999999999999 0.04125000000000001
0 0.236875 0.236875 0.12625000000000003 0.13124999999999998
0 0.04375 0.263125 0.0875 0.12374999999999999
0 0.9875 0.25875 0.025 0.07249999999999997
0 0.9006250000000001 0.28125 0.12125000000000004 0.09499999999999993
0 0.4425 0.34562499999999996 0.07750000000000004 0.10375000000000001
0 0.24875000000000003 0.383125 0.10500000000000001 0.13875000000000007
0 0.368125 0.38687499999999997 0.12625000000000003 0.12374999999999999
0 0.0025 0.46687500000000004 0.005 0.21875000000000006
0 0.7825 0.4887499999999999 0.11500000000000003 0.10750000000000001
0 0.746875 0.5875 0.34375 0.07999999999999999
0 0.47062499999999996 0.6625 0.16624999999999995 0.1325
0 0.003125 0.70375 0.00625 0.20749999999999993
0 0.030625000000000003 0.6793750000000001 0.061250000000000006 0.10875000000000004
0 0.31124999999999997 0.699375 0.09000000000000004 0.04124999999999997
0 0.1525 0.7449999999999999 0.095 0.07499999999999991
