0 0.83625 0.020625 0.07999999999999989 0.04125
0 0.3025 0.005 0.05499999999999998 0.01
0 0.269375 0.04375 0.05625 0.0425
0 0.5862499999999999 0.043125000000000004 0.025 0.036250000000000004
0 0.140625 0.12 0.07124999999999981 0.05249999999999999
0 0.025624999999999953 0.21812499999999999 0.05124999999999991 0.14875
0 0.54625 0.196875 0.039999999999999945 0.053749999999999964
0 0.95625 0.220625 0.0875 0.06624999999999996
0 0.135625 0.22000000000000003 0.14625 0.06499999999999999
0 0.29625 0.29437499999999994 0.24249999999999994 0.18125000000000005
0 0.8618749999999998 0.25625 0.05125000000000011 0.05249999999999995
0 0.015625 0.311875 0.03125 0.05125000000000002
0 0.8693750000000001 0.315625 0.03624999999999989 0.04125000000000001
0 0.678125 0.38187499999999996 0.12624999999999992 0.13125
0 0.89625 0.40812499999999996 0.1375 0.12374999999999994
0 0.03749999999999998 0.4262499999999999 0.07499999999999996 0.09500000000000001
0 0.4725 0.490625 0.07750000000000004 0.10375000000000005
0 0.66625 0.528125 0.10499999999999998 0.13875
0 0.546875 0.531875 0.12624999999999992 0.12375000000000007
0 0.9550000000000001 0.611875 0.09000000000000004 0.21875
0 0.1324999999999999 0.63375 0.11499999999999988 0.10750000000000001
0 0.16999999999999998 0.7324999999999999 0.33999999999999997 0.07999999999999999
0 0.44437499999999996 0.8074999999999999 0.16625000000000006 0.13250000000000012
0 0.954375 0.8487500000000001 0.09125000000000014 0.20750000000000002
0 0.8962499999999999 0.8243750000000001 0.08499999999999996 0.10874999999999994
0 0.60375 0.8443750000000001 0.08999999999999986 0.04124999999999997
0 0.7625000000000001 0.89 0.09500000000000011 0.075
