0 0.06187500000000001 0.26749999999999996 0.12375000000000003 0.23500000000000001
0 0.17125000000000004 0.24937499999999999 0.06250000000000003 0.08875000000000002
0 0.22562499999999996 0.305625 0.09375 0.13375000000000004
0 0.7699999999999999 0.32625000000000004 0.13249999999999992 0.1125
0 0.613125 0.3375 0.10374999999999997 0.11000000000000006
0 0.93875 0.340625 0.10999999999999996 0.11375000000000002
0 0.428125 0.348125 0.14624999999999994 0.12875
0 0.1443750000000001 0.37249999999999994 0.07874999999999999 0.09250000000000003
0 0.06187499999999996 0.42125 0.04625000000000001 0.06749999999999998
0 0.4074999999999999 0.478125 0.20249999999999996 0.16625000000000006
0 0.28312499999999996 0.534375 0.13124999999999995 0.08125
0 0.06812500000000005 0.553125 0.1362500000000001 0.06875
0 0.43 0.6300000000000001 0.11249999999999996 0.12749999999999995
0 0.04999999999999999 0.6412500000000001 0.09999999999999998 0.14000000000000004
0 0.15375 0.653125 0.13999999999999999 0.15124999999999994
0 0.26125000000000004 0.708125 0.16249999999999998 0.16375000000000012
0 0.53 0.684375 0.11000000000000006 0.10625
0 0.765625 0.7681250000000001 0.07375000000000007 0.10374999999999987
0 0.34875 0.821875 0.1499999999999999 0.14124999999999996
0 0.9668749999999999 0.809375 0.06624999999999996 0.10874999999999994
0 0.46624999999999994 0.819375 0.057500000000000016 0.08624999999999998
0 0.5606249999999999 0.8618750000000001 0.04125000000000005 0.05124999999999993
0 0.03249999999999992 0.91375 0.06499999999999984 0.08499999999999996
0 0.2200000000000001 0.9462499999999998 0.24249999999999994 0.10750000000000011
0 0.28750000000000003 0.914375 0.027499999999999948 0.028749999999999963
0 0.35124999999999995 0.940625 0.07250000000000001 0.07124999999999986
0 0.036250000000000004 0.978125 0.07250000000000001 0.04375
