0 0.835625 0.5125 0.1812499999999999 0.17
0 0.74125 0.2725 0.125 0.1325
0 0.59 0.671875 0.054999999999999896 0.053749999999999964
0 0.544375 0.23562500000000003 0.0737499999999999 0.06375000000000006
0 0.47437500000000005 0.09875 0.06375000000000001 0.04750000000000001
0 0.4262499999999999 0.42062499999999997 0.15499999999999997 0.14375
0 0.433125 0.25437499999999996 0.13624999999999993 0.10125000000000002
0 0.47375000000000006 0.13937499999999997 0.050000000000000086 0.03874999999999999
0 0.45375 0.174375 0.06749999999999998 0.03874999999999999
0 0.3875 0.31437499999999996 0.022500000000000096 0.023749999999999983
0 0.36 0.655 0.04249999999999998 0.050000000000000086
0 0.345625 0.708125 0.04375000000000009 0.04875000000000007
0 0.3525 0.346875 0.01250000000000009 0.013749999999999974
0 0.1656249999999999 0.49375 0.3262500000000001 0.2975
0 0.25687499999999996 0.403125 0.11375000000000002 0.08874999999999993
0 0.288125 0.8524999999999998 0.04375000000000009 0.04500000000000011
0 0.216875 0.9118749999999999 0.04125000000000001 0.038750000000000104
0 0.1987500000000001 0.20750000000000002 0.057499999999999885 0.03750000000000002
