0 0.0546875 0.06689453125 0.109375 0.1337890625
0 0.025390625 0.14990234375 0.05078125 0.0771484375
0 0.1357421875 0.43701171875 0.1875 0.1728515625
0 0.1015625 0.8955078125 0.1015625 0.07421875
0 0.11865234375 0.80712890625 0.1025390625 0.0947265625
0 0.15234375 0.072265625 0.048828125 0.044921875
0 0.22900390625 0.05224609375 0.0927734375 0.0888671875
0 0.21337890625 0.341796875 0.0419921875 0.03515625
0 0.3740234375 0.49609375 0.25 0.205078125
0 0.3056640625 0.95458984375 0.09765625 0.0712890625
0 0.283203125 0.34423828125 0.05078125 0.0400390625
0 0.2919921875 0.0791015625 0.05078125 0.060546875
0 0.5126953125 0.32958984375 0.353515625 0.1904296875
0 0.3935546875 0.77001953125 0.078125 0.0712890625
0 0.47021484375 0.11865234375 0.1650390625 0.1064453125
0 0.41748046875 0.94775390625 0.0576171875 0.0498046875
0 0.52392578125 0.55029296875 0.1748046875 0.1748046875
0 0.541015625 0.22265625 0.154296875 0.111328125
0 0.53369140625 0.806640625 0.0771484375 0.083984375
0 0.548828125 0.970703125 0.08203125 0.05859375
0 0.53125 0.87109375 0.03125 0.01953125
0 0.63720703125 0.14794921875 0.1083984375 0.0947265625
0 0.68115234375 0.24609375 0.1669921875 0.08203125
0 0.69189453125 0.3720703125 0.1669921875 0.15625
0 0.69482421875 0.525390625 0.1611328125 0.15234375
0 0.7548828125 0.15966796875 0.068359375 0.0556640625
0 0.80810546875 0.44775390625 0.0791015625 0.0810546875
0 0.8427734375 0.30029296875 0.146484375 0.1962890625
0 0.79541015625 0.5263671875 0.0517578125 0.0546875
0 0.91015625 0.58837890625 0.130859375 0.1474609375
0 0.900390625 0.873046875 0.1015625 0.12890625
0 0.93505859375 0.20556640625 0.1298828125 0.1591796875
0 0.9140625 0.42919921875 0.087890625 0.0654296875
0 0.96875 0.04248046875 0.0625 0.0751953125
0 0.98046875 0.8818359375 0.0390625 0.07421875
0 0.98876953125 0.95654296875 0.0224609375 0.0263671875
0 0.9873046875 0.4248046875 0.017578125 0.04296875
