0 0.72375 0.923125 0.14749999999999996 0.15375000000000014
0 0.43125 0.8850000000000001 0.05249999999999995 0.06500000000000003
0 0.110625 0.8375 0.061249999999999985 0.05249999999999986
0 0.37249999999999994 0.85 0.030000000000000027 0.017499999999999894
0 0.70875 0.7825 0.047499999999999966 0.07750000000000004
0 0.4 0.7475 0.075 0.0825000000000001
0 0.046875 0.5381250000000001 0.09375 0.32875
0 0.875625 0.565625 0.09624999999999986 0.14875000000000008
0 0.753125 0.5449999999999999 0.1762500000000001 0.16499999999999995
0 0.534375 0.546875 0.07624999999999993 0.10625
0 0.736875 0.23374999999999996 0.22125000000000003 0.44250000000000006
0 0.8825 0.32562499999999994 0.09000000000000004 0.12625000000000006
0 0.109375 0.28125 0.14625 0.125
0 0.503125 0.2625 0.09625000000000003 0.11750000000000008
0 0.13 0.18875000000000006 0.06750000000000002 0.06999999999999981
0 0.5662499999999999 0.145625 0.04500000000000002 0.10125000000000006
0 0.61625 0.1281250000000001 0.04500000000000002 0.0837500000000001
0 0.903125 0.09562500000000002 0.10874999999999986 0.14125
0 0.6268750000000001 0.06375000000000003 0.026250000000000016 0.0525000000000001
0 0.640625 0.020000000000000018 0.04375 0.040000000000000036
