0 0.45687500000000003 0.016249999999999987 0.14625000000000005 0.03249999999999997
0 0.35625 0.04124999999999995 0.10749999999999997 0.0824999999999999
0 0.99875 0.046875 0.002499999999999858 0.09375
0 0.843125 0.04812499999999992 0.12874999999999986 0.09624999999999984
0 0.459375 0.10312499999999995 0.22875 0.19374999999999998
0 0.5962500000000001 0.04937500000000006 0.07749999999999994 0.08375000000000021
0 0.28187500000000004 0.10062500000000008 0.11124999999999993 0.13875000000000015
0 0.10375000000000001 0.17312500000000003 0.20750000000000002 0.20875000000000013
0 0.6375 0.15499999999999997 0.125 0.14500000000000013
0 0.925 0.17312500000000008 0.15 0.14874999999999994
0 0.781875 0.1775 0.12125000000000012 0.15249999999999986
0 0.323125 0.36375 0.19374999999999995 0.19
0 0.4225 0.32 0.06750000000000007 0.0975
0 0.5706249999999999 0.37249999999999994 0.06375000000000011 0.09250000000000007
0 0.94375 0.48937500000000006 0.10250000000000004 0.13624999999999998
0 0.61375 0.475 0.07249999999999997 0.10499999999999998
0 0.7318749999999999 0.5206249999999999 0.11124999999999999 0.11875000000000009
0 0.215625 0.5987500000000001 0.28874999999999995 0.24499999999999983
0 0.8487500000000001 0.64125 0.18999999999999995 0.19249999999999998
0 0.709375 0.618125 0.05874999999999995 0.07625000000000001
0 0.03125 0.6799999999999999 0.0625 0.09249999999999989
0 0.07187499999999997 0.71 0.10375000000000012 0.10500000000000007
0 0.6231249999999999 0.780625 0.10125000000000002 0.13625000000000007
0 0.5175000000000001 0.819375 0.17 0.20874999999999994
0 0.3193749999999999 0.9018750000000001 0.25875000000000015 0.19625000000000004
0 0.4306249999999999 0.813125 0.0012500000000001065 0.001249999999999929
0 0.051875000000000004 0.9149999999999998 0.10375000000000001 0.1700000000000001
0 0.15874999999999995 0.9268750000000001 0.10499999999999998 0.14625000000000005
0 0.630625 0.9412499999999999 0.1437500000000001 0.11750000000000008
0 0.5125 0.97 0.07249999999999987 0.060000000000000143
0 0.9550000000000001 0.99875 0.05250000000000003 0.002499999999999858
