0 0.5850000000000001 0.05375 0.12249999999999997 0.1075
0 0.38 0.05375 0.09999999999999995 0.1075
0 0.18812500000000001 0.1625 0.12874999999999998 0.15
0 0.9493750000000001 0.24937499999999999 0.10124999999999992 0.25125000000000003
0 0.128125 0.265 0.11625 0.10750000000000001
0 0.21812499999999999 0.396875 0.11374999999999999 0.13125
0 0.73125 0.45999999999999996 0.20249999999999996 0.22749999999999998
0 0.16375 0.649375 0.18249999999999997 0.19125000000000006
0 0.38125 0.63875 0.09000000000000004 0.13499999999999995
0 0.73125 0.77 0.0875 0.08499999999999996
0 0.6125 0.8481249999999999 0.16000000000000006 0.20375000000000004
0 0.39 0.806875 0.03249999999999997 0.046249999999999944
0 0.46875 0.8099999999999999 0.030000000000000072 0.03500000000000005
0 0.7581249999999999 0.9125 0.10875000000000004 0.11999999999999993
0 0.84375 0.983125 0.05249999999999986 0.033749999999999857
