0 0.47437500000000005 0.946875 0.24375 0.10625
0 0.4387499999999999 0.8712500000000001 0.12499999999999996 0.125
0 0.329375 0.8081250000000001 0.11375000000000002 0.09375000000000008
0 0.27437500000000004 0.8825 0.09375 0.10250000000000004
0 0.14937499999999995 0.7775 0.23125000000000018 0.19749999999999995
0 0.11874999999999995 0.08500000000000008 0.205 0.17000000000000015
0 0.11125000000000007 0.665625 0.1499999999999999 0.11875
0 0.11874999999999995 0.9962500000000001 0.07250000000000012 0.007499999999999929
0 0.06437499999999996 0.22187500000000004 0.12874999999999992 0.14624999999999996
0 0.05812499999999998 0.57125 0.11624999999999996 0.12749999999999986
0 0.039999999999999925 0.95625 0.07999999999999985 0.0875
0 0.023749999999999993 0.7425 0.04749999999999999 0.15500000000000008
