0 0.974375 0.26625 0.05124999999999993 0.23500000000000001
0 0.9012499999999999 0.24812499999999998 0.0625 0.08875000000000002
0 0.846875 0.304375 0.09375 0.13375000000000004
0 0.3025 0.325 0.1325 0.1125
0 0.459375 0.33625 0.10375000000000005 0.10999999999999996
0 0.13374999999999998 0.339375 0.11000000000000001 0.11375000000000002
0 0.644375 0.346875 0.14625000000000005 0.12875
0 0.928125 0.37124999999999997 0.07874999999999996 0.09249999999999999
0 0.99375 0.41999999999999993 0.0125 0.06749999999999998
0 0.6649999999999999 0.47687500000000005 0.20250000000000004 0.16625000000000006
0 0.789375 0.533125 0.1312500000000001 0.08125
0 0.968125 0.5518750000000001 0.06374999999999993 0.06875000000000009
0 0.6425000000000001 0.6287499999999999 0.1124999999999999 0.12750000000000003
0 0.9862500000000001 0.6399999999999999 0.027500000000000035 0.14000000000000004
0 0.91875 0.6518750000000001 0.13999999999999985 0.15125000000000002
0 0.8112499999999999 0.7068749999999999 0.16249999999999992 0.16374999999999992
0 0.5425000000000001 0.683125 0.11000000000000006 0.10625
0 0.306875 0.766875 0.07374999999999998 0.10375000000000005
0 0.7237500000000001 0.820625 0.1499999999999999 0.14124999999999996
0 0.08625000000000001 0.8081250000000001 0.10500000000000002 0.10874999999999994
0 0.60625 0.8181249999999999 0.057499999999999926 0.0862499999999999
0 0.5118750000000001 0.860625 0.04124999999999988 0.05125000000000011
0 0.8525 0.945625 0.24250000000000008 0.10875000000000004
0 0.7849999999999999 0.9131250000000002 0.027499999999999948 0.028749999999999963
0 0.7212500000000001 0.9393750000000001 0.07249999999999987 0.07124999999999986
