0 0.6143750000000001 0.00125 0.046249999999999944 0.0025
0 0.9956250000000001 0.043125 0.008750000000000036 0.08625
0 0.6143749999999999 0.033125 0.026250000000000016 0.026250000000000002
0 0.18 0.09 0.12 0.1375
0 0.651875 0.06687499999999999 0.03125 0.028749999999999998
0 0.9887499999999999 0.18437499999999998 0.022499999999999964 0.20124999999999998
0 0.6549999999999999 0.145 0.057500000000000016 0.06999999999999998
0 0.8475000000000001 0.12999999999999998 0.022499999999999964 0.03749999999999998
0 0.9068750000000001 0.13874999999999998 0.03624999999999989 0.03500000000000001
0 0.595 0.16499999999999998 0.06000000000000005 0.04750000000000001
0 0.536875 0.175625 0.028750000000000053 0.03125
0 0.20124999999999998 0.216875 0.1075 0.11125
0 0.90625 0.36312500000000003 0.1875 0.11625000000000005
0 0.7056250000000001 0.38687499999999997 0.03874999999999993 0.03875000000000002
0 0.6768750000000001 0.425 0.03374999999999995 0.039999999999999945
0 0.9356250000000002 0.45 0.06125000000000007 0.07000000000000002
0 0.7693749999999999 0.46312499999999995 0.046250000000000034 0.09125000000000005
0 0.426875 0.530625 0.04124999999999997 0.09375
0 0.35500000000000004 0.525 0.07000000000000002 0.06000000000000005
0 0.9931249999999998 0.535625 0.013750000000000106 0.021250000000000036
0 0.273125 0.603125 0.09125000000000001 0.13125
0 0.818125 0.63375 0.07375000000000007 0.09750000000000006
0 0.98375 0.634375 0.03249999999999993 0.05625
0 0.5418749999999999 0.8074999999999999 0.51125 0.3500000000000002
0 0.95625 0.725625 0.0875 0.12375000000000007
0 0.95375 0.790625 0.09250000000000007 0.10375000000000005
0 0.8875 0.765 0.05500000000000007 0.05
0 0.8412500000000002 0.819375 0.12500000000000008 0.12375000000000007
0 0.174375 0.85875 0.15125 0.175
