0 0.046875 0.07749999999999999 0.09375 0.09999999999999999
0 0.9737500000000001 0.153125 0.05250000000000003 0.14124999999999996
0 0.14875 0.14250000000000002 0.05249999999999999 0.057500000000000016
0 0.8175000000000001 0.29500000000000004 0.23500000000000015 0.20749999999999996
0 0.974375 0.28625 0.05124999999999993 0.08499999999999996
0 0.9550000000000001 0.42124999999999996 0.09000000000000004 0.15999999999999992
0 0.35062499999999996 0.394375 0.028750000000000008 0.02624999999999993
0 0.26 0.46749999999999997 0.057500000000000016 0.05750000000000011
0 0.01125 0.506875 0.0225 0.08125
0 0.659375 0.5918750000000002 0.32124999999999987 0.24874999999999997
0 0.17250000000000001 0.559375 0.06499999999999997 0.06625000000000006
0 0.013125000000000001 0.6587500000000001 0.026250000000000002 0.22250000000000006
0 0.5575 0.80625 0.345 0.3324999999999999
0 0.7606249999999999 0.73125 0.08125 0.07999999999999999
0 0.199375 0.820625 0.19624999999999995 0.18125000000000008
0 0.7025 0.7837500000000001 0.08250000000000002 0.0750000000000001
0 0.34937499999999994 0.8162499999999999 0.11624999999999992 0.13000000000000006
0 0.98375 0.8393750000000001 0.03249999999999993 0.09625000000000003
0 0.9574999999999999 0.9381250000000001 0.08499999999999996 0.11875000000000017
0 0.31937499999999996 0.946875 0.13874999999999998 0.10625
0 0.15812500000000002 0.9643750000000001 0.20375000000000001 0.07125000000000004
0 0.49937499999999996 0.97 0.19124999999999998 0.060000000000000143
