0 0.99875 0.93875 0.002499999999999858 0.0825000000000001
0 0.14749999999999996 0.8337499999999999 0.18000000000000016 0.1200000000000001
0 0.8025 0.8243750000000001 0.11499999999999995 0.12375000000000007
0 0.9637499999999999 0.65 0.07249999999999997 0.1
0 0.03687500000000005 0.5743750000000001 0.0737500000000001 0.14125000000000004
0 0.8724999999999998 0.585 0.05250000000000003 0.057500000000000016
0 0.010624999999999996 0.45187499999999997 0.02124999999999999 0.2412499999999999
0 0.20375000000000004 0.43249999999999994 0.23499999999999996 0.20750000000000002
0 0.046875 0.44125000000000003 0.05125000000000002 0.08499999999999996
0 0.055624999999999925 0.30624999999999997 0.11124999999999985 0.16000000000000006
0 0.670625 0.33312499999999995 0.028750000000000053 0.026250000000000016
0 0.76125 0.25999999999999995 0.05750000000000011 0.057499999999999975
0 0.999375 0.22062500000000002 0.001249999999999929 0.08124999999999993
0 0.36187500000000006 0.13562500000000005 0.32125000000000004 0.2487499999999999
0 0.8487500000000001 0.16812500000000002 0.06500000000000003 0.06625
0 0.9974999999999999 0.09000000000000002 0.005000000000000071 0.18000000000000005
0 0.46375 0.04375000000000001 0.345 0.08750000000000002
0 0.260625 0.018125000000000058 0.08125000000000004 0.036250000000000115
