0 0.7618750000000001 0.00375 0.04874999999999998 0.0075
0 0.64875 0.004375 0.04999999999999991 0.00875
0 0.828125 0.086875 0.04375 0.03125
0 0.38625 0.22687500000000002 0.2 0.10125000000000003
0 0.9512499999999999 0.2875 0.017499999999999894 0.027500000000000035
0 0.42749999999999994 0.358125 0.13999999999999999 0.16375
0 0.8837499999999998 0.334375 0.07750000000000004 0.07624999999999997
0 0.70875 0.36374999999999996 0.18499999999999997 0.11749999999999998
0 0.95625 0.32375000000000004 0.025 0.02999999999999998
0 0.9349999999999999 0.33375 0.02250000000000014 0.03500000000000005
0 0.6581250000000001 0.34125 0.036249999999999984 0.040000000000000036
0 0.5574999999999999 0.34500000000000003 0.03750000000000009 0.032500000000000064
0 0.95625 0.38 0.032500000000000105 0.04249999999999998
0 0.6112500000000001 0.4800000000000001 0.14750000000000005 0.1625000000000001
0 0.24562499999999998 0.4987500000000001 0.20625 0.19750000000000006
0 0.06875 0.54125 0.042499999999999996 0.032500000000000015
0 0.5025000000000001 0.598125 0.06500000000000013 0.04375
0 0.10187500000000001 0.629375 0.06625 0.0737499999999999
0 0.291875 0.62625 0.05625000000000004 0.04500000000000011
0 0.6587500000000001 0.650625 0.05999999999999987 0.043749999999999914
0 0.514375 0.6768750000000001 0.07375000000000007 0.09125000000000005
0 0.7975 0.8262499999999999 0.4050000000000001 0.34750000000000003
0 0.075 0.7306250000000001 0.0975 0.12124999999999994
0 0.7637499999999999 0.7418750000000001 0.1375 0.14124999999999996
0 0.62375 0.809375 0.11499999999999995 0.14875000000000008
0 0.008125 0.8025 0.01625 0.057499999999999926
0 0.09375 0.8618750000000001 0.1125 0.15125000000000002
0 0.16312500000000002 0.8956250000000001 0.06375000000000001 0.061249999999999895
0 0.5574999999999999 0.9199999999999999 0.10499999999999998 0.10999999999999996
0 0.08875 0.9800000000000001 0.1125 0.040000000000000036
0 0.21624999999999997 0.9856250000000001 0.025000000000000043 0.02375000000000007
