0 0.375625 0.9862500000000001 0.14625 0.027500000000000035
0 0.275 0.96125 0.10749999999999997 0.07750000000000004
0 0.9581250000000001 0.9556250000000001 0.08375000000000003 0.08874999999999993
0 0.7618750000000001 0.954375 0.12875000000000014 0.09125000000000014
0 0.378125 0.9018750000000001 0.22875 0.19375000000000017
0 0.515 0.9556250000000002 0.07749999999999994 0.08375000000000003
0 0.200625 0.9043749999999999 0.11125 0.1387500000000001
0 0.063125 0.8318750000000001 0.12625 0.20875000000000005
0 0.55625 0.85 0.125 0.14500000000000002
0 0.87625 0.8318750000000001 0.21500000000000002 0.14874999999999988
0 0.7006249999999999 0.8275 0.12124999999999994 0.15250000000000022
0 0.99875 0.8568750000000002 0.002499999999999858 0.05125000000000011
0 0.999375 0.7862500000000001 0.001249999999999929 0.075
0 0.241875 0.6412500000000001 0.19375000000000003 0.19000000000000003
0 0.34125 0.6849999999999999 0.06749999999999998 0.09750000000000006
0 0.48937500000000006 0.6325 0.06375000000000001 0.09250000000000007
0 0.8625 0.515625 0.10249999999999986 0.13625000000000007
0 0.5325 0.53 0.07249999999999997 0.10499999999999998
0 0.650625 0.484375 0.11125000000000007 0.11875
0 0.139375 0.40625 0.27875 0.24500000000000002
0 0.9887499999999999 0.331875 0.022499999999999964 0.27375000000000005
0 0.7675 0.36374999999999996 0.19000000000000003 0.19249999999999998
0 0.628125 0.38687499999999997 0.05874999999999995 0.07625000000000001
0 0.02125 0.29500000000000004 0.0425 0.10499999999999998
0 0.5418750000000001 0.224375 0.10125000000000002 0.13624999999999998
0 0.4362500000000001 0.18562500000000004 0.17 0.20875
0 0.23812499999999998 0.100625 0.25875 0.20125
0 0.349375 0.19187500000000002 0.0012500000000000178 0.0012500000000001954
0 0.01125 0.08750000000000002 0.0225 0.17500000000000004
0 0.0775 0.07562499999999994 0.10500000000000001 0.15124999999999988
0 0.549375 0.06125000000000008 0.14375 0.12250000000000016
0 0.43125 0.03249999999999992 0.07250000000000005 0.06499999999999984
0 0.9956250000000001 0.027500000000000024 0.008750000000000036 0.05500000000000005
0 0.87375 0.0037499999999999756 0.05250000000000003 0.007499999999999951
