0 0.89625 0.1375 0.20750000000000002 0.24749999999999997
0 0.93875 0.45187499999999997 0.12250000000000014 0.18375000000000002
0 0.8881250000000002 0.39187500000000003 0.0012500000000001065 0.0012500000000000623
0 0.763125 0.48375 0.23375000000000004 0.1325
0 0.61 0.5181250000000001 0.05499999999999998 0.11375000000000002
0 0.61125 0.415625 0.047499999999999966 0.04875000000000007
0 0.586875 0.144375 0.04875000000000007 0.09625
0 0.478125 0.500625 0.19125000000000006 0.22875000000000006
0 0.495 0.17625 0.10250000000000004 0.1525
0 0.44562500000000005 0.5443749999999999 0.07124999999999995 0.08875000000000002
0 0.36312500000000003 0.25125000000000003 0.18624999999999997 0.1375
0 0.36000000000000004 0.146875 0.15 0.07875000000000001
0 0.330625 0.41187500000000005 0.1437499999999999 0.09874999999999998
0 0.34937500000000005 0.335 0.08874999999999997 0.05499999999999998
0 0.284375 0.57 0.13875000000000007 0.12000000000000002
0 0.264375 0.34562499999999996 0.06375000000000001 0.07125
0 0.17562499999999992 0.6174999999999999 0.013749999999999929 0.019999999999999928
0 0.08750000000000002 0.590625 0.17500000000000004 0.19375
0 0.06125000000000008 0.311875 0.12250000000000016 0.34125000000000005
