0 0.985 0.2875 0.030000000000000072 0.125
0 0.96125 0.396875 0.07750000000000004 0.11374999999999993
0 0.9962500000000001 0.4518750000000001 0.007499999999999929 0.09375
0 0.050624999999999976 0.540625 0.10124999999999995 0.17874999999999996
0 0.9199999999999999 0.576875 0.15999999999999998 0.23125
0 0.200625 0.6074999999999999 0.2612500000000001 0.205
0 0.826875 0.615 0.11875000000000009 0.1499999999999999
0 0.38312500000000005 0.6793750000000001 0.14624999999999994 0.16374999999999992
0 0.7325 0.67875 0.12750000000000003 0.1375000000000001
0 0.9037500000000002 0.77125 0.1549999999999999 0.18499999999999997
0 0.7631249999999998 0.79625 0.10374999999999997 0.11499999999999995
0 0.959375 0.885 0.08125 0.18249999999999994
0 0.969375 0.8306250000000001 0.06125000000000007 0.053750000000000145
0 0.78625 0.911875 0.1174999999999999 0.12624999999999992
0 0.670625 0.914375 0.07374999999999998 0.07375000000000025
