0 0.40625 0.010625 0.13499999999999995 0.02125
0 0.34750000000000003 0.0725 0.22749999999999995 0.145
0 0.26437499999999997 0.133125 0.19624999999999998 0.16874999999999998
0 0.523125 0.19 0.03125 0.04249999999999998
0 0.4699999999999999 0.289375 0.05499999999999998 0.13125
0 0.021875 0.27249999999999996 0.04375 0.06499999999999999
0 0.26875 0.368125 0.09499999999999997 0.08624999999999998
0 0.9912500000000002 0.43812500000000004 0.017499999999999894 0.06624999999999996
0 0.5706249999999999 0.530625 0.08625000000000008 0.12375000000000007
0 0.8631249999999999 0.7456250000000001 0.27375000000000005 0.5087499999999999
0 0.488125 0.569375 0.12625000000000003 0.15125000000000002
0 0.03937500000000001 0.57125 0.05625 0.04500000000000002
0 0.390625 0.631875 0.08125 0.09375
0 0.6693749999999999 0.63125 0.028749999999999876 0.07000000000000002
0 0.6056250000000001 0.670625 0.12625000000000003 0.10375000000000005
0 0.7024999999999999 0.746875 0.047499999999999966 0.06625000000000006
0 0.63375 0.7662500000000001 0.0750000000000001 0.07750000000000004
0 0.24625 0.775625 0.05 0.05624999999999991
0 0.304375 0.819375 0.05625 0.12375000000000007
0 0.186875 0.8400000000000001 0.08625000000000002 0.14500000000000002
0 0.701875 0.809375 0.06875 0.036250000000000074
0 0.058125 0.84375 0.03875 0.03499999999999979
0 0.110625 0.905 0.09375 0.1125
0 0.621875 0.878125 0.04874999999999998 0.05874999999999986
0 0.9075 0.968125 0.1424999999999999 0.06374999999999993
0 0.049375 0.983125 0.06375 0.033749999999999857
0 0.103125 0.984375 0.026250000000000016 0.03125
0 0.640625 0.985625 0.15375000000000014 0.028750000000000143
0 0.425625 0.9931249999999998 0.10125000000000002 0.013750000000000106
