0 0.6112500000000001 0.785625 0.17 0.18124999999999983
0 0.37124999999999997 0.6912499999999999 0.13250000000000006 0.12500000000000008
0 0.770625 0.54 0.053749999999999964 0.05499999999999998
0 0.334375 0.49437499999999995 0.06374999999999997 0.07374999999999998
0 0.1974999999999999 0.42437500000000006 0.0475000000000001 0.06375000000000001
0 0.5193749999999999 0.37625 0.1437500000000001 0.15499999999999997
0 0.353125 0.383125 0.10124999999999998 0.13625000000000007
0 0.23812500000000006 0.42375000000000007 0.03875000000000006 0.04999999999999991
0 0.27312499999999995 0.40374999999999994 0.03875000000000006 0.06749999999999998
0 0.41312499999999996 0.3375 0.023749999999999983 0.022499999999999964
0 0.7537499999999999 0.30999999999999994 0.050000000000000086 0.042500000000000114
0 0.806875 0.295625 0.04875000000000007 0.043749999999999914
0 0.445625 0.3025 0.013750000000000106 0.01249999999999991
0 0.5925 0.13937500000000003 0.2975 0.27875000000000005
0 0.5018750000000001 0.206875 0.08875000000000002 0.11374999999999999
0 0.9512499999999999 0.23812500000000006 0.04500000000000011 0.043749999999999956
0 0.9956250000000001 0.166875 0.008750000000000036 0.04125000000000001
0 0.30625 0.14874999999999994 0.03749999999999996 0.05750000000000011
