0 0.9697265625 0.974609375 0.060546875 0.05078125
0 0.72265625 0.9755859375 0.0625 0.048828125
0 0.3056640625 0.9853515625 0.04296875 0.01953125
0 0.27978515625 0.94921875 0.0439453125 0.033203125
0 0.52734375 0.94970703125 0.01953125 0.0283203125
0 0.01953125 0.91943359375 0.0390625 0.0634765625
0 0.17919921875 0.8896484375 0.0556640625 0.041015625
0 0.0546875 0.81298828125 0.109375 0.1162109375
0 0.90380859375 0.84912109375 0.0244140625 0.0361328125
0 0.49609375 0.82958984375 0.03125 0.0419921875
0 0.81884765625 0.81103515625 0.0732421875 0.0517578125
0 0.17529296875 0.8115234375 0.1142578125 0.05078125
0 0.30078125 0.75341796875 0.189453125 0.1416015625
0 0.87939453125 0.79150390625 0.0263671875 0.0244140625
0 0.74267578125 0.783203125 0.0400390625 0.041015625
0 0.0654296875 0.73974609375 0.056640625 0.0400390625
0 0.87255859375 0.734375 0.0380859375 0.044921875
0 0.74853515625 0.73681640625 0.0283203125 0.0322265625
0 0.59912109375 0.68505859375 0.0986328125 0.1025390625
0 0.76953125 0.66455078125 0.107421875 0.0966796875
0 0.93603515625 0.65087890625 0.1201171875 0.1025390625
0 0.01123046875 0.66796875 0.0224609375 0.056640625
0 0.08056640625 0.650390625 0.0947265625 0.07421875
0 0.4384765625 0.60009765625 0.060546875 0.0810546875
0 0.58984375 0.57080078125 0.08203125 0.1083984375
0 0.49658203125 0.56787109375 0.0986328125 0.0966796875
0 0.845703125 0.50537109375 0.130859375 0.1708984375
0 0.1728515625 0.48828125 0.08984375 0.083984375
0 0.20068359375 0.4111328125 0.2685546875 0.0625
0 0.41650390625 0.3525390625 0.1298828125 0.103515625
0 0.87744140625 0.3203125 0.1962890625 0.162109375
0 0.76953125 0.33935546875 0.06640625 0.0849609375
0 0.541015625 0.32373046875 0.0703125 0.0322265625
0 0.6650390625 0.2880859375 0.07421875 0.05859375
0 0.9921875 0.2900390625 0.015625 0.0390625
0 0.099609375 0.0419921875 0.19921875 0.083984375
