0 0.8798828125 0.05859375 0.12890625 0.1171875
0 0.9697265625 0.025390625 0.060546875 0.05078125
0 0.5576171875 0.1015625 0.251953125 0.173828125
0 0.3701171875 0.080078125 0.078125 0.103515625
0 0.93994140625 0.16357421875 0.1201171875 0.0732421875
0 0.82275390625 0.2333984375 0.2255859375 0.1640625
0 0.44775390625 0.294921875 0.2568359375 0.234375
0 0.90478515625 0.3203125 0.1904296875 0.173828125
0 0.578125 0.4189453125 0.2265625 0.169921875
0 0.24462890625 0.3896484375 0.0849609375 0.103515625
0 0.78564453125 0.42431640625 0.1787109375 0.0966796875
0 0.39892578125 0.47607421875 0.0908203125 0.1357421875
0 0.2060546875 0.51708984375 0.138671875 0.1162109375
0 0.96240234375 0.5478515625 0.0751953125 0.162109375
0 0.4111328125 0.6552734375 0.48046875 0.30859375
0 0.25146484375 0.5888671875 0.1103515625 0.1328125
0 0.71337890625 0.62548828125 0.1611328125 0.1435546875
0 0.85009765625 0.63037109375 0.1103515625 0.1533203125
0 0.064453125 0.6611328125 0.12890625 0.20703125
0 0.9375 0.69970703125 0.10546875 0.1259765625
0 0.63525390625 0.81298828125 0.1787109375 0.1552734375
0 0.13623046875 0.87158203125 0.1904296875 0.1865234375
0 0.02001953125 0.904296875 0.0400390625 0.162109375
0 0.24658203125 0.943359375 0.2060546875 0.11328125
0 0.75732421875 0.951171875 0.1708984375 0.09765625
