0 0.9262499999999999 0.10625 0.14749999999999996 0.2125
0 0.63125 0.05874999999999999 0.19250000000000006 0.11749999999999998
0 0.39125 0.026875 0.14500000000000002 0.05375
0 0.18062499999999998 0.049375 0.16125 0.09875
0 0.506875 0.110625 0.13375000000000004 0.21125000000000002
0 0.7481249999999999 0.06625 0.05625000000000009 0.0425
0 0.06437499999999996 0.17875 0.12874999999999992 0.21000000000000002
0 0.41937499999999994 0.12875 0.053750000000000055 0.05250000000000001
0 0.361875 0.15125 0.036249999999999984 0.057499999999999975
0 0.185 0.178125 0.04250000000000009 0.08624999999999998
0 0.8243749999999999 0.24937499999999999 0.21124999999999988 0.18875
0 0.93 0.18812500000000001 0.07500000000000018 0.061250000000000006
0 0.594375 0.22750000000000004 0.13374999999999995 0.1275
0 0.469375 0.26312499999999994 0.1812499999999999 0.17875000000000002
0 0.26687500000000003 0.23562500000000003 0.09875000000000003 0.07874999999999999
0 0.635 0.28312499999999996 0.09500000000000001 0.10375000000000001
0 0.36187500000000006 0.335625 0.15875000000000009 0.18125
0 0.228125 0.29124999999999995 0.12124999999999983 0.09
0 0.9806250000000001 0.3325 0.03874999999999993 0.16
0 0.028749999999999942 0.29000000000000004 0.039999999999999813 0.03750000000000005
0 0.018125000000000058 0.3275 0.036250000000000115 0.07250000000000001
0 0.2725000000000001 0.440625 0.17250000000000001 0.24874999999999997
0 0.6575 0.453125 0.34 0.26125000000000004
0 0.475 0.40062499999999995 0.0625 0.06375000000000001
0 0.04749999999999999 0.39624999999999994 0.04499999999999993 0.03749999999999996
0 0.09375 0.5275000000000001 0.1875 0.2250000000000001
0 0.8725000000000002 0.45875000000000005 0.03499999999999996 0.06500000000000003
0 0.46125 0.60375 0.2725 0.29000000000000004
0 0.06500000000000006 0.72 0.13000000000000012 0.4525
0 0.9643750000000001 0.558125 0.05874999999999986 0.0862499999999999
0 0.8262500000000002 0.61875 0.1750000000000001 0.2
0 0.63125 0.570625 0.09499999999999993 0.053750000000000055
0 0.22375000000000006 0.6025 0.1399999999999998 0.11749999999999998
0 0.6325000000000001 0.694375 0.1 0.16375
0 0.9956250000000001 0.65625 0.008750000000000036 0.05750000000000011
0 0.339375 0.6893750000000001 0.08125 0.11875000000000009
0 0.9731249999999999 0.69625 0.04124999999999997 0.04500000000000002
0 0.7643749999999999 0.7262500000000001 0.018749999999999913 0.027500000000000035
0 0.9268750000000001 0.7743749999999999 0.13125000000000017 0.11124999999999989
0 0.18875000000000006 0.85125 0.25749999999999984 0.25250000000000006
0 0.301875 0.784375 0.08624999999999994 0.1137500000000001
0 0.8568750000000002 0.7618750000000001 0.05125000000000011 0.036250000000000074
0 0.44125 0.8875 0.2250000000000001 0.225
0 0.845 0.8175000000000001 0.07249999999999997 0.05250000000000003
0 0.7237500000000001 0.8393750000000001 0.08250000000000002 0.09625000000000003
0 0.6443749999999999 0.819375 0.06875 0.053749999999999874
0 0.64875 0.9375 0.18 0.125
0 0.529375 0.9512499999999999 0.09375 0.09749999999999996
0 0.84375 0.960625 0.10999999999999979 0.07874999999999996
0 0.25625 0.996875 0.2825 0.00625
