0 0.24937499999999999 0.01875 0.15375000000000003 0.0375
0 0.48687500000000006 0.10625 0.018749999999999913 0.05750000000000001
0 0.618125 0.15250000000000002 0.05124999999999993 0.0375
0 0.5612499999999999 0.25125000000000003 0.0750000000000001 0.09749999999999996
0 0.8275 0.26749999999999996 0.03499999999999979 0.04750000000000001
0 0.6900000000000001 0.328125 0.1125 0.14375
0 0.5193749999999999 0.32625000000000004 0.08625000000000008 0.085
0 0.78125 0.436875 0.01750000000000007 0.03125
0 0.15437499999999993 0.6074999999999999 0.06875000000000009 0.1325
0 0.25250000000000006 0.59375 0.08750000000000005 0.0875
0 0.5050000000000001 0.67 0.17 0.20250000000000004
0 0.6643749999999999 0.696875 0.14625000000000005 0.16875
0 0.8949999999999999 0.75 0.13749999999999982 0.20500000000000007
0 0.25 0.705 0.1499999999999999 0.11500000000000003
0 0.13625000000000004 0.7918749999999999 0.08750000000000002 0.10624999999999991
0 0.24624999999999994 0.8350000000000002 0.08499999999999996 0.07500000000000018
0 0.4574999999999999 0.8768750000000001 0.0875 0.10875000000000004
0 0.34249999999999997 0.8699999999999999 0.05500000000000007 0.05999999999999996
0 0.5912499999999999 0.9193749999999999 0.13500000000000006 0.13625000000000007
0 0.1325 0.9125 0.08999999999999997 0.09250000000000007
0 0.9393750000000001 0.9418749999999999 0.12125000000000004 0.11624999999999996
0 0.446875 0.9581250000000001 0.16374999999999998 0.08375000000000003
0 0.35624999999999996 0.96125 0.08250000000000002 0.07750000000000004
0 0.24124999999999996 0.975 0.1300000000000001 0.05
0 0.7775 0.9818749999999999 0.13250000000000012 0.036250000000000074
0 0.615625 0.9925 0.22624999999999992 0.015000000000000036
0 0.198125 0.9925 0.04125000000000001 0.015000000000000036
0 0.900625 0.9962500000000001 0.07624999999999993 0.007499999999999929
