0 0.06812500000000005 0.9075 0.1362500000000001 0.18500000000000014
0 0.04937500000000006 0.784375 0.09875000000000012 0.16125000000000006
0 0.14124999999999993 0.05375 0.2475000000000002 0.1075
0 0.09124999999999994 0.5975 0.022500000000000187 0.022499999999999964
0 0.13687499999999997 0.9481249999999999 0.10375000000000001 0.10374999999999997
0 0.234375 0.781875 0.18625000000000005 0.13624999999999998
0 0.2631249999999999 0.6625 0.20875000000000013 0.16000000000000006
0 0.265 0.923125 0.15749999999999997 0.15375000000000014
0 0.278125 0.5262499999999999 0.016249999999999966 0.014999999999999947
0 0.37625000000000003 0.9737500000000001 0.18250000000000016 0.05250000000000003
0 0.4362499999999999 0.6443749999999999 0.1124999999999999 0.18624999999999997
0 0.41937499999999994 0.46187500000000004 0.026250000000000016 0.028750000000000053
0 0.48 0.8487500000000001 0.13499999999999995 0.20750000000000002
0 0.5775 0.9506249999999999 0.1875 0.09875000000000007
0 0.5918750000000002 0.609375 0.18624999999999997 0.28625
0 0.5799999999999998 0.834375 0.09249999999999999 0.09624999999999995
0 0.691875 0.7875 0.15875000000000003 0.16000000000000006
0 0.726875 0.5287499999999999 0.07124999999999995 0.08500000000000005
0 0.75 0.881875 0.07249999999999997 0.08874999999999993
0 0.8168749999999999 0.929375 0.1687499999999999 0.14124999999999996
0 0.89125 0.96125 0.21750000000000008 0.07750000000000004
0 0.8150000000000001 0.5575 0.05999999999999987 0.054999999999999896
