0 0.293125 0.03875 0.04874999999999994 0.05750000000000001
0 0.40625 0.050624999999999996 0.05 0.03625
0 0.226875 0.146875 0.043750000000000046 0.03125
0 0.66875 0.286875 0.2 0.10125000000000002
0 0.10375000000000001 0.34750000000000003 0.01750000000000007 0.027500000000000035
0 0.6275000000000001 0.418125 0.13999999999999996 0.16375
0 0.17124999999999996 0.39437500000000003 0.07750000000000001 0.07625000000000001
0 0.34625 0.42374999999999996 0.1849999999999999 0.11750000000000002
0 0.09874999999999995 0.38375 0.0249999999999998 0.02999999999999998
0 0.12 0.39375 0.022499999999999964 0.03500000000000001
0 0.39687500000000003 0.40125 0.036249999999999984 0.040000000000000036
0 0.49749999999999994 0.40499999999999997 0.0375 0.032500000000000064
0 0.09874999999999995 0.44000000000000006 0.032500000000000084 0.04249999999999998
0 0.44375 0.54 0.14749999999999996 0.16249999999999992
0 0.809375 0.5587500000000001 0.20625 0.19749999999999987
0 0.9824999999999999 0.6012500000000001 0.03499999999999996 0.032500000000000105
0 0.027499999999999913 0.6431250000000001 0.04249999999999987 0.05625
0 0.5525 0.6581250000000001 0.06500000000000003 0.04375000000000009
0 0.953125 0.6893749999999998 0.06624999999999978 0.07374999999999998
0 0.7631249999999999 0.68625 0.05625 0.04500000000000011
0 0.39625 0.710625 0.06000000000000005 0.04375000000000009
0 0.540625 0.7368750000000001 0.07375000000000007 0.09124999999999987
0 0.22999999999999998 0.85625 0.45999999999999996 0.2875
0 0.965625 0.790625 0.06875 0.12124999999999994
0 0.29125 0.8018750000000001 0.1374999999999999 0.14125000000000015
0 0.43125 0.869375 0.11499999999999999 0.14875
0 0.9525 0.921875 0.09499999999999993 0.15125000000000027
0 0.891875 0.9556249999999998 0.06374999999999993 0.061249999999999895
0 0.49749999999999994 0.9625 0.10500000000000007 0.075
