0 0.053125 0.465625 0.10625 0.24375
0 0.12875 0.50125 0.125 0.125
0 0.19187499999999996 0.610625 0.09374999999999997 0.11375000000000002
0 0.11750000000000001 0.665625 0.1025 0.09375
0 0.2225 0.790625 0.19749999999999998 0.23125
0 0.9149999999999998 0.8212499999999998 0.1700000000000001 0.2049999999999999
0 0.334375 0.8287500000000001 0.11875 0.15000000000000008
0 0.00375 0.82125 0.0075 0.07250000000000005
0 0.778125 0.8931250000000001 0.14624999999999994 0.16374999999999992
0 0.42874999999999996 0.8925000000000001 0.1275 0.1375
0 0.04375 0.915625 0.0875 0.11124999999999989
0 0.2575 0.9462499999999998 0.15500000000000003 0.10750000000000011
0 0.398125 0.97625 0.10375000000000001 0.047499999999999966
