0 0.4794921875 0.95751953125 0.140625 0.0849609375
0 0.7353515625 0.9765625 0.181640625 0.046875
0 0.9013671875 0.96875 0.115234375 0.0625
0 0.98193359375 0.984375 0.0361328125 0.03125
0 0.39599609375 0.93408203125 0.1669921875 0.1201171875
0 0.7978515625 0.9169921875 0.17578125 0.107421875
0 0.95556640625 0.8720703125 0.0888671875 0.140625
0 0.63525390625 0.90478515625 0.0205078125 0.0263671875
0 0.9580078125 0.77783203125 0.083984375 0.0849609375
0 0.646484375 0.76171875 0.056640625 0.06640625
0 0.32568359375 0.72998046875 0.1533203125 0.1083984375
0 0.8369140625 0.77197265625 0.048828125 0.0244140625
0 0.50048828125 0.748046875 0.0498046875 0.05859375
0 0.576171875 0.75146484375 0.02734375 0.0302734375
0 0.72265625 0.7236328125 0.05859375 0.078125
0 0.78759765625 0.724609375 0.0595703125 0.068359375
0 0.43359375 0.720703125 0.0625 0.05859375
0 0.248046875 0.68798828125 0.033203125 0.0498046875
0 0.96240234375 0.49609375 0.0751953125 0.10546875
0 0.51025390625 0.5078125 0.0166015625 0.015625
0 0.1376953125 0.44384765625 0.123046875 0.1201171875
0 0.56201171875 0.45166015625 0.0458984375 0.0439453125
0 0.4033203125 0.3984375 0.138671875 0.138671875
0 0.04345703125 0.40185546875 0.0556640625 0.0908203125
0 0.96923828125 0.38623046875 0.0615234375 0.0947265625
0 0.18896484375 0.26123046875 0.1552734375 0.3251953125
0 0.27392578125 0.4013671875 0.0615234375 0.03515625
0 0.12353515625 0.3623046875 0.1083984375 0.07421875
0 0.37548828125 0.3173828125 0.0498046875 0.048828125
0 0.4306640625 0.291015625 0.052734375 0.05859375
0 0.95263671875 0.2197265625 0.0888671875 0.1171875
0 0.41455078125 0.23388671875 0.0478515625 0.0458984375
0 0.31201171875 0.17724609375 0.0830078125 0.0869140625
0 0.40576171875 0.1474609375 0.1240234375 0.1015625
0 0.5146484375 0.138671875 0.07421875 0.0859375
0 0.96728515625 0.05908203125 0.0654296875 0.0986328125
0 0.38427734375 0.0908203125 0.0576171875 0.03125
0 0.16748046875 0.05078125 0.0947265625 0.1015625
0 0.2734375 0.04833984375 0.11328125 0.0966796875
0 0.52734375 0.0361328125 0.123046875 0.072265625
