0 0.0025000000000000577 0.052500000000000005 0.0050000000000001155 0.10500000000000001
0 0.711875 0.015 0.05124999999999993 0.03
0 0.6549999999999999 0.11000000000000001 0.0750000000000001 0.09749999999999999
0 0.92125 0.12625 0.03499999999999979 0.04750000000000001
0 0.7837500000000001 0.18687499999999999 0.1125 0.14375
0 0.613125 0.185 0.0862499999999999 0.085
0 0.875 0.295625 0.01750000000000007 0.03125
0 0.248125 0.46624999999999994 0.06874999999999995 0.13249999999999992
0 0.34625000000000006 0.4525 0.08750000000000005 0.0875
0 0.5987500000000001 0.5287499999999999 0.17 0.20249999999999996
0 0.07187500000000002 0.46312499999999995 0.036250000000000115 0.028749999999999963
0 0.758125 0.555625 0.14624999999999994 0.16875
0 0.9600000000000002 0.60875 0.07999999999999989 0.20500000000000007
0 0.34375 0.56375 0.14999999999999997 0.11499999999999995
0 0.06062499999999993 0.5375 0.02375000000000016 0.05249999999999995
0 0.014375000000000082 0.56875 0.028750000000000164 0.030000000000000072
0 0.05562499999999998 0.595625 0.016249999999999987 0.03375000000000004
0 0.23000000000000007 0.650625 0.08750000000000005 0.10624999999999991
0 0.33999999999999997 0.69375 0.08499999999999996 0.075
0 0.05750000000000005 0.6743750000000001 0.02000000000000013 0.036249999999999984
0 0.55125 0.735625 0.08749999999999983 0.10875000000000004
0 0.43624999999999997 0.72875 0.05500000000000007 0.06000000000000005
0 0.6849999999999999 0.778125 0.13500000000000006 0.1362499999999999
0 0.22625 0.77125 0.08999999999999997 0.09250000000000007
0 0.9862500000000001 0.8087500000000001 0.027500000000000035 0.13249999999999992
0 0.540625 0.8425 0.16375 0.13499999999999995
0 0.45 0.8262499999999999 0.08250000000000002 0.09000000000000004
0 0.335 0.836875 0.12999999999999998 0.05625
0 0.8712499999999999 0.9112500000000001 0.13250000000000012 0.17750000000000005
0 0.709375 0.921875 0.22624999999999992 0.15625
0 0.291875 0.8731249999999999 0.04125000000000001 0.05875000000000004
0 0.978125 0.8875 0.04375 0.07249999999999997
0 0.1975 0.93875 0.01750000000000007 0.03249999999999993
0 0.9649999999999999 0.9643750000000001 0.0700000000000001 0.07125000000000004
0 0.6168750000000001 0.96875 0.1137500000000001 0.0625
0 0.007500000000000007 0.97875 0.015000000000000013 0.04250000000000007
