0 0.9481249999999999 0.6993750000000001 0.10374999999999997 0.2212500000000001
0 0.9974999999999999 0.11249999999999986 0.005000000000000071 0.09500000000000008
0 0.9862500000000001 0.22562500000000002 0.027500000000000035 0.12124999999999994
0 0.9168749999999999 0.82125 0.053749999999999964 0.04500000000000002
0 0.71125 0.62375 0.32 0.2624999999999999
0 0.79875 0.04124999999999995 0.12499999999999982 0.0824999999999999
0 0.8275 0.818125 0.06499999999999995 0.05125000000000002
0 0.5337500000000001 0.836875 0.45249999999999996 0.24375
0 0.68625 0.273125 0.10000000000000009 0.09124999999999997
0 0.655625 0.04562500000000008 0.07374999999999998 0.06374999999999986
0 0.5193749999999999 0.554375 0.22375000000000006 0.22374999999999998
0 0.49750000000000005 0.9512499999999999 0.19749999999999995 0.09749999999999996
0 0.506875 0.22625 0.09874999999999998 0.10750000000000004
0 0.4875 0.026874999999999982 0.1049999999999999 0.053749999999999964
0 0.51 0.14375 0.040000000000000036 0.025000000000000022
0 0.31812500000000005 0.94375 0.21374999999999994 0.10500000000000007
0 0.304375 0.7825000000000001 0.21374999999999997 0.2000000000000001
0 0.30062500000000003 0.58625 0.20625000000000004 0.195
0 0.15562500000000007 0.685625 0.10124999999999995 0.10374999999999997
0 0.11124999999999992 0.874375 0.18750000000000014 0.2512499999999999
0 0.17187500000000006 0.585 0.06624999999999984 0.07000000000000002
0 0.05437500000000001 0.505625 0.10875000000000001 0.18875000000000003
0 0.05125000000000002 0.14125000000000004 0.10250000000000004 0.1649999999999999
0 0.038125000000000075 0.946875 0.07625000000000015 0.10625
0 0.038125000000000075 0.709375 0.07625000000000015 0.08374999999999995
