0 0.59619140625 0.95849609375 0.0732421875 0.0830078125
0 0.26171875 0.95703125 0.017578125 0.0234375
0 0.60107421875 0.85400390625 0.1298828125 0.1259765625
0 0.5439453125 0.68603515625 0.267578125 0.1845703125
0 0.2607421875 0.7158203125 0.107421875 0.11328125
0 0.021484375 0.74462890625 0.03515625 0.0400390625
0 0.02197265625 0.70068359375 0.0322265625 0.0361328125
0 0.38232421875 0.638671875 0.0634765625 0.109375
0 0.2958984375 0.646484375 0.080078125 0.068359375
0 0.033203125 0.63330078125 0.05078125 0.0712890625
0 0.6962890625 0.56884765625 0.048828125 0.0634765625
0 0.06689453125 0.5595703125 0.0673828125 0.060546875
0 0.3251953125 0.5224609375 0.080078125 0.083984375
0 0.14794921875 0.54443359375 0.0361328125 0.0341796875
0 0.04248046875 0.51904296875 0.0380859375 0.0439453125
0 0.13720703125 0.49560546875 0.0537109375 0.0498046875
0 0.70751953125 0.4423828125 0.1474609375 0.15625
0 0.0703125 0.49267578125 0.06640625 0.0498046875
0 0.05859375 0.43701171875 0.041015625 0.0498046875
0 0.1025390625 0.31640625 0.197265625 0.291015625
0 0.111328125 0.435546875 0.02734375 0.046875
0 0.07763671875 0.42236328125 0.0458984375 0.0693359375
0 0.33984375 0.40869140625 0.115234375 0.0888671875
0 0.1826171875 0.3779296875 0.072265625 0.07421875
0 0.30712890625 0.37841796875 0.0263671875 0.0439453125
0 0.35693359375 0.33935546875 0.0361328125 0.0302734375
0 0.3193359375 0.306640625 0.09375 0.08203125
0 0.18798828125 0.27783203125 0.0751953125 0.0810546875
0 0.24658203125 0.2685546875 0.0361328125 0.033203125
0 0.11572265625 0.25341796875 0.0380859375 0.0439453125
0 0.1591796875 0.25390625 0.01953125 0.017578125
0 0.060546875 0.18310546875 0.0546875 0.0283203125
0 0.05126953125 0.12255859375 0.0908203125 0.0654296875
0 0.08251953125 0.0634765625 0.0556640625 0.064453125
