0 0.0302734375 0.025390625 0.060546875 0.05078125
0 0.27734375 0.0244140625 0.0625 0.048828125
0 0.6943359375 0.0146484375 0.04296875 0.01953125
0 0.72021484375 0.05078125 0.0439453125 0.033203125
0 0.47265625 0.05029296875 0.01953125 0.0283203125
0 0.98046875 0.08056640625 0.0390625 0.0634765625
0 0.82080078125 0.1103515625 0.0556640625 0.041015625
0 0.9453125 0.18701171875 0.109375 0.1162109375
0 0.09619140625 0.15087890625 0.0244140625 0.0361328125
0 0.50390625 0.17041015625 0.03125 0.0419921875
0 0.18115234375 0.18896484375 0.0732421875 0.0517578125
0 0.82470703125 0.1884765625 0.1142578125 0.05078125
0 0.69921875 0.24658203125 0.189453125 0.1416015625
0 0.12060546875 0.20849609375 0.0263671875 0.0244140625
0 0.25732421875 0.216796875 0.0400390625 0.041015625
0 0.9345703125 0.26025390625 0.056640625 0.0400390625
0 0.12744140625 0.265625 0.0380859375 0.044921875
0 0.25146484375 0.26318359375 0.0283203125 0.0322265625
0 0.40087890625 0.31494140625 0.0986328125 0.1025390625
0 0.23046875 0.33544921875 0.107421875 0.0966796875
0 0.06396484375 0.34912109375 0.1201171875 0.1025390625
0 0.98876953125 0.33203125 0.0224609375 0.056640625
0 0.91943359375 0.349609375 0.0947265625 0.07421875
0 0.5615234375 0.39990234375 0.060546875 0.0810546875
0 0.41015625 0.42919921875 0.08203125 0.1083984375
0 0.50341796875 0.43212890625 0.0986328125 0.0966796875
0 0.154296875 0.49462890625 0.130859375 0.1708984375
0 0.8271484375 0.51171875 0.08984375 0.083984375
0 0.79931640625 0.5888671875 0.2685546875 0.0625
0 0.58349609375 0.6474609375 0.1298828125 0.103515625
0 0.12255859375 0.6796875 0.1962890625 0.162109375
0 0.23046875 0.66064453125 0.06640625 0.0849609375
0 0.458984375 0.67626953125 0.0703125 0.0322265625
0 0.3349609375 0.7119140625 0.07421875 0.05859375
0 0.0078125 0.7099609375 0.015625 0.0390625
0 0.900390625 0.9580078125 0.19921875 0.083984375
