0 0.71125 0.951875 0.13500000000000006 0.09624999999999986
0 0.5900000000000001 0.976875 0.15499999999999997 0.046250000000000034
0 0.77 0.8850000000000001 0.22750000000000004 0.20999999999999996
0 0.853125 0.7918749999999999 0.19625000000000012 0.1687499999999999
0 0.594375 0.735 0.03125 0.04249999999999998
0 0.6475 0.635625 0.05499999999999998 0.1312499999999998
0 0.8487500000000001 0.556875 0.09500000000000011 0.08624999999999998
0 0.03937499999999999 0.47124999999999995 0.07874999999999999 0.12750000000000003
0 0.11062500000000001 0.48687500000000006 0.04874999999999996 0.06625000000000006
0 0.546875 0.39437500000000003 0.08625000000000008 0.12374999999999999
0 0.195625 0.21687499999999998 0.39125 0.43374999999999997
0 0.6293749999999999 0.355625 0.12625000000000003 0.15124999999999997
0 0.726875 0.29312499999999997 0.0812499999999999 0.09375
0 0.44812499999999994 0.29375 0.028750000000000053 0.06999999999999992
0 0.5118750000000001 0.254375 0.12625000000000003 0.10374999999999997
0 0.4149999999999999 0.178125 0.047499999999999966 0.06625000000000017
0 0.48375 0.15874999999999995 0.075 0.07750000000000012
0 0.8712499999999999 0.14937500000000004 0.050000000000000176 0.05624999999999991
0 0.8131250000000001 0.10562500000000004 0.05625000000000009 0.12375000000000014
0 0.930625 0.08499999999999996 0.08625000000000008 0.14500000000000002
0 0.415625 0.11562499999999998 0.06875 0.036250000000000115
0 0.9800000000000001 0.038125000000000075 0.040000000000000036 0.07625000000000015
0 0.495625 0.046875 0.04875000000000007 0.0587500000000003
