0 0.011875 0.20062499999999997 0.02375 0.06874999999999995
0 0.14875 0.15499999999999997 0.2225 0.2075000000000001
0 0.11187499999999999 0.03312499999999996 0.10124999999999999 0.06624999999999992
0 0.113125 0.9581250000000001 0.10375000000000001 0.08375000000000003
0 0.26687500000000003 0.015000000000000013 0.11625 0.030000000000000027
0 0.545 0.80625 0.3575 0.3875
0 0.429375 0.23062499999999994 0.07625000000000011 0.0787500000000001
0 0.49124999999999996 0.05125000000000002 0.15000000000000008 0.10250000000000004
0 0.608125 0.48875 0.22875000000000006 0.2475
0 0.64625 0.21500000000000008 0.10749999999999993 0.08999999999999986
0 0.6174999999999999 0.285625 0.032500000000000105 0.03374999999999995
0 0.7493749999999999 0.266875 0.1612499999999999 0.15874999999999995
0 0.750625 0.485 0.06624999999999988 0.05499999999999998
0 0.754375 0.40812499999999996 0.06374999999999993 0.08375000000000003
0 0.840625 0.38062499999999994 0.12124999999999986 0.08875000000000006
0 0.9462499999999998 0.915625 0.10750000000000011 0.10625
0 0.9706250000000001 0.198125 0.05875000000000004 0.06374999999999997
0 0.9731249999999999 0.3450000000000001 0.053749999999999964 0.26250000000000007
0 0.97625 0.08812499999999995 0.047499999999999966 0.1762499999999999
0 0.978125 0.809375 0.04375 0.08874999999999993
