0 0.94921875 0.92919921875 0.064453125 0.0693359375
0 0.8671875 0.23046875 0.09375 0.140625
0 0.85986328125 0.7421875 0.0966796875 0.08984375
0 0.7236328125 0.900390625 0.078125 0.12109375
0 0.66455078125 0.10400390625 0.1103515625 0.1376953125
0 0.6728515625 0.796875 0.044921875 0.041015625
0 0.56884765625 0.06591796875 0.1884765625 0.1318359375
0 0.5537109375 0.2744140625 0.162109375 0.18359375
0 0.560546875 0.15185546875 0.06640625 0.0400390625
0 0.54833984375 0.98876953125 0.0615234375 0.0224609375
0 0.455078125 0.1337890625 0.125 0.13671875
0 0.47607421875 0.63916015625 0.0205078125 0.0224609375
0 0.4189453125 0.7099609375 0.044921875 0.044921875
0 0.38818359375 0.9287109375 0.0634765625 0.06640625
0 0.32177734375 0.39794921875 0.1943359375 0.2509765625
0 0.34716796875 0.7783203125 0.0517578125 0.05078125
0 0.26953125 0.9462890625 0.173828125 0.107421875
0 0.154296875 0.4775390625 0.259765625 0.26953125
0 0.23291015625 0.01318359375 0.0380859375 0.0263671875
0 0.212890625 0.31884765625 0.0625 0.0634765625
0 0.14306640625 0.75732421875 0.1416015625 0.1533203125
0 0.171875 0.3642578125 0.05859375 0.064453125
0 0.146484375 0.64013671875 0.1015625 0.0908203125
0 0.1435546875 0.02197265625 0.103515625 0.0439453125
0 0.12841796875 0.1123046875 0.0751953125 0.08984375
0 0.10693359375 0.056640625 0.0380859375 0.04296875
0 0.05126953125 0.16455078125 0.0927734375 0.0673828125
0 0.04296875 0.66357421875 0.0859375 0.1083984375
0 0.04541015625 0.0498046875 0.0771484375 0.08203125
0 0.029296875 0.78955078125 0.05859375 0.1591796875
0 0.02490234375 0.52294921875 0.0498046875 0.1494140625
