0 0.03875 0.011875 0.0775 0.02375
0 0.16125 0.129375 0.3225 0.24374999999999997
0 0.49375 0.10687500000000001 0.10250000000000004 0.18625
0 0.26749999999999996 0.319375 0.17750000000000002 0.17375
0 0.49124999999999996 0.4025 0.22749999999999998 0.3075
0 0.770625 0.39624999999999994 0.19625000000000004 0.21249999999999997
0 0.135 0.42437500000000006 0.1125 0.15125000000000002
0 0.33062500000000006 0.525 0.14375000000000004 0.15249999999999994
0 0.5537500000000001 0.728125 0.14000000000000004 0.24375
0 0.38937499999999997 0.703125 0.14625000000000005 0.19124999999999998
0 0.25875 0.735625 0.2125 0.2012500000000001
0 0.070625 0.725 0.14125 0.15249999999999986
0 0.920625 0.76375 0.15375000000000014 0.1674999999999999
0 0.225 0.8925000000000001 0.2575 0.21499999999999994
0 0.058750000000000004 0.8768750000000001 0.10999999999999999 0.13374999999999987
0 0.44125 0.9099999999999999 0.17 0.18000000000000008
