0 0.14208984375 0.05029296875 0.1025390625 0.1005859375
0 0.4423828125 0.02099609375 0.068359375 0.0341796875
0 0.58740234375 0.08349609375 0.1494140625 0.1572265625
0 0.83740234375 0.01953125 0.0380859375 0.029296875
0 0.7421875 0.0634765625 0.05078125 0.04296875
0 0.828125 0.06640625 0.033203125 0.0390625
0 0.7919921875 0.060546875 0.01953125 0.017578125
0 0.8271484375 0.10400390625 0.017578125 0.0185546875
0 0.51513671875 0.158203125 0.0361328125 0.025390625
0 0.85205078125 0.20068359375 0.0849609375 0.0712890625
0 0.51513671875 0.19482421875 0.0205078125 0.0205078125
0 0.17578125 0.2392578125 0.09375 0.107421875
0 0.54443359375 0.22119140625 0.0244140625 0.0224609375
0 0.86328125 0.31298828125 0.12890625 0.1572265625
0 0.546875 0.2822265625 0.044921875 0.0546875
0 0.697265625 0.2705078125 0.017578125 0.029296875
0 0.74365234375 0.27734375 0.0283203125 0.02734375
0 0.5 0.2978515625 0.046875 0.037109375
0 0.45458984375 0.30615234375 0.0224609375 0.0244140625
0 0.1923828125 0.33837890625 0.083984375 0.0869140625
0 0.75439453125 0.45263671875 0.1689453125 0.0908203125
0 0.94287109375 0.43115234375 0.0244140625 0.0478515625
0 0.8798828125 0.423828125 0.013671875 0.01171875
0 0.90478515625 0.4365234375 0.0205078125 0.017578125
0 0.58642578125 0.47119140625 0.0302734375 0.0302734375
0 0.94677734375 0.4873046875 0.0419921875 0.033203125
0 0.88525390625 0.51025390625 0.0517578125 0.0556640625
0 0.56396484375 0.5009765625 0.0263671875 0.03125
0 0.76611328125 0.5205078125 0.0478515625 0.0546875
0 0.63623046875 0.53076171875 0.0361328125 0.0712890625
0 0.947265625 0.546875 0.05859375 0.078125
0 0.36865234375 0.58349609375 0.0322265625 0.0732421875
0 0.3125 0.5791015625 0.0546875 0.046875
0 0.82275390625 0.58740234375 0.0341796875 0.0166015625
0 0.24853515625 0.64013671875 0.0712890625 0.1025390625
0 0.67431640625 0.6640625 0.0576171875 0.076171875
0 0.81201171875 0.66455078125 0.0419921875 0.0439453125
0 0.45849609375 0.7998046875 0.3994140625 0.2734375
0 0.78955078125 0.73583984375 0.0830078125 0.0966796875
0 0.95263671875 0.73974609375 0.0224609375 0.0185546875
0 0.9130859375 0.76220703125 0.033203125 0.0439453125
0 0.81787109375 0.78662109375 0.1474609375 0.0810546875
0 0.728515625 0.7666015625 0.04296875 0.0390625
0 0.6923828125 0.80908203125 0.09765625 0.0966796875
0 0.17138671875 0.83984375 0.1181640625 0.13671875
