0 0.89625 0.02125 0.15749999999999992 0.0425
0 0.774375 0.019375 0.053749999999999874 0.03875
0 0.064375 0.085625 0.12875 0.17125
0 0.500625 0.001875 0.07374999999999998 0.00375
0 0.6575 0.0125 0.09749999999999996 0.025
0 0.7356250000000001 0.004375 0.026250000000000016 0.00875
0 0.54125 0.039375 0.12750000000000003 0.07875
0 0.8787500000000001 0.14125000000000001 0.14749999999999996 0.18250000000000002
0 0.58625 0.19375 0.05249999999999995 0.06500000000000002
0 0.265625 0.24125000000000002 0.06125000000000007 0.05250000000000003
0 0.5275000000000001 0.22875 0.02999999999999998 0.01749999999999998
0 0.06812499999999999 0.28875 0.06874999999999999 0.10250000000000004
0 0.010625 0.299375 0.02125 0.09375
0 0.8637499999999999 0.29625 0.047499999999999966 0.07749999999999999
0 0.555 0.33125 0.0750000000000001 0.08250000000000002
0 0.14375 0.540625 0.20999999999999996 0.32875
0 0.9912500000000002 0.5131249999999999 0.017499999999999894 0.14875000000000008
0 0.9081250000000001 0.5337500000000001 0.1762500000000001 0.16499999999999995
0 0.6893750000000001 0.531875 0.07625000000000001 0.10625
0 0.01 0.599375 0.02 0.1687499999999999
0 0.890625 0.811875 0.21875 0.3762499999999999
0 0.0475 0.735625 0.095 0.10624999999999991
0 0.9962500000000001 0.753125 0.007499999999999929 0.12625000000000003
0 0.26437499999999997 0.7975 0.14625 0.125
0 0.658125 0.8162499999999999 0.09625000000000003 0.11750000000000008
0 0.035625 0.8487500000000001 0.07125 0.11000000000000014
0 0.12625 0.849375 0.03500000000000001 0.04375
0 0.285 0.89 0.06750000000000003 0.06999999999999992
0 0.7212500000000001 0.9331250000000001 0.04500000000000002 0.1012500000000001
0 0.77125 0.9506249999999999 0.04499999999999993 0.08375000000000021
0 0.024375 0.9600000000000002 0.04875 0.07500000000000018
0 0.781875 0.994375 0.026250000000000016 0.01125000000000007
