0 0.75125 0.031875 0.05249999999999995 0.058750000000000004
0 0.436875 0.12937499999999996 0.22374999999999998 0.24874999999999997
0 0.9981249999999999 0.07749999999999999 0.0037499999999999643 0.1275
0 0.274375 0.0425 0.03875000000000002 0.05
0 0.18 0.04812500000000001 0.03500000000000001 0.03875
0 0.13562500000000002 0.104375 0.07125000000000001 0.06125000000000001
0 0.8643750000000001 0.16125 0.09625000000000003 0.09
0 0.965625 0.19812499999999997 0.06875 0.11374999999999999
0 0.3275 0.27125000000000005 0.08500000000000005 0.075
0 0.805625 0.29812500000000003 0.11374999999999993 0.12625000000000006
0 0.181875 0.268125 0.036249999999999984 0.05125000000000002
0 0.1625 0.3325 0.030000000000000006 0.04499999999999997
0 0.6075 0.381875 0.14000000000000004 0.12625000000000003
0 0.2975 0.40062500000000006 0.11750000000000002 0.11875000000000005
0 0.799375 0.4625 0.12374999999999989 0.11000000000000006
0 0.426875 0.46062499999999995 0.09875000000000003 0.09374999999999992
0 0.110625 0.48312499999999997 0.07125 0.07874999999999996
0 0.228125 0.54125 0.05875000000000001 0.040000000000000036
0 0.825 0.5650000000000001 0.039999999999999855 0.03500000000000005
0 0.05 0.60875 0.1 0.10749999999999993
0 0.55375 0.605 0.05499999999999998 0.05
0 0.23312500000000003 0.665625 0.08875000000000004 0.10874999999999994
0 0.34750000000000003 0.65625 0.02999999999999998 0.03499999999999996
0 0.8662500000000002 0.6693749999999999 0.06500000000000003 0.061249999999999985
0 0.621875 0.660625 0.03874999999999993 0.04124999999999997
0 0.57625 0.69875 0.047499999999999966 0.04249999999999989
0 0.056874999999999995 0.7537499999999999 0.11374999999999999 0.1425
0 0.9506250000000002 0.734375 0.09375 0.05625
0 0.65625 0.718125 0.025 0.021249999999999946
0 0.15625 0.7293750000000001 0.030000000000000027 0.036249999999999984
0 0.938125 0.866875 0.12375000000000007 0.23125000000000018
0 0.805 0.9025000000000001 0.2899999999999999 0.19499999999999992
0 0.5512499999999999 0.846875 0.06749999999999998 0.06875
0 0.57625 0.9099999999999999 0.14000000000000004 0.18000000000000008
0 0.35 0.89875 0.017500000000000026 0.022499999999999964
0 0.12 0.951875 0.07749999999999999 0.07125000000000004
0 0.48250000000000004 0.9756250000000002 0.09749999999999996 0.04874999999999989
