0 0.021875 0.3737500000000001 0.04375 0.12500000000000006
0 0.045625 0.4831250000000001 0.09125 0.11375000000000002
0 0.010625 0.538125 0.02125 0.09374999999999992
0 0.95625 0.6268750000000001 0.0875 0.17875000000000005
0 0.086875 0.663125 0.17375 0.2312500000000001
0 0.813125 0.69375 0.26125 0.205
0 0.18687499999999999 0.7012499999999999 0.11875 0.15000000000000008
0 0.630625 0.765625 0.14624999999999994 0.16375
0 0.28125 0.765 0.1275 0.1375
0 0.11000000000000001 0.8574999999999999 0.155 0.18499999999999997
0 0.250625 0.8825 0.10374999999999998 0.11499999999999985
0 0.0475 0.9400000000000001 0.095 0.11999999999999993
0 0.0375 0.9168749999999999 0.075 0.053749999999999964
0 0.22749999999999998 0.9675 0.11749999999999998 0.06499999999999986
0 0.343125 0.9818749999999999 0.07374999999999998 0.036250000000000074
