0 0.91625 0.355 0.16750000000000007 0.24249999999999988
0 0.9949999999999999 0.07062499999999994 0.009999999999999964 0.0887500000000001
0 0.7775 0.33187500000000003 0.19500000000000012 0.18624999999999997
0 0.70125 0.755625 0.11500000000000003 0.08624999999999998
0 0.538125 0.305 0.29874999999999996 0.16750000000000007
0 0.46875 0.3975000000000001 0.15749999999999992 0.14000000000000004
0 0.43562500000000004 0.530625 0.14125000000000001 0.16875
0 0.47000000000000003 0.6725 0.047499999999999966 0.039999999999999945
0 0.38875000000000004 0.6681250000000001 0.09250000000000003 0.07875000000000006
0 0.29124999999999995 0.549375 0.2175000000000001 0.15625
0 0.23437499999999992 0.8862500000000001 0.14875000000000002 0.12249999999999997
0 0.15812500000000002 0.7418750000000001 0.26625 0.21624999999999997
0 0.175 0.226875 0.14249999999999993 0.18375
0 0.07187499999999997 0.43187499999999995 0.11875000000000002 0.12125000000000012
0 0.016249999999999987 0.4574999999999999 0.03249999999999997 0.16000000000000006
