0 0.978515625 0.99267578125 0.04296875 0.0146484375
0 0.97021484375 0.54296875 0.0595703125 0.076171875
0 0.98095703125 0.64794921875 0.0263671875 0.0302734375
0 0.93017578125 0.54931640625 0.0146484375 0.0185546875
0 0.8720703125 0.35791015625 0.044921875 0.0380859375
0 0.86279296875 0.4462890625 0.0283203125 0.0390625
0 0.78759765625 0.30615234375 0.0244140625 0.0341796875
0 0.67822265625 0.6513671875 0.0791015625 0.15625
0 0.630859375 0.2099609375 0.021484375 0.013671875
0 0.57568359375 0.619140625 0.1279296875 0.109375
0 0.59423828125 0.2626953125 0.0595703125 0.060546875
0 0.5712890625 0.3994140625 0.091796875 0.14453125
0 0.6025390625 0.2060546875 0.0234375 0.01953125
0 0.5947265625 0.22265625 0.02734375 0.017578125
0 0.5888671875 0.43896484375 0.03125 0.0283203125
0 0.5859375 0.517578125 0.025390625 0.029296875
0 0.55859375 0.2060546875 0.033203125 0.025390625
0 0.48046875 0.4755859375 0.126953125 0.115234375
0 0.4658203125 0.76123046875 0.154296875 0.1611328125
0 0.4326171875 0.8994140625 0.025390625 0.033203125
0 0.39990234375 0.150390625 0.0439453125 0.033203125
0 0.38818359375 0.560546875 0.0341796875 0.05078125
0 0.36376953125 0.87353515625 0.0576171875 0.0517578125
0 0.3662109375 0.72509765625 0.03515625 0.0439453125
0 0.34716796875 0.4384765625 0.0341796875 0.046875
0 0.32666015625 0.55126953125 0.0712890625 0.0576171875
0 0.1728515625 0.275390625 0.345703125 0.42578125
0 0.28466796875 0.89453125 0.0947265625 0.076171875
0 0.27587890625 0.3564453125 0.1103515625 0.107421875
0 0.22314453125 0.4658203125 0.1162109375 0.08984375
0 0.228515625 0.9599609375 0.044921875 0.0390625
0 0.18212890625 0.8798828125 0.1181640625 0.087890625
0 0.15576171875 0.82568359375 0.0478515625 0.0498046875
0 0.13671875 0.517578125 0.0859375 0.08203125
0 0.052734375 0.8837890625 0.10546875 0.087890625
0 0.08544921875 0.7841796875 0.0185546875 0.01953125
0 0.03271484375 0.5791015625 0.0498046875 0.046875
0 0.013671875 0.0458984375 0.02734375 0.091796875
