0 0.04625000000000001 0.06 0.09250000000000003 0.12
0 0.135625 0.058125 0.053749999999999964 0.11625
0 0.87625 0.12437499999999999 0.18999999999999986 0.24874999999999997
0 0.409375 0.048125 0.07374999999999998 0.06625
0 0.2525 0.065625 0.09750000000000006 0.07374999999999998
0 0.17437500000000006 0.07062500000000001 0.026249999999999885 0.03124999999999999
0 0.36875 0.10625 0.12749999999999995 0.1
0 0.05250000000000005 0.21875 0.1050000000000001 0.18250000000000002
0 0.968125 0.339375 0.06374999999999993 0.22874999999999995
0 0.32375 0.27125 0.05250000000000003 0.06500000000000003
0 0.6443749999999999 0.31875 0.061249999999999985 0.05249999999999999
0 0.3825 0.30625 0.029999999999999895 0.017500000000000026
0 0.8418749999999999 0.36624999999999996 0.06875 0.1025
0 0.9175000000000001 0.37687499999999996 0.057499999999999926 0.09374999999999996
0 0.04624999999999996 0.37374999999999997 0.04749999999999999 0.07749999999999999
0 0.355 0.40875000000000006 0.075 0.08250000000000002
0 0.9893750000000001 0.510625 0.021250000000000036 0.11624999999999996
0 0.76625 0.6181249999999999 0.21000000000000005 0.32875
0 0.04500000000000004 0.6112500000000001 0.09000000000000008 0.16499999999999995
0 0.220625 0.609375 0.07625000000000015 0.10625
0 0.945 0.6768750000000001 0.10999999999999996 0.1687499999999999
0 0.06437499999999996 0.850625 0.12874999999999992 0.29874999999999996
0 0.9387500000000001 0.7681250000000001 0.05500000000000007 0.06375000000000001
0 0.875 0.813125 0.12000000000000029 0.10625
0 0.97625 0.85625 0.047499999999999966 0.175
0 0.645625 0.875 0.14625000000000005 0.125
0 0.25187499999999996 0.89375 0.09625000000000009 0.11750000000000008
0 0.8787499999999999 0.9262499999999999 0.08000000000000007 0.10999999999999996
0 0.78375 0.9268750000000001 0.03499999999999996 0.04375
0 0.625 0.9662499999999999 0.06749999999999998 0.06750000000000007
0 0.965625 0.97 0.06875 0.060000000000000143
0 0.18875000000000003 0.9800000000000001 0.04500000000000006 0.040000000000000036
0 0.13875000000000004 0.9931249999999998 0.04500000000000015 0.013750000000000106
