0 0.3603515625 0.0263671875 0.11328125 0.052734375
0 0.69140625 0.171875 0.189453125 0.34375
0 0.9765625 0.14306640625 0.03515625 0.0478515625
0 0.91357421875 0.17919921875 0.0693359375 0.0830078125
0 0.96142578125 0.1728515625 0.0341796875 0.04296875
0 0.70947265625 0.38671875 0.1455078125 0.15234375
0 0.37841796875 0.4462890625 0.0673828125 0.08984375
0 0.0205078125 0.50439453125 0.041015625 0.1533203125
0 0.73046875 0.57373046875 0.130859375 0.2333984375
0 0.658203125 0.6279296875 0.109375 0.123046875
0 0.55419921875 0.65380859375 0.1318359375 0.1103515625
0 0.443359375 0.626953125 0.03125 0.037109375
0 0.44677734375 0.6904296875 0.0615234375 0.072265625
0 0.53955078125 0.7666015625 0.1220703125 0.169921875
0 0.0966796875 0.74560546875 0.08984375 0.0908203125
0 0.2763671875 0.81103515625 0.095703125 0.1162109375
0 0.38916015625 0.87060546875 0.1689453125 0.2080078125
0 0.79150390625 0.857421875 0.1435546875 0.111328125
0 0.63134765625 0.93798828125 0.0947265625 0.0927734375
0 0.611328125 0.984375 0.125 0.03125
