0 0.12353515625 0.32177734375 0.1142578125 0.0771484375
0 0.2431640625 0.3671875 0.103515625 0.095703125
0 0.25 0.52734375 0.08984375 0.078125
0 0.337890625 0.67724609375 0.1171875 0.1005859375
0 0.40576171875 0.06103515625 0.1962890625 0.1220703125
0 0.41796875 0.72412109375 0.083984375 0.0908203125
0 0.513671875 0.96923828125 0.1171875 0.0615234375
0 0.52099609375 0.65380859375 0.1025390625 0.0888671875
0 0.5703125 0.2529296875 0.177734375 0.158203125
0 0.71826171875 0.6962890625 0.1494140625 0.142578125
0 0.7099609375 0.5263671875 0.10546875 0.0703125
0 0.74267578125 0.89794921875 0.0693359375 0.0693359375
0 0.8125 0.2529296875 0.06640625 0.068359375
0 0.87353515625 0.345703125 0.1591796875 0.125
0 0.84130859375 0.51953125 0.0361328125 0.025390625
0 0.84375 0.4580078125 0.02734375 0.0234375
0 0.923828125 0.23193359375 0.09375 0.0849609375
0 0.98291015625 0.1650390625 0.0341796875 0.041015625
0 0.9970703125 0.33447265625 0.005859375 0.0263671875
