0 0.5875 0.02 0.06499999999999995 0.04
0 0.12250000000000001 0.048125 0.1525 0.09625
0 0.268125 0.0375 0.09624999999999995 0.06999999999999999
0 0.925 0.029375000000000002 0.039999999999999855 0.04625
0 0.5743750000000001 0.13937499999999997 0.061249999999999985 0.06624999999999999
0 0.79875 0.17625000000000002 0.07750000000000004 0.075
0 0.8699999999999999 0.289375 0.0700000000000001 0.07374999999999998
0 0.37 0.33875 0.15749999999999997 0.14000000000000004
0 0.213125 0.42312500000000003 0.11624999999999999 0.12125000000000004
0 0.6075000000000002 0.469375 0.16749999999999998 0.20375000000000004
0 0.364375 0.46749999999999997 0.16374999999999998 0.1299999999999999
0 0.884375 0.45875000000000005 0.053749999999999964 0.07749999999999994
0 0.379375 0.6856249999999999 0.22375000000000003 0.36875
0 0.749375 0.5975 0.053749999999999964 0.0625
0 0.036875 0.6637500000000001 0.07375 0.12750000000000003
0 0.9524999999999999 0.8106249999999999 0.047499999999999966 0.06874999999999991
0 0.586875 0.8300000000000001 0.06374999999999993 0.08500000000000014
0 0.8 0.8618750000000001 0.08000000000000007 0.07624999999999993
0 0.6131249999999999 0.93625 0.07625000000000001 0.12749999999999986
0 0.365625 0.9481249999999999 0.20124999999999993 0.10374999999999997
0 0.10187499999999998 0.9493750000000001 0.10124999999999999 0.10124999999999992
0 0.6799999999999999 0.9618749999999998 0.09249999999999989 0.07625000000000011
0 0.7818750000000001 0.9618749999999998 0.0887500000000001 0.07625000000000011
0 0.88125 0.98375 0.10750000000000011 0.03249999999999993
0 0.585625 0.9981249999999999 0.08374999999999995 0.0037499999999999643
