0 0.24169921875 0.9521484375 0.0576171875 0.056640625
0 0.0185546875 0.8994140625 0.037109375 0.115234375
0 0.12255859375 0.91015625 0.0869140625 0.083984375
0 0.36181640625 0.81103515625 0.0537109375 0.0419921875
0 0.326171875 0.6923828125 0.162109375 0.173828125
0 0.2177734375 0.72119140625 0.078125 0.0791015625
0 0.9541015625 0.72021484375 0.06640625 0.0810546875
0 0.18603515625 0.60009765625 0.0849609375 0.0908203125
0 0.841796875 0.3828125 0.31640625 0.279296875
0 0.38525390625 0.47314453125 0.0615234375 0.0595703125
0 0.23095703125 0.4248046875 0.1083984375 0.1171875
0 0.5869140625 0.33349609375 0.193359375 0.1787109375
0 0.13818359375 0.33984375 0.0693359375 0.072265625
0 0.009765625 0.318359375 0.01953125 0.10546875
0 0.373046875 0.3037109375 0.0703125 0.083984375
0 0.42822265625 0.326171875 0.0263671875 0.025390625
0 0.41357421875 0.22314453125 0.1240234375 0.1259765625
0 0.583984375 0.22216796875 0.04296875 0.0517578125
0 0.52392578125 0.21923828125 0.0654296875 0.0498046875
0 0.50244140625 0.15185546875 0.0693359375 0.0947265625
0 0.92041015625 0.06884765625 0.0830078125 0.0849609375
0 0.35986328125 0.0498046875 0.0498046875 0.046875
0 0.474609375 0.03466796875 0.205078125 0.0693359375
0 0.17138671875 0.0322265625 0.3427734375 0.064453125
0 0.83740234375 0.03076171875 0.0693359375 0.0615234375
