0 0.5181250000000001 0.99375 0.24375000000000005 0.0125
0 0.48250000000000004 0.9512499999999999 0.125 0.09749999999999996
0 0.37312500000000004 0.9018750000000001 0.11375000000000002 0.09375
0 0.318125 0.9625 0.09375 0.075
0 0.22937500000000002 0.016874999999999918 0.17875 0.033749999999999836
0 0.193125 0.8712499999999999 0.2312499999999999 0.19749999999999995
0 0.1625000000000001 0.13312499999999994 0.2049999999999999 0.26125000000000015
0 0.15499999999999992 0.759375 0.15000000000000013 0.11875
0 0.09062500000000001 0.31562500000000004 0.16374999999999995 0.14624999999999994
0 0.09124999999999994 0.665 0.13749999999999996 0.12749999999999986
0 0.04562500000000008 0.83625 0.09125000000000016 0.15500000000000008
0 0.015625 0.695625 0.03125 0.10375000000000005
