0 0.5831250000000001 0.02 0.22124999999999995 0.04
0 0.7050000000000001 0.023125 0.04500000000000002 0.04625
0 0.5075 0.225 0.26249999999999996 0.32
0 0.701875 0.10874999999999999 0.05125000000000002 0.06499999999999999
0 0.7206250000000001 0.4025 0.24375000000000008 0.4525
0 0.15687499999999993 0.25 0.09125000000000019 0.1
0 0.96125 0.34812499999999996 0.07750000000000004 0.21125
0 0.438125 0.416875 0.22374999999999998 0.22375000000000006
0 0.8574999999999999 0.43875000000000003 0.1425 0.19749999999999995
0 0.10999999999999999 0.42937499999999995 0.10749999999999993 0.09874999999999998
0 0.027500000000000024 0.4262499999999999 0.025000000000000022 0.039999999999999945
0 0.9462499999999998 0.561875 0.10750000000000011 0.13875
0 0.8275 0.618125 0.10500000000000007 0.21375000000000002
0 0.66625 0.631875 0.2 0.21375000000000002
0 0.47000000000000003 0.6356249999999999 0.19499999999999992 0.2062500000000001
0 0.9381250000000001 0.7125 0.07125000000000004 0.0875
0 0.569375 0.780625 0.10375000000000005 0.10125000000000002
0 0.758125 0.825 0.2512499999999999 0.1875
0 0.46875 0.764375 0.07000000000000002 0.06624999999999996
0 0.389375 0.9112500000000001 0.18875000000000003 0.1674999999999999
0 0.053750000000000075 0.89875 0.10750000000000015 0.1299999999999999
0 0.8793749999999999 0.93 0.20375000000000004 0.14000000000000004
0 0.593125 0.91625 0.08374999999999995 0.1125
0 0.030625000000000013 0.9881249999999999 0.06125000000000003 0.02375000000000007
0 0.5987499999999999 0.999375 0.05499999999999998 0.001249999999999929
