0 0.88037109375 0.96923828125 0.0576171875 0.0615234375
0 0.79833984375 0.95703125 0.0732421875 0.0859375
0 0.72900390625 0.97412109375 0.0595703125 0.0517578125
0 0.2802734375 0.9560546875 0.1328125 0.087890625
0 0.04443359375 0.9462890625 0.0888671875 0.107421875
0 0.8818359375 0.86279296875 0.236328125 0.2412109375
0 0.5908203125 0.8974609375 0.150390625 0.162109375
0 0.4033203125 0.91796875 0.11328125 0.103515625
0 0.23876953125 0.8857421875 0.1259765625 0.109375
0 0.49365234375 0.82177734375 0.1044921875 0.1650390625
0 0.68212890625 0.8564453125 0.0439453125 0.033203125
0 0.09912109375 0.7685546875 0.1982421875 0.1640625
0 0.42529296875 0.8076171875 0.0419921875 0.041015625
0 0.38037109375 0.7900390625 0.0283203125 0.044921875
0 0.2421875 0.76904296875 0.033203125 0.0673828125
0 0.74169921875 0.71337890625 0.1650390625 0.1474609375
0 0.82421875 0.76123046875 0.05859375 0.0478515625
0 0.56201171875 0.73046875 0.1044921875 0.099609375
0 0.46435546875 0.70263671875 0.1416015625 0.1396484375
0 0.30615234375 0.72412109375 0.0771484375 0.0615234375
0 0.59375 0.68701171875 0.07421875 0.0810546875
0 0.38037109375 0.64599609375 0.1240234375 0.1416015625
0 0.27587890625 0.6806640625 0.0947265625 0.0703125
0 0.91259765625 0.6484375 0.1279296875 0.125
0 0.1201171875 0.681640625 0.03125 0.029296875
0 0.09912109375 0.65234375 0.0537109375 0.056640625
0 0.310546875 0.56396484375 0.134765625 0.1943359375
0 0.611328125 0.55419921875 0.265625 0.2041015625
0 0.46875 0.59521484375 0.048828125 0.0498046875
0 0.134765625 0.5986328125 0.03515625 0.029296875
0 0.15087890625 0.49609375 0.1865234375 0.17578125
0 0.779296875 0.5498046875 0.02734375 0.05078125
0 0.4580078125 0.4365234375 0.212890625 0.2265625
0 0.099609375 0.345703125 0.19921875 0.353515625
0 0.85107421875 0.47216796875 0.0458984375 0.0673828125
0 0.7431640625 0.4248046875 0.13671875 0.15625
0 0.90283203125 0.45703125 0.0458984375 0.0546875
0 0.5908203125 0.46240234375 0.07421875 0.0419921875
0 0.2724609375 0.4375 0.109375 0.091796875
0 0.591796875 0.36572265625 0.078125 0.1279296875
0 0.888671875 0.3955078125 0.033203125 0.044921875
0 0.36279296875 0.36962890625 0.0634765625 0.0927734375
0 0.85791015625 0.3642578125 0.0322265625 0.03515625
0 0.96728515625 0.35791015625 0.0322265625 0.0419921875
0 0.9921875 0.3359375 0.015625 0.033203125
0 0.69482421875 0.3408203125 0.0146484375 0.021484375
0 0.82177734375 0.30322265625 0.1025390625 0.0869140625
0 0.2451171875 0.2431640625 0.201171875 0.197265625
0 0.33349609375 0.29541015625 0.0673828125 0.0888671875
0 0.76708984375 0.31298828125 0.0400390625 0.0283203125
0 0.4423828125 0.205078125 0.17578125 0.1953125
0 0.7578125 0.26953125 0.056640625 0.041015625
0 0.6630859375 0.25244140625 0.064453125 0.0751953125
0 0.60107421875 0.26806640625 0.0537109375 0.0419921875
0 0.97021484375 0.18310546875 0.0595703125 0.0869140625
0 0.6044921875 0.130859375 0.140625 0.1875
0 0.51123046875 0.14404296875 0.0732421875 0.1181640625
0 0.7568359375 0.138671875 0.0859375 0.099609375
0 0.2978515625 0.06591796875 0.220703125 0.1318359375
0 0.45703125 0.0771484375 0.08984375 0.060546875
0 0.86328125 0.03466796875 0.12890625 0.0693359375
0 0.58837890625 0.01611328125 0.0966796875 0.0322265625
0 0.77783203125 0.0185546875 0.0322265625 0.0234375
0 0.453125 0.01513671875 0.072265625 0.0302734375
