0 0.938125 0.87375 0.12375000000000007 0.23499999999999996
0 0.82875 0.891875 0.0625 0.0887500000000001
0 0.774375 0.835625 0.09375 0.13375000000000004
0 0.23000000000000007 0.8150000000000001 0.13249999999999998 0.1125
0 0.38687499999999997 0.8037500000000002 0.10374999999999997 0.10999999999999996
0 0.06124999999999997 0.8006250000000001 0.10999999999999999 0.1137500000000001
0 0.571875 0.7931250000000001 0.14624999999999994 0.12875000000000014
0 0.8556249999999999 0.7687499999999999 0.07874999999999996 0.09249999999999989
0 0.9381250000000001 0.7200000000000001 0.046250000000000034 0.06749999999999998
0 0.5925 0.663125 0.20249999999999996 0.16625000000000006
0 0.7168749999999999 0.6068749999999999 0.13124999999999992 0.08125
0 0.931875 0.588125 0.13625000000000007 0.06875
0 0.57 0.51125 0.1124999999999999 0.12750000000000003
0 0.95 0.5000000000000001 0.1 0.14000000000000004
0 0.8462500000000001 0.488125 0.13999999999999996 0.15124999999999994
0 0.7387499999999999 0.433125 0.1625 0.16375000000000012
0 0.4699999999999999 0.456875 0.11000000000000006 0.10624999999999991
0 0.234375 0.37312500000000004 0.07374999999999998 0.10374999999999997
0 0.6512499999999999 0.3193750000000001 0.1499999999999999 0.14125000000000001
0 0.03312499999999996 0.331875 0.06624999999999992 0.10875000000000004
0 0.5337500000000001 0.321875 0.057500000000000016 0.08624999999999994
0 0.43937500000000007 0.27937500000000004 0.04125000000000005 0.05125000000000002
0 0.9675 0.2275000000000001 0.06499999999999986 0.08499999999999985
0 0.7799999999999999 0.1387500000000001 0.2425 0.21999999999999983
0 0.7125 0.226875 0.027499999999999948 0.028749999999999963
0 0.64875 0.200625 0.07250000000000005 0.07124999999999995
0 0.9637499999999999 0.1312500000000001 0.07249999999999997 0.10750000000000015
0 0.8481249999999999 0.05749999999999994 0.07874999999999996 0.07500000000000007
0 0.97875 0.03187499999999999 0.04250000000000007 0.06374999999999997
0 0.8868750000000001 0.010624999999999996 0.06125000000000007 0.02124999999999999
