0 0.026875 0.516875 0.05375 0.09375
0 0.00875 0.08875 0.0175 0.022499999999999964
0 0.134375 0.5231250000000001 0.16124999999999998 0.16624999999999995
0 0.34937500000000005 0.45 0.23625000000000007 0.3424999999999999
0 0.31124999999999997 0.08750000000000002 0.14500000000000002 0.13749999999999996
0 0.41 0.24312499999999998 0.13999999999999996 0.0812499999999999
0 0.4 0.13250000000000006 0.0875 0.10250000000000004
0 0.499375 0.645 0.08125 0.0625
0 0.5587500000000001 0.16999999999999998 0.10750000000000001 0.10249999999999992
0 0.6612500000000001 0.659375 0.1999999999999999 0.1887500000000001
0 0.818125 0.005625000000000047 0.36375 0.011250000000000093
0 0.704375 0.18874999999999997 0.11375000000000002 0.14749999999999996
0 0.74375 0.016874999999999918 0.09499999999999993 0.033749999999999836
0 0.743125 0.1468750000000001 0.05625000000000009 0.03374999999999995
0 0.7931250000000001 0.210625 0.03874999999999993 0.046250000000000034
0 0.835 0.16250000000000003 0.10500000000000007 0.12000000000000002
0 0.871875 0.021250000000000047 0.10374999999999997 0.04250000000000009
0 0.88375 0.06937500000000002 0.04250000000000007 0.04625000000000001
