0 0.584375 0.9974999999999999 0.08125 0.005000000000000071
0 0.9862500000000001 0.975 0.027500000000000035 0.030000000000000072
0 0.16375 0.9375 0.0975 0.09749999999999978
0 0.98375 0.896875 0.03249999999999993 0.10625
0 0.14250000000000007 0.821875 0.06999999999999984 0.05625
0 0.23562499999999997 0.735625 0.09624999999999995 0.09624999999999995
0 0.14375 0.768125 0.039999999999999925 0.03125
0 0.499375 0.755625 0.05125000000000002 0.04125000000000005
0 0.01874999999999999 0.7175 0.03749999999999998 0.0625
0 0.1131250000000001 0.7306250000000001 0.043749999999999845 0.03375000000000004
0 0.5506249999999999 0.566875 0.21125000000000008 0.22874999999999995
0 0.020625000000000004 0.60375 0.04125000000000001 0.1375
0 0.24750000000000005 0.589375 0.15999999999999995 0.1362499999999999
0 0.390625 0.61 0.0887500000000001 0.08250000000000002
0 0.93125 0.5575 0.13000000000000006 0.09999999999999983
0 0.73625 0.5149999999999999 0.15250000000000002 0.15250000000000002
0 0.945625 0.428125 0.09124999999999997 0.07875000000000006
0 0.13 0.37125 0.26 0.14000000000000004
0 0.33062500000000006 0.35562499999999997 0.09625000000000009 0.11624999999999996
0 0.47562499999999996 0.34375 0.17875000000000005 0.1299999999999999
0 0.6256250000000001 0.34125 0.11124999999999989 0.1124999999999999
0 0.485 0.20625 0.16249999999999992 0.13249999999999995
0 0.680625 0.16312500000000002 0.033749999999999857 0.028749999999999942
0 0.18937499999999996 0.004375000000000018 0.05875000000000008 0.008750000000000036
