0 0.9921875 0.75244140625 0.015625 0.0478515625
0 0.958984375 0.52197265625 0.07421875 0.0771484375
0 0.966796875 0.78125 0.048828125 0.05078125
0 0.9365234375 0.1181640625 0.09375 0.1015625
0 0.9208984375 0.2646484375 0.04296875 0.099609375
0 0.89404296875 0.9384765625 0.0458984375 0.0546875
0 0.892578125 0.80126953125 0.0390625 0.0380859375
0 0.87060546875 0.583984375 0.0498046875 0.056640625
0 0.865234375 0.81982421875 0.013671875 0.0146484375
0 0.8544921875 0.537109375 0.03515625 0.068359375
0 0.83447265625 0.84716796875 0.0283203125 0.0205078125
0 0.78662109375 0.57080078125 0.0791015625 0.0869140625
0 0.4755859375 0.68408203125 0.6484375 0.6318359375
0 0.69775390625 0.3193359375 0.1806640625 0.08203125
0 0.57958984375 0.0224609375 0.0439453125 0.0234375
0 0.57421875 0.0615234375 0.05078125 0.037109375
0 0.5732421875 0.2880859375 0.044921875 0.05078125
0 0.56103515625 0.11376953125 0.0400390625 0.0439453125
0 0.50341796875 0.162109375 0.0478515625 0.078125
0 0.43798828125 0.22216796875 0.1083984375 0.0771484375
0 0.42626953125 0.28076171875 0.0595703125 0.0517578125
0 0.3046875 0.92333984375 0.15234375 0.1533203125
0 0.20166015625 0.84716796875 0.2548828125 0.2255859375
0 0.26513671875 0.07421875 0.0498046875 0.041015625
0 0.19287109375 0.2373046875 0.1630859375 0.18359375
0 0.2080078125 0.9287109375 0.119140625 0.142578125
0 0.21630859375 0.14794921875 0.0478515625 0.0478515625
0 0.22412109375 0.2841796875 0.0263671875 0.02734375
0 0.078125 0.5244140625 0.150390625 0.23046875
0 0.1064453125 0.9853515625 0.091796875 0.029296875
0 0.07177734375 0.1591796875 0.1435546875 0.1875
0 0.05615234375 0.69140625 0.1123046875 0.169921875
0 0.04296875 0.3212890625 0.0859375 0.068359375
0 0.02294921875 0.978515625 0.0458984375 0.04296875
0 0.015625 0.009765625 0.03125 0.01953125
