0 0.594375 0.9243750000000001 0.15375000000000005 0.15124999999999994
0 0.164375 0.946875 0.14124999999999996 0.10625
0 0.960625 0.9875 0.028749999999999963 0.025
0 0.9675 0.9412500000000001 0.020000000000000108 0.020000000000000108
0 0.963125 0.9018750000000001 0.04375 0.03375000000000004
0 0.97 0.8087500000000001 0.060000000000000143 0.10999999999999988
0 0.35687499999999994 0.78 0.018750000000000044 0.05750000000000011
0 0.9662499999999999 0.70375 0.06750000000000007 0.12749999999999995
0 0.22562499999999996 0.73375 0.051249999999999976 0.03749999999999991
0 0.28250000000000003 0.635 0.075 0.09750000000000014
0 0.016875 0.61875 0.03375 0.04750000000000014
0 0.15375 0.558125 0.1125 0.14375
0 0.32437499999999997 0.5599999999999999 0.08624999999999998 0.08500000000000005
0 0.0625 0.44937499999999997 0.017499999999999995 0.03125
0 0.6893750000000001 0.27874999999999994 0.06874999999999991 0.13249999999999998
0 0.5912499999999999 0.2925000000000001 0.0875 0.08750000000000005
0 0.33875 0.21624999999999997 0.17 0.20249999999999999
0 0.865625 0.281875 0.036250000000000074 0.028750000000000053
0 0.179375 0.18937500000000007 0.14625 0.16874999999999998
0 0.00875 0.13624999999999993 0.0175 0.20500000000000015
0 0.59375 0.18125000000000002 0.15 0.11499999999999999
0 0.8768750000000001 0.20750000000000002 0.02375000000000007 0.05250000000000001
0 0.9274999999999999 0.17625000000000002 0.03750000000000018 0.029999999999999805
0 0.8818750000000002 0.14937499999999998 0.016249999999999966 0.03375000000000006
0 0.7074999999999999 0.09437499999999999 0.0875 0.10624999999999996
0 0.5975 0.05125000000000002 0.08499999999999996 0.07499999999999973
0 0.8800000000000001 0.07062499999999994 0.020000000000000108 0.03624999999999989
0 0.38625 0.03187499999999999 0.08749999999999995 0.06374999999999997
0 0.50125 0.023125000000000007 0.05500000000000007 0.04625000000000001
0 0.25250000000000006 0.01749999999999996 0.135 0.03499999999999992
0 0.9774999999999998 0.016874999999999918 0.04500000000000011 0.033749999999999836
0 0.7112499999999999 0.009999999999999953 0.09000000000000004 0.019999999999999907
