0 0.47375 0.7693749999999999 0.16999999999999998 0.18125
0 0.23374999999999999 0.675 0.1325 0.125
0 0.633125 0.5237499999999999 0.053750000000000055 0.05500000000000007
0 0.196875 0.478125 0.06375 0.07374999999999998
0 0.06 0.40812499999999996 0.0475 0.06374999999999997
0 0.38187499999999996 0.36 0.14374999999999996 0.15500000000000003
0 0.215625 0.366875 0.10124999999999995 0.13625000000000007
0 0.100625 0.4074999999999999 0.03874999999999999 0.050000000000000086
0 0.13562500000000002 0.3875 0.03874999999999999 0.06750000000000003
0 0.27562499999999995 0.32125000000000004 0.023750000000000028 0.022499999999999964
0 0.61625 0.29374999999999996 0.04999999999999991 0.04249999999999998
0 0.6693749999999999 0.279375 0.04874999999999998 0.04375000000000009
0 0.308125 0.28625 0.013749999999999974 0.012499999999999956
0 0.45499999999999996 0.13124999999999998 0.2975 0.26249999999999996
0 0.364375 0.19062500000000004 0.08875000000000002 0.11375000000000002
0 0.81375 0.221875 0.04500000000000011 0.043750000000000046
0 0.9824999999999999 0.168125 0.03499999999999996 0.07375000000000001
0 0.8731249999999999 0.15062500000000006 0.03874999999999993 0.0412499999999999
0 0.16875 0.13250000000000006 0.0375 0.05750000000000011
