0 0.17062499999999992 0.931875 0.28875000000000006 0.13625000000000007
0 0.650625 0.8699999999999999 0.3287499999999999 0.25999999999999995
0 0.09375 0.8574999999999999 0.1875 0.22249999999999998
0 0.48375 0.73125 0.2899999999999999 0.21749999999999997
0 0.9106249999999999 0.76875 0.10875000000000004 0.13249999999999992
0 0.21812500000000004 0.724375 0.22875 0.12374999999999999
0 0.713125 0.658125 0.11624999999999996 0.17375000000000007
0 0.9356249999999999 0.605625 0.12874999999999998 0.14874999999999988
0 0.020000000000000018 0.5662499999999999 0.040000000000000036 0.20749999999999993
0 0.6950000000000001 0.42874999999999996 0.61 0.39499999999999996
0 0.9018750000000001 0.5137499999999999 0.14124999999999996 0.17
0 0.310625 0.46687500000000004 0.2062499999999999 0.18375000000000002
0 0.13562499999999994 0.460625 0.1412500000000002 0.19624999999999998
0 0.04562500000000008 0.371875 0.09125000000000016 0.16125000000000003
0 0.410625 0.22687499999999994 0.22874999999999995 0.19875000000000018
0 0.9637499999999999 0.15187499999999998 0.07249999999999997 0.23875000000000002
0 0.8881249999999999 0.06624999999999998 0.22374999999999998 0.13249999999999995
0 0.25437499999999996 0.05625000000000002 0.21875000000000008 0.11250000000000004
