0 0.16999999999999998 0.04125 0.2475 0.0825
0 0.51625 0.114375 0.1325 0.22875
0 0.5506249999999999 0.265 0.11375000000000002 0.05499999999999998
0 0.44812499999999994 0.26375000000000004 0.04874999999999998 0.04750000000000001
0 0.176875 0.28812499999999996 0.09624999999999999 0.04875000000000003
0 0.533125 0.396875 0.22874999999999995 0.19124999999999998
0 0.20875 0.38 0.15249999999999994 0.10250000000000004
0 0.5768749999999999 0.429375 0.08875000000000002 0.07125000000000004
0 0.28375 0.5118750000000001 0.1375 0.18624999999999997
0 0.179375 0.515 0.07874999999999999 0.1499999999999999
0 0.44437499999999996 0.5443749999999999 0.09874999999999998 0.14375
0 0.36750000000000005 0.525625 0.05499999999999998 0.08874999999999993
0 0.6025 0.590625 0.12000000000000002 0.13875
0 0.378125 0.610625 0.07125 0.06375000000000001
0 0.65 0.6993750000000001 0.020000000000000018 0.013750000000000017
0 0.6231249999999999 0.8400000000000001 0.19374999999999992 0.2800000000000001
0 0.344375 0.87625 0.34125000000000005 0.24750000000000005
0 0.691875 0.953125 0.1012500000000001 0.09375
