0 0.90625 0.95375 0.0625 0.09250000000000007
0 0.985625 0.905 0.028750000000000143 0.125
0 0.291875 0.9337500000000001 0.018750000000000044 0.057499999999999926
0 0.9225000000000001 0.8574999999999999 0.10999999999999996 0.12750000000000003
0 0.16062500000000002 0.8875 0.05125 0.0375
0 0.21749999999999997 0.7887500000000001 0.075 0.09749999999999996
0 0.08875 0.711875 0.1125 0.1437499999999999
0 0.259375 0.71375 0.08624999999999998 0.08499999999999996
0 0.003125 0.603125 0.00625 0.03125
0 0.6243749999999999 0.4325 0.06875 0.13250000000000012
0 0.5262499999999999 0.44625000000000004 0.08749999999999991 0.08750000000000009
0 0.27375000000000005 0.37 0.17000000000000004 0.2024999999999999
0 0.8006249999999999 0.43562500000000004 0.036250000000000074 0.028749999999999963
0 0.114375 0.343125 0.14625 0.16875
0 0.5287499999999999 0.33499999999999996 0.15 0.11500000000000003
0 0.811875 0.36124999999999996 0.02375000000000007 0.05249999999999999
0 0.8625 0.32999999999999996 0.0375 0.030000000000000027
0 0.8168749999999999 0.303125 0.016249999999999966 0.03374999999999995
0 0.6425000000000001 0.24812499999999998 0.08750000000000009 0.10625000000000007
0 0.5325 0.20500000000000007 0.08499999999999996 0.07499999999999998
0 0.8150000000000001 0.22437500000000005 0.019999999999999928 0.036250000000000025
0 0.32125000000000004 0.16312500000000002 0.08749999999999995 0.10875000000000001
0 0.4362500000000001 0.16999999999999998 0.05499999999999998 0.05999999999999994
0 0.1875 0.12062499999999998 0.13499999999999998 0.13624999999999998
0 0.928125 0.14437499999999998 0.07625000000000011 0.08625000000000005
0 0.64625 0.12749999999999995 0.09000000000000012 0.0924999999999998
0 0.33187500000000003 0.06187500000000001 0.16375 0.12375000000000003
0 0.4225 0.07250000000000006 0.08250000000000002 0.08999999999999997
0 0.96875 0.09500000000000003 0.0625 0.04249999999999987
0 0.5375 0.06187499999999996 0.13000000000000006 0.056250000000000244
0 0.03375 0.038125000000000075 0.0675 0.07625000000000015
0 0.16312500000000002 0.027500000000000024 0.22625 0.05500000000000005
0 0.5806250000000001 0.027500000000000024 0.04124999999999988 0.05500000000000005
