0 0.410625 0.073125 0.22374999999999995 0.14625
0 0.985 0.016875 0.030000000000000072 0.03375
0 0.109375 0.013750000000000002 0.07125000000000001 0.027500000000000004
0 0.8381250000000001 0.05375 0.09625000000000003 0.09
0 0.9525 0.090625 0.09499999999999993 0.11374999999999998
0 0.30125 0.16375 0.085 0.07500000000000002
0 0.7793750000000002 0.190625 0.11375000000000002 0.12624999999999997
0 0.15562499999999999 0.16062500000000002 0.036249999999999984 0.05125
0 0.13624999999999998 0.225 0.030000000000000006 0.04499999999999997
0 0.58125 0.274375 0.14000000000000004 0.12625000000000003
0 0.27125000000000005 0.293125 0.11750000000000002 0.11874999999999995
0 0.7731250000000001 0.355 0.12374999999999989 0.10999999999999996
0 0.40062499999999995 0.353125 0.09874999999999998 0.09375
0 0.084375 0.375625 0.07125 0.07874999999999996
0 0.20187499999999997 0.43375 0.05875000000000001 0.039999999999999945
0 0.7987500000000001 0.4575 0.039999999999999945 0.03499999999999996
0 0.036875 0.50125 0.07375 0.10750000000000011
0 0.5275000000000001 0.49749999999999994 0.05500000000000007 0.05
0 0.20687499999999998 0.5581250000000001 0.08874999999999997 0.10874999999999994
0 0.32125 0.5487500000000001 0.02999999999999998 0.03500000000000005
0 0.8400000000000001 0.561875 0.06500000000000021 0.06125000000000007
0 0.5956250000000001 0.553125 0.03875000000000002 0.04125000000000005
0 0.55 0.5912499999999999 0.047499999999999966 0.04250000000000007
0 0.04375 0.64625 0.0875 0.14250000000000007
0 0.9243749999999998 0.6268750000000001 0.09375 0.05625000000000009
0 0.6300000000000001 0.610625 0.02499999999999991 0.021249999999999946
0 0.13 0.621875 0.02999999999999998 0.036250000000000074
0 0.925 0.759375 0.15 0.23125
0 0.9881249999999999 0.7831249999999998 0.02375000000000007 0.18624999999999997
0 0.7787499999999999 0.8487500000000001 0.28999999999999987 0.30250000000000005
0 0.525 0.7393750000000001 0.0674999999999999 0.06875000000000009
0 0.55 0.8237500000000001 0.14000000000000004 0.22250000000000014
0 0.32375 0.79125 0.017500000000000026 0.022499999999999964
0 0.09375000000000001 0.8443750000000001 0.07750000000000001 0.07125000000000004
0 0.45625 0.89625 0.09750000000000006 0.10500000000000007
0 0.72875 0.945 0.08749999999999991 0.10250000000000004
0 0.01 0.931875 0.02 0.036250000000000074
0 0.38125 0.9425000000000001 0.08000000000000003 0.040000000000000036
0 0.9724999999999999 0.98375 0.05500000000000007 0.03249999999999993
0 0.18062499999999998 0.9862500000000001 0.061249999999999985 0.027500000000000035
0 0.13 0.99875 0.01499999999999999 0.002499999999999858
