0 0.140625 0.9337499999999999 0.09874999999999967 0.13250000000000012
0 0.19874999999999998 0.7875 0.12250000000000005 0.1325
0 0.40374999999999994 0.7787499999999999 0.09999999999999995 0.11499999999999995
0 0.595625 0.66625 0.12874999999999998 0.15
0 0.655625 0.56375 0.11625000000000005 0.10749999999999993
0 0.9649999999999999 0.44125 0.0700000000000001 0.15
0 0.565625 0.43187499999999995 0.1137500000000001 0.1312500000000001
0 0.07687500000000008 0.36875 0.15375000000000016 0.22750000000000004
0 0.6199999999999999 0.179375 0.18249999999999994 0.19125
0 0.4025 0.19000000000000003 0.08999999999999994 0.13499999999999976
0 0.878125 0.14812500000000006 0.08874999999999993 0.0887500000000001
0 0.052499999999999936 0.05874999999999997 0.0874999999999998 0.08499999999999996
0 0.17125000000000007 0.04124999999999995 0.1599999999999998 0.0824999999999999
0 0.39375 0.022500000000000075 0.032500000000000105 0.04500000000000015
0 0.31500000000000006 0.018750000000000044 0.029999999999999936 0.03500000000000014
