0 0.42750000000000005 0.021875 0.1750000000000001 0.04375
0 0.17312499999999997 0.000625 0.09624999999999995 0.00125
0 0.62625 0.0025 0.10250000000000004 0.005
0 0.23000000000000004 0.03 0.09750000000000003 0.06
0 0.63 0.173125 0.5549999999999999 0.26625
0 0.11499999999999995 0.209375 0.12249999999999994 0.12375
0 0.28875 0.23062500000000002 0.13000000000000003 0.13625000000000004
0 0.9125 0.296875 0.175 0.22375000000000003
0 0.5737499999999999 0.29874999999999996 0.06749999999999998 0.02999999999999998
0 0.11062500000000015 0.35 0.10124999999999995 0.1100000000000001
0 0.65 0.334375 0.06500000000000013 0.04375
0 0.23562499999999997 0.38875 0.1187500000000001 0.12000000000000002
0 0.8881250000000002 0.36812500000000004 0.03125 0.028750000000000008
0 0.866875 0.5043749999999999 0.05875000000000004 0.05624999999999991
0 0.21187500000000004 0.5543750000000001 0.09375 0.11624999999999996
0 0.756875 0.523125 0.021249999999999946 0.05125000000000002
0 0.35875 0.64 0.20500000000000007 0.14749999999999996
0 0.8481249999999999 0.5925 0.02624999999999993 0.02999999999999998
0 0.04437499999999994 0.596875 0.036250000000000115 0.021249999999999946
0 0.04937499999999995 0.6625 0.06624999999999992 0.07000000000000002
0 0.9012500000000001 0.65 0.0375 0.025
0 0.17000000000000004 0.7543749999999999 0.21750000000000003 0.19375
0 0.565625 0.723125 0.05874999999999995 0.053749999999999964
0 0.8712500000000001 0.715625 0.027499999999999858 0.03375000000000004
0 0.44250000000000006 0.765625 0.1750000000000001 0.09874999999999981
0 0.08124999999999988 0.781875 0.032500000000000084 0.03374999999999995
0 0.10562500000000004 0.806875 0.03874999999999995 0.03125
0 0.328125 0.8324999999999999 0.07875000000000014 0.05999999999999996
0 0.04875000000000007 0.8474999999999999 0.03750000000000009 0.05999999999999979
0 0.531875 0.9081250000000001 0.22374999999999998 0.1762500000000001
0 0.19937500000000002 0.934375 0.15624999999999986 0.13125
0 0.3081250000000001 0.9668749999999999 0.016250000000000007 0.01875
0 0.19687499999999997 0.9912500000000002 0.05625000000000004 0.017499999999999894
0 0.6799999999999999 0.9981249999999999 0.05999999999999996 0.0037499999999999643
