0 0.05 0.539375 0.057499999999999996 0.018749999999999913
0 0.09625000000000002 0.40812500000000007 0.03750000000000001 0.051249999999999976
0 0.195 0.465 0.0975 0.07499999999999991
0 0.21125 0.19875000000000004 0.047499999999999966 0.03500000000000003
0 0.271875 0.33625000000000005 0.14375 0.11250000000000004
0 0.27 0.506875 0.085 0.08624999999999998
0 0.380625 0.24499999999999994 0.03125 0.01749999999999994
0 0.55125 0.871875 0.13250000000000012 0.06875
0 0.5375 0.77375 0.0875 0.08750000000000009
0 0.6137499999999999 0.52125 0.20249999999999996 0.16999999999999993
0 0.640625 0.36187500000000006 0.16875 0.1462499999999999
0 0.69375 0.13124999999999998 0.205 0.13749999999999996
0 0.64875 0.7762499999999999 0.11499999999999995 0.1499999999999999
0 0.735625 0.8899999999999999 0.10624999999999991 0.08750000000000017
0 0.7787499999999999 0.78 0.075 0.08499999999999996
0 0.820625 0.56875 0.10875000000000004 0.0875
0 0.81375 0.6837500000000001 0.06000000000000005 0.05500000000000007
0 0.8631249999999999 0.43499999999999994 0.13624999999999998 0.135
0 0.85625 0.89375 0.09249999999999989 0.08999999999999986
0 0.89375 0.08499999999999996 0.13249999999999992 0.125
0 0.9274999999999999 0.579375 0.13499999999999995 0.16375
0 0.9112500000000001 0.6700000000000002 0.09000000000000004 0.08250000000000002
0 0.921875 0.7849999999999999 0.05625 0.13000000000000006
0 0.95375 0.2487499999999999 0.09250000000000007 0.13250000000000006
0 0.9643750000000001 0.410625 0.07125000000000004 0.22625000000000012
0 0.9581250000000001 0.828125 0.05875000000000004 0.04125000000000014
0 0.968125 0.12562500000000004 0.06374999999999993 0.07625000000000004
0 0.9912500000000002 0.027500000000000024 0.017499999999999894 0.03749999999999998
