0 0.9637499999999999 0.026875 0.07249999999999997 0.05375
0 0.9668749999999999 0.084375 0.06624999999999996 0.10875000000000001
0 0.58875 0.10499999999999998 0.07249999999999997 0.08499999999999999
0 0.178125 0.14562499999999998 0.19625 0.13874999999999998
0 0.8324999999999999 0.091875 0.0625 0.03125
0 0.4018750000000001 0.12250000000000001 0.06375000000000001 0.075
0 0.49874999999999997 0.118125 0.03499999999999996 0.03874999999999999
0 0.68625 0.15374999999999997 0.07499999999999991 0.09999999999999998
0 0.7693749999999999 0.1525 0.07624999999999993 0.08750000000000002
0 0.31625000000000003 0.15750000000000003 0.07999999999999999 0.07500000000000002
0 0.07875000000000001 0.199375 0.042499999999999996 0.06375
0 0.9724999999999999 0.445 0.05500000000000007 0.135
0 0.414375 0.43000000000000005 0.021250000000000036 0.020000000000000018
0 0.008125 0.5118750000000001 0.01625 0.15375000000000005
0 0.480625 0.5018750000000001 0.05874999999999995 0.05625000000000009
0 0.27749999999999997 0.57 0.17750000000000002 0.17749999999999994
0 0.98125 0.5856250000000001 0.0375 0.12125000000000004
0 0.05125 0.745625 0.1025 0.41624999999999995
0 0.11187499999999999 0.5662499999999999 0.07875 0.04500000000000002
0 0.241875 0.67375 0.06374999999999997 0.0625
0 0.3125 0.7075 0.06749999999999998 0.075
0 0.9618749999999998 0.7987500000000001 0.07625000000000011 0.15000000000000008
0 0.291875 0.780625 0.06125000000000003 0.05875000000000021
0 0.16062500000000002 0.853125 0.10625000000000002 0.11124999999999989
0 0.280625 0.8912500000000001 0.15874999999999995 0.1299999999999999
0 0.42000000000000004 0.9024999999999999 0.09500000000000006 0.10999999999999996
0 0.97875 0.9706250000000001 0.04250000000000007 0.05875000000000004
0 0.253125 0.9637499999999999 0.07374999999999998 0.040000000000000036
0 0.018125 0.975 0.03625 0.05
0 0.11125 0.978125 0.145 0.04375
0 0.43624999999999997 0.99375 0.15750000000000006 0.0125
