0 0.4 0.034375 0.09749999999999996 0.06875
0 0.265625 0.016875 0.03874999999999997 0.03375
0 0.391875 0.081875 0.023749999999999983 0.01875
0 0.6368750000000001 0.15625 0.04874999999999998 0.057500000000000016
0 0.52375 0.168125 0.04999999999999991 0.036250000000000004
0 0.703125 0.26437499999999997 0.04375 0.03125000000000004
0 0.26125000000000004 0.40437500000000004 0.2 0.10124999999999998
0 0.8262499999999999 0.465 0.017499999999999894 0.027499999999999948
0 0.30250000000000005 0.535625 0.13999999999999999 0.16375000000000012
0 0.7587499999999999 0.5118750000000001 0.07750000000000004 0.07625000000000001
0 0.58375 0.54125 0.18499999999999997 0.11749999999999998
0 0.83125 0.50125 0.025 0.02999999999999998
0 0.8099999999999999 0.5112500000000001 0.022500000000000055 0.03500000000000005
0 0.5331250000000001 0.51875 0.036249999999999984 0.039999999999999855
0 0.4325 0.5225 0.0375 0.03249999999999993
0 0.83125 0.5574999999999999 0.032500000000000105 0.04249999999999998
0 0.48625000000000007 0.6575 0.14750000000000005 0.1625
0 0.12062499999999998 0.67625 0.20625 0.19749999999999995
0 0.9024999999999999 0.7606249999999999 0.04249999999999989 0.05624999999999991
0 0.37749999999999995 0.775625 0.06499999999999999 0.043749999999999914
0 0.005 0.806875 0.01 0.07374999999999998
0 0.16687500000000002 0.8037500000000002 0.05625 0.04500000000000011
0 0.5337500000000001 0.828125 0.05999999999999987 0.04375
0 0.38937499999999997 0.8543749999999999 0.07375000000000002 0.09124999999999997
0 0.735 0.9149999999999998 0.53 0.1700000000000001
0 0.6387499999999999 0.9193750000000002 0.1375000000000001 0.14124999999999996
0 0.49874999999999997 0.95625 0.11500000000000003 0.0875
0 0.0125 0.9818749999999999 0.025 0.036250000000000074
