0 0.943125 0.04312499999999997 0.11374999999999993 0.08624999999999994
0 0.13624999999999998 0.07374999999999998 0.14749999999999996 0.14749999999999996
0 0.42874999999999996 0.10875000000000008 0.05250000000000003 0.06499999999999984
0 0.749375 0.15625 0.06125000000000007 0.05249999999999977
0 0.4875 0.14375000000000004 0.02999999999999998 0.01750000000000007
0 0.946875 0.20375000000000004 0.06875 0.1024999999999999
0 0.996875 0.21437500000000004 0.00625 0.09374999999999989
0 0.15124999999999994 0.21125 0.04750000000000021 0.07750000000000001
0 0.45999999999999996 0.24625 0.0750000000000001 0.08250000000000002
0 0.8712499999999999 0.45562500000000006 0.20999999999999996 0.32875
0 0.016249999999999987 0.428125 0.03249999999999997 0.14874999999999994
0 0.10687500000000001 0.44875 0.1762499999999999 0.16500000000000004
0 0.325625 0.446875 0.07625000000000001 0.10624999999999996
0 0.9974999999999999 0.5143749999999999 0.005000000000000071 0.1687500000000001
0 0.123125 0.76 0.22125000000000009 0.44250000000000006
0 0.9600000000000002 0.650625 0.07999999999999989 0.10624999999999991
0 0.011249999999999982 0.6681250000000001 0.022499999999999964 0.12625000000000003
0 0.7506250000000001 0.7125 0.14625000000000005 0.125
0 0.356875 0.73125 0.09625000000000013 0.11750000000000008
0 0.971875 0.76375 0.05625 0.10999999999999996
0 0.8887499999999999 0.764375 0.03499999999999996 0.043749999999999914
0 0.7300000000000001 0.805 0.06749999999999998 0.07000000000000002
0 0.29375 0.8481249999999999 0.04500000000000006 0.1012500000000001
0 0.24374999999999997 0.865625 0.04500000000000002 0.08374999999999985
0 0.005625000000000047 0.898125 0.011250000000000093 0.14124999999999996
0 0.983125 0.875 0.033749999999999857 0.075
0 0.23312499999999997 0.93 0.026249999999999975 0.05249999999999986
0 0.21937499999999996 0.976875 0.043749999999999956 0.046250000000000034
