0 0.9375 0.31375000000000003 0.125 0.3224999999999999
0 0.9737500000000001 0.55375 0.05250000000000003 0.1
0 0.8175000000000001 0.05937500000000001 0.20999999999999996 0.11875000000000002
0 0.7387500000000001 0.45437500000000003 0.3000000000000001 0.32875
0 0.5799999999999998 0.2874999999999999 0.21749999999999997 0.29000000000000015
0 0.6175 0.714375 0.1325 0.10875000000000004
0 0.5731249999999999 0.06812500000000005 0.12374999999999999 0.1362500000000001
0 0.506875 0.516875 0.17375 0.11624999999999996
0 0.4543749999999999 0.76375 0.14875 0.17750000000000005
0 0.27749999999999997 0.50125 0.39500000000000013 0.615
0 0.36249999999999993 0.7056250000000001 0.17 0.14125000000000004
0 0.31562499999999993 0.11437500000000007 0.18374999999999994 0.2062499999999999
0 0.309375 0.0050000000000000044 0.19624999999999987 0.010000000000000009
0 0.2699999999999999 0.93125 0.265 0.1375
0 0.08750000000000002 0.21437499999999998 0.17500000000000004 0.22874999999999995
0 0.05999999999999994 0.853125 0.11999999999999988 0.24375
0 0.03125 0.9881249999999999 0.0625 0.02375000000000007
