0 0.040625 0.21187499999999995 0.03125 0.0437500000000002
0 0.18062499999999998 0.65375 0.10124999999999999 0.2
0 0.24124999999999996 0.08874999999999988 0.02749999999999999 0.01750000000000007
0 0.311875 0.6125 0.16374999999999998 0.14000000000000004
0 0.28812499999999996 0.15625 0.07624999999999997 0.0774999999999999
0 0.3175 0.33125 0.11749999999999998 0.18499999999999997
0 0.27749999999999997 0.08374999999999994 0.02999999999999998 0.0249999999999998
0 0.2875 0.10499999999999998 0.03499999999999996 0.022499999999999964
0 0.29500000000000004 0.381875 0.039999999999999994 0.036249999999999984
0 0.29874999999999996 0.48249999999999993 0.032500000000000015 0.03749999999999991
0 0.33375 0.08375000000000005 0.04249999999999998 0.03249999999999986
0 0.43375 0.42874999999999996 0.16250000000000003 0.14750000000000005
0 0.4525 0.7943749999999999 0.1975 0.20625
0 0.49499999999999994 0.9712500000000001 0.032500000000000015 0.04250000000000007
0 0.536875 0.016874999999999918 0.05624999999999991 0.033749999999999836
0 0.5518750000000001 0.5375 0.043749999999999914 0.06500000000000013
0 0.5831250000000001 0.938125 0.07374999999999998 0.06624999999999978
0 0.5800000000000001 0.7481249999999999 0.04500000000000002 0.05625000000000009
0 0.6043749999999999 0.38125 0.043749999999999914 0.06000000000000005
0 0.630625 0.525625 0.09125000000000005 0.07374999999999998
0 0.803125 0.22249999999999998 0.39375 0.44499999999999995
0 0.684375 0.9581250000000001 0.12124999999999994 0.08375000000000003
0 0.6956249999999999 0.27625 0.14124999999999996 0.13749999999999996
0 0.7631249999999999 0.41624999999999995 0.14875000000000008 0.11499999999999995
0 0.815625 0.945 0.15124999999999994 0.10999999999999996
0 0.849375 0.8768749999999998 0.06125000000000007 0.06374999999999993
0 0.87375 0.48250000000000004 0.10999999999999996 0.1049999999999999
0 0.9568749999999999 0.9475 0.08625000000000008 0.10500000000000007
0 0.9393750000000001 0.8237500000000001 0.02375000000000007 0.02499999999999982
0 0.9875 0.56125 0.025 0.05999999999999996
