0 0.76875 0.05500000000000001 0.12249999999999987 0.11000000000000001
0 0.56375 0.05500000000000001 0.1 0.11000000000000001
0 0.37187500000000007 0.16499999999999998 0.12875000000000006 0.15
0 0.311875 0.26749999999999996 0.11625000000000005 0.10749999999999997
0 0.01875 0.39 0.0375 0.15000000000000005
0 0.401875 0.39937500000000004 0.11375000000000006 0.13125000000000003
0 0.906875 0.4625 0.18625000000000008 0.22750000000000004
0 0.3475 0.6518750000000001 0.18249999999999994 0.19125000000000006
0 0.5650000000000001 0.64125 0.08999999999999994 0.13500000000000006
0 0.08937500000000001 0.6831250000000001 0.08875000000000002 0.08875000000000002
0 0.915 0.7725 0.0875 0.08499999999999988
0 0.79625 0.8506250000000002 0.15999999999999986 0.20374999999999996
0 0.57375 0.809375 0.03249999999999993 0.046249999999999944
0 0.6525000000000001 0.8125 0.02999999999999998 0.03499999999999988
0 0.9418749999999999 0.915 0.10875000000000004 0.11999999999999993
