0 0.003125 0.9724999999999999 0.00625 0.05500000000000007
0 0.5725 0.9618749999999998 0.09749999999999988 0.07625000000000011
0 0.438125 0.9756250000000002 0.03875000000000002 0.03375000000000004
0 0.5643750000000001 0.9106249999999999 0.023749999999999983 0.018750000000000176
0 0.809375 0.83625 0.04874999999999998 0.05750000000000011
0 0.69625 0.8243750000000001 0.04999999999999991 0.036250000000000074
0 0.875625 0.728125 0.04375 0.03125
0 0.43374999999999997 0.588125 0.19999999999999996 0.10124999999999992
0 0.9949999999999999 0.5275000000000001 0.009999999999999964 0.027499999999999948
0 0.475 0.45687500000000003 0.13999999999999996 0.16375000000000012
0 0.93125 0.480625 0.07750000000000004 0.07625000000000001
0 0.75625 0.45124999999999993 0.18500000000000014 0.11749999999999998
0 0.9956250000000001 0.49124999999999996 0.008750000000000036 0.030000000000000072
0 0.9824999999999999 0.48125 0.02250000000000014 0.03500000000000005
0 0.7056250000000001 0.47375 0.036249999999999984 0.040000000000000036
0 0.6050000000000001 0.4699999999999999 0.0375 0.032500000000000015
0 0.99375 0.43499999999999994 0.0125 0.04250000000000007
0 0.6587500000000001 0.335 0.14750000000000005 0.16249999999999992
0 0.29312499999999997 0.31625000000000003 0.20625 0.1975
0 0.11625 0.27375 0.0425 0.032500000000000105
0 0.55 0.21687499999999998 0.06500000000000003 0.04375000000000007
0 0.14937499999999998 0.18562500000000007 0.06624999999999999 0.07375000000000001
0 0.339375 0.18875000000000003 0.05624999999999995 0.04500000000000006
0 0.70625 0.16437499999999994 0.05999999999999996 0.04375000000000018
0 0.561875 0.13812500000000005 0.07374999999999998 0.09125000000000005
0 0.82125 0.08124999999999999 0.35750000000000004 0.16249999999999998
0 0.12250000000000001 0.08437499999999998 0.09750000000000002 0.12124999999999986
0 0.81125 0.07312499999999994 0.1375 0.1412500000000002
0 0.67125 0.039999999999999925 0.11499999999999995 0.07999999999999985
0 0.03874999999999999 0.020625000000000004 0.049999999999999996 0.04125000000000001
0 0.14125000000000001 0.014375000000000082 0.1125 0.028750000000000164
