0 0.4175000000000001 0.000625 0.18000000000000008 0.00125
0 0.041874999999999996 0.052500000000000005 0.08374999999999999 0.10500000000000001
0 0.010624999999999996 0.18125 0.02124999999999999 0.04749999999999999
0 0.04249999999999998 0.476875 0.08499999999999996 0.19124999999999998
0 0.640625 0.47000000000000003 0.15625 0.14750000000000002
0 0.7737499999999999 0.4175000000000001 0.04250000000000007 0.02999999999999998
0 0.755625 0.568125 0.06375000000000001 0.07624999999999993
0 0.6787500000000001 0.6381249999999999 0.2200000000000001 0.19125000000000006
0 0.21375000000000002 0.626875 0.21249999999999977 0.15875000000000003
0 0.06062500000000004 0.66625 0.12125000000000008 0.23499999999999996
0 0.8356250000000001 0.625 0.10125000000000002 0.14250000000000007
0 0.6975 0.825 0.2375 0.18500000000000005
0 0.07187500000000002 0.7887500000000001 0.043749999999999956 0.040000000000000036
0 0.19875000000000007 0.8268749999999999 0.08999999999999983 0.10124999999999984
0 0.11125000000000007 0.820625 0.07499999999999996 0.08374999999999995
0 0.013124999999999942 0.8418750000000002 0.026249999999999885 0.06374999999999993
0 0.0931249999999999 0.95375 0.1512500000000001 0.09250000000000007
0 0.681875 0.968125 0.1437500000000001 0.06374999999999993
0 0.23874999999999996 0.96875 0.08750000000000002 0.0625
0 0.780625 0.9806250000000001 0.05625000000000009 0.03874999999999993
