0 0.61 0.02 0.16749999999999998 0.04
0 0.006249999999999978 0.027500000000000004 0.012499999999999956 0.05500000000000001
0 0.55625 0.0425 0.1325 0.085
0 0.5912499999999999 0.09749999999999999 0.11750000000000008 0.08999999999999998
0 0.496875 0.164375 0.14625000000000013 0.12375000000000003
0 0.5974999999999999 0.213125 0.10750000000000001 0.12625000000000003
0 0.11062500000000001 0.24125000000000002 0.12875000000000003 0.09749999999999999
0 0.49437499999999995 0.296875 0.22875000000000006 0.19375
0 0.35750000000000004 0.24312499999999998 0.07749999999999999 0.08374999999999995
0 0.671875 0.294375 0.11125000000000007 0.13875
0 0.8693750000000001 0.366875 0.24625000000000002 0.20875000000000005
0 0.31625000000000003 0.34875 0.125 0.14500000000000002
0 0.051875000000000004 0.36687499999999995 0.10375000000000001 0.14875
0 0.17187499999999994 0.37124999999999997 0.12125000000000016 0.1525
0 0.630625 0.5574999999999999 0.19375 0.18999999999999995
0 0.53125 0.51375 0.06749999999999998 0.09749999999999996
0 0.383125 0.5662499999999999 0.06375000000000011 0.09249999999999999
0 0.030625000000000013 0.683125 0.06125000000000003 0.1362499999999999
0 0.33999999999999997 0.66875 0.07250000000000001 0.10499999999999998
0 0.221875 0.7143750000000001 0.11124999999999993 0.11875
0 0.738125 0.7925000000000001 0.2887500000000001 0.24500000000000002
0 0.10499999999999998 0.835 0.18999999999999995 0.19249999999999998
0 0.244375 0.811875 0.05875000000000012 0.07624999999999993
0 0.93875 0.87375 0.09499999999999993 0.09250000000000007
0 0.881875 0.9037499999999999 0.10375000000000015 0.10500000000000007
0 0.33062500000000006 0.953125 0.10124999999999998 0.09375
0 0.43624999999999997 0.954375 0.1700000000000001 0.09125000000000014
0 0.634375 0.99875 0.25875000000000004 0.002499999999999858
