0 0.7025 0.028750000000000005 0.06499999999999995 0.05750000000000001
0 0.2375 0.056874999999999995 0.15249999999999997 0.11374999999999999
0 0.383125 0.05499999999999999 0.09624999999999999 0.06999999999999999
0 0.6893749999999998 0.15687500000000001 0.061249999999999985 0.06624999999999999
0 0.91375 0.19375 0.07750000000000004 0.075
0 0.05 0.2325 0.065 0.07749999999999999
0 0.975 0.306875 0.05 0.07374999999999998
0 0.485 0.35625 0.15749999999999992 0.14000000000000004
0 0.328125 0.440625 0.11624999999999996 0.12124999999999994
0 0.036875 0.42250000000000004 0.06874999999999999 0.07500000000000004
0 0.7224999999999999 0.48687500000000006 0.16749999999999998 0.20375000000000001
0 0.479375 0.485 0.16375000000000006 0.12999999999999998
0 0.9862500000000001 0.47625 0.027500000000000035 0.07750000000000004
0 0.01875 0.609375 0.0375 0.21625000000000014
0 0.49437499999999995 0.703125 0.22374999999999998 0.36875
0 0.8643750000000001 0.615 0.053749999999999964 0.0625
0 0.13374999999999998 0.68125 0.11000000000000001 0.12749999999999995
0 0.05062500000000001 0.8143750000000001 0.10125000000000002 0.14875000000000008
0 0.701875 0.8475000000000001 0.06375000000000001 0.08499999999999996
0 0.9149999999999998 0.8793750000000001 0.07999999999999989 0.07624999999999993
0 0.728125 0.945 0.07625000000000001 0.10999999999999996
0 0.480625 0.9568749999999999 0.20125 0.08625000000000008
0 0.216875 0.9581250000000001 0.10125000000000002 0.08375000000000003
0 0.7950000000000002 0.9706250000000001 0.09250000000000007 0.05875000000000004
0 0.896875 0.9706250000000001 0.08874999999999993 0.05875000000000004
0 0.9712500000000001 0.9925 0.057499999999999926 0.015000000000000036
