0 0.7006249999999999 0.103125 0.32875000000000004 0.20625
0 0.36499999999999994 0.0775 0.1025 0.155
0 0.5912499999999999 0.27437500000000004 0.17749999999999985 0.17375000000000002
0 0.36750000000000005 0.3575 0.22749999999999995 0.3075
0 0.09312500000000001 0.35125 0.18625000000000003 0.2125
0 0.7237500000000001 0.379375 0.11250000000000009 0.15124999999999997
0 0.528125 0.48 0.14375 0.15250000000000002
0 0.305 0.6831250000000001 0.14000000000000004 0.24375
0 0.469375 0.6581250000000001 0.14625 0.19125000000000006
0 0.6 0.690625 0.2125 0.20125
0 0.794375 0.6799999999999999 0.15374999999999997 0.15250000000000002
0 0.007500000000000007 0.71875 0.015000000000000013 0.16750000000000007
0 0.94625 0.724375 0.06999999999999992 0.12374999999999999
0 0.99375 0.74 0.0125 0.09749999999999988
0 0.996875 0.7162499999999999 0.00625 0.04500000000000002
0 0.63375 0.8699999999999999 0.2575 0.25999999999999995
0 0.8 0.8318750000000001 0.11000000000000006 0.13375000000000004
0 0.4175000000000001 0.86875 0.17 0.1875
