0 0.26625 0.005625000000000047 0.06499999999999995 0.011250000000000093
0 0.73125 0.03375000000000006 0.15249999999999986 0.06750000000000012
0 0.5856250000000001 0.021874999999999978 0.09625000000000003 0.043749999999999956
0 0.27937500000000004 0.11062500000000001 0.06125000000000003 0.06625000000000003
0 0.05499999999999999 0.14750000000000008 0.07750000000000001 0.07500000000000018
0 0.91875 0.18624999999999997 0.06500000000000003 0.07750000000000004
0 0.009375000000000022 0.260625 0.018750000000000044 0.07374999999999998
0 0.48375 0.30999999999999994 0.15749999999999992 0.13999999999999999
0 0.640625 0.394375 0.11624999999999996 0.12125
0 0.9318750000000001 0.3762500000000001 0.06875000000000017 0.0750000000000001
0 0.24625 0.440625 0.1675 0.20374999999999996
0 0.4893749999999999 0.43875000000000003 0.16375 0.13000000000000003
0 0.965625 0.563125 0.06875 0.21625000000000005
0 0.47437499999999994 0.6568750000000001 0.22374999999999984 0.3687500000000002
0 0.104375 0.56875 0.053749999999999964 0.0625
0 0.8350000000000002 0.635 0.10999999999999996 0.12749999999999995
0 0.994375 0.7075 0.01125000000000007 0.08499999999999996
0 0.9337499999999999 0.7681250000000001 0.13250000000000012 0.14875000000000008
0 0.266875 0.8012499999999999 0.06375000000000001 0.08499999999999996
0 0.053750000000000075 0.8331250000000001 0.07999999999999985 0.07625000000000001
0 0.24062500000000003 0.9106249999999999 0.07625000000000001 0.13375000000000004
0 0.488125 0.9337500000000001 0.20125000000000007 0.13249999999999992
0 0.751875 0.9243749999999998 0.1012500000000001 0.10875000000000004
0 0.1737499999999999 0.945 0.09250000000000014 0.1
0 0.07187500000000002 0.9425000000000001 0.08874999999999988 0.09500000000000011
0 0.013124999999999942 0.969375 0.026249999999999885 0.06125000000000007
0 0.268125 0.98375 0.08375000000000013 0.03249999999999993
