0 0.640625 0.015 0.12624999999999992 0.03
0 0.35062499999999996 0.071875 0.08124999999999996 0.06625
0 0.77125 0.1625 0.09749999999999988 0.09749999999999999
0 0.7925 0.278125 0.0700000000000001 0.05625
0 0.984375 0.35562499999999997 0.03125 0.13624999999999998
0 0.6993750000000001 0.364375 0.09625000000000003 0.09625000000000003
0 0.79125 0.331875 0.040000000000000036 0.03125
0 0.43562499999999993 0.344375 0.05125000000000002 0.04125000000000001
0 0.928125 0.3825 0.06125000000000007 0.0625
0 0.821875 0.36937499999999995 0.04375 0.03374999999999999
0 0.384375 0.533125 0.21125000000000002 0.22874999999999995
0 0.946875 0.49625 0.10625 0.1374999999999999
0 0.6875 0.5106249999999999 0.15999999999999998 0.13624999999999998
0 0.5443749999999999 0.49000000000000005 0.08875000000000002 0.08250000000000002
0 0.034375 0.5425000000000001 0.06875 0.10000000000000009
0 0.19875 0.585 0.1525 0.15249999999999994
0 0.0175 0.671875 0.035 0.07875000000000014
0 0.81125 0.72875 0.27249999999999996 0.14000000000000004
0 0.976875 0.723125 0.046250000000000034 0.10625
0 0.6043749999999999 0.744375 0.09624999999999995 0.11624999999999996
0 0.459375 0.75625 0.17874999999999996 0.12999999999999998
0 0.309375 0.7587499999999999 0.11125000000000003 0.11249999999999982
0 0.45 0.89375 0.1625 0.13249999999999992
0 0.983125 0.9337500000000001 0.033749999999999857 0.06750000000000007
0 0.254375 0.936875 0.03374999999999999 0.028750000000000143
