0 0.6075 0.02125 0.0625 0.0425
0 0.4525 0.08 0.18 0.1025
0 0.859375 0.163125 0.14624999999999994 0.14374999999999996
0 0.896875 0.31124999999999997 0.09624999999999986 0.04750000000000001
0 0.913125 0.45375 0.07375000000000007 0.0875
0 0.880625 0.6068749999999999 0.19124999999999986 0.19125000000000006
0 0.22937500000000002 0.6 0.15625000000000003 0.14749999999999996
0 0.09624999999999999 0.5475 0.04249999999999998 0.030000000000000072
0 0.114375 0.698125 0.06374999999999999 0.07624999999999993
0 0.19125 0.768125 0.22000000000000003 0.19124999999999998
0 0.65625 0.7568750000000001 0.2125 0.15875000000000003
0 0.874375 0.7962499999999999 0.2512499999999999 0.23499999999999996
0 0.0425 0.7550000000000001 0.085 0.14250000000000015
0 0.17250000000000001 0.93125 0.2375 0.1375
0 0.798125 0.91875 0.043749999999999914 0.039999999999999855
0 0.67125 0.953125 0.09000000000000012 0.09375
0 0.75875 0.9506249999999999 0.0750000000000001 0.08375000000000021
0 0.8712500000000001 0.97 0.05500000000000007 0.060000000000000143
