0 0.195 0.9668749999999999 0.17999999999999983 0.06624999999999996
0 0.8762500000000001 0.93125 0.21250000000000008 0.1375
0 0.48250000000000004 0.9487500000000001 0.15999999999999998 0.10250000000000004
0 0.6168750000000001 0.9974999999999999 0.06375000000000011 0.005000000000000071
0 0.69375 0.954375 0.12000000000000002 0.09125000000000014
0 0.34375 0.9493750000000001 0.07750000000000012 0.07124999999999986
0 0.12687499999999996 0.8393750000000001 0.2537499999999999 0.22624999999999992
0 0.345 0.89375 0.04249999999999998 0.04499999999999993
0 0.7256250000000001 0.811875 0.16875000000000018 0.18125000000000008
0 0.533125 0.83125 0.09124999999999997 0.07249999999999987
0 0.93875 0.796875 0.030000000000000072 0.028750000000000143
0 0.9568749999999999 0.726875 0.08625000000000008 0.12624999999999992
0 0.32562500000000005 0.745 0.09375 0.08499999999999996
0 0.371875 0.65625 0.07874999999999996 0.075
0 0.153125 0.5393749999999999 0.30625 0.24375
0 0.55125 0.579375 0.13250000000000012 0.11374999999999993
0 0.7474999999999999 0.566875 0.10749999999999993 0.13375000000000004
0 0.985625 0.525 0.028750000000000143 0.075
0 0.5443749999999999 0.49749999999999994 0.04375000000000009 0.0375
0 0.743125 0.469375 0.036249999999999984 0.03374999999999995
0 0.5225 0.440625 0.06249999999999991 0.061249999999999895
0 0.394375 0.35 0.08874999999999993 0.17500000000000004
0 0.20187500000000003 0.2768750000000001 0.34375 0.30625
0 0.9600000000000002 0.38937499999999997 0.07999999999999989 0.07625000000000011
0 0.023125000000000007 0.145625 0.04625000000000001 0.29125
0 0.4525 0.24749999999999997 0.039999999999999945 0.04750000000000001
0 0.401875 0.19 0.07874999999999992 0.12750000000000009
0 0.019374999999999976 0.1999999999999999 0.03874999999999995 0.08250000000000013
0 0.351875 0.09749999999999998 0.06625 0.06999999999999995
0 0.33875 0.015000000000000013 0.07250000000000001 0.030000000000000027
