0 0.23375000000000004 0.959375 0.135 0.08125
0 0.35500000000000004 0.984375 0.15499999999999997 0.03125
0 0.175 0.8975 0.22750000000000004 0.205
0 0.095 0.806875 0.19 0.16875
0 0.350625 0.75 0.03125 0.04250000000000007
0 0.2975 0.650625 0.05499999999999998 0.13125
0 0.09625 0.571875 0.095 0.08625000000000008
0 0.915625 0.48624999999999996 0.09875000000000007 0.12750000000000003
0 0.834375 0.501875 0.04874999999999989 0.06624999999999996
0 0.39812499999999995 0.409375 0.08624999999999998 0.12374999999999989
0 0.751875 0.224375 0.39625000000000005 0.44875
0 0.315625 0.37062500000000004 0.12624999999999997 0.15125000000000002
0 0.21812499999999999 0.308125 0.08125 0.09375
0 0.496875 0.30875 0.028749999999999963 0.06999999999999992
0 0.4331250000000001 0.26937500000000003 0.12625000000000003 0.10375000000000001
0 0.53 0.19312499999999994 0.047499999999999966 0.06625
0 0.46125000000000005 0.17375000000000002 0.0750000000000001 0.07749999999999999
0 0.07375000000000001 0.1643750000000001 0.05 0.05625000000000002
0 0.13187500000000002 0.12062499999999998 0.05625000000000002 0.1237499999999998
0 0.028750000000000005 0.10000000000000005 0.05750000000000001 0.1449999999999999
0 0.5293749999999999 0.13062500000000005 0.06874999999999991 0.036250000000000004
0 0.449375 0.06187500000000007 0.04874999999999998 0.05875000000000019
0 0.9962500000000001 0.02937500000000004 0.007499999999999929 0.05875000000000008
0 0.735 0.00187499999999996 0.14250000000000007 0.00374999999999992
