0 0.61 0.0725 0.24750000000000005 0.145
0 0.29562499999999997 0.03 0.18375 0.06
0 0.35562499999999997 0.049375 0.0012499999999999734 0.0012499999999999955
0 0.26375000000000004 0.174375 0.13249999999999998 0.23374999999999999
0 0.985625 0.21999999999999997 0.028750000000000143 0.06749999999999996
0 0.22937499999999997 0.3275 0.11374999999999999 0.05499999999999998
0 0.331875 0.32625000000000004 0.04874999999999994 0.04750000000000001
0 0.603125 0.35062499999999996 0.09625000000000013 0.04875000000000003
0 0.24687499999999996 0.459375 0.22875000000000006 0.19125000000000006
0 0.57125 0.4425 0.15249999999999994 0.10250000000000004
0 0.20312499999999994 0.49187499999999995 0.08875000000000022 0.07124999999999995
0 0.49625 0.5743750000000001 0.1375 0.18624999999999997
0 0.6006250000000001 0.5774999999999999 0.07874999999999996 0.15
0 0.335625 0.6068749999999999 0.09875000000000003 0.1437499999999999
0 0.4125 0.588125 0.05499999999999994 0.08874999999999993
0 0.17750000000000005 0.653125 0.12 0.13875
0 0.401875 0.673125 0.07125000000000004 0.06375000000000001
0 0.12999999999999995 0.7618750000000001 0.02000000000000013 0.013750000000000017
0 0.1568750000000001 0.88125 0.1937499999999999 0.2375
0 0.43562500000000004 0.9075 0.34124999999999994 0.18500000000000014
0 0.08812500000000006 0.984375 0.10125000000000017 0.03125
