0 0.6825 0.035 0.07249999999999997 0.07
0 0.271875 0.06875 0.19625000000000004 0.1375
0 0.9262499999999999 0.015 0.0625 0.03
0 0.495625 0.045 0.06374999999999993 0.07500000000000001
0 0.5925 0.040625 0.03499999999999996 0.03874999999999999
0 0.78 0.07625 0.075 0.1
0 0.8631249999999999 0.075 0.07624999999999993 0.0875
0 0.41 0.07999999999999999 0.07999999999999999 0.07499999999999998
0 0.17250000000000001 0.121875 0.0425 0.06375000000000001
0 0.5081249999999999 0.35250000000000004 0.021250000000000036 0.019999999999999973
0 0.05500000000000001 0.434375 0.11000000000000001 0.15375
0 0.5743750000000001 0.42437500000000006 0.05874999999999995 0.05625000000000004
0 0.37125 0.4925 0.17750000000000007 0.17750000000000005
0 0.098125 0.6681250000000001 0.19625 0.4162499999999999
0 0.20562500000000003 0.4887499999999999 0.07875000000000001 0.04500000000000002
0 0.04125 0.5387500000000001 0.0825 0.09500000000000001
0 0.335625 0.59625 0.06374999999999997 0.0625
0 0.40625 0.6300000000000001 0.06750000000000003 0.07499999999999991
0 0.385625 0.703125 0.061249999999999985 0.05875000000000004
0 0.254375 0.775625 0.10625 0.11125000000000007
0 0.37437499999999996 0.81375 0.15875 0.1299999999999999
0 0.51375 0.825 0.09500000000000011 0.11000000000000006
0 0.346875 0.8862500000000001 0.07374999999999998 0.040000000000000036
0 0.06937499999999999 0.93625 0.12125000000000001 0.12749999999999986
0 0.20500000000000002 0.9393750000000001 0.14500000000000002 0.12125000000000004
0 0.53 0.9550000000000001 0.15750000000000003 0.09000000000000004
