0 0.9949999999999999 0.025625 0.009999999999999964 0.05125
0 0.6018749999999999 0.1025 0.22125000000000003 0.205
0 0.03125 0.053125 0.0625 0.10625
0 0.12812500000000004 0.064375 0.12124999999999986 0.12875
0 0.72375 0.184375 0.04500000000000011 0.053749999999999985
0 0.5262499999999999 0.39 0.2624999999999999 0.31999999999999995
0 0.7206250000000001 0.27375 0.05124999999999993 0.06499999999999999
0 0.7393749999999999 0.5675 0.24375 0.4525
0 0.17562500000000003 0.41500000000000004 0.09124999999999983 0.10000000000000005
0 0.9706250000000001 0.5131249999999999 0.05875000000000004 0.21125000000000008
0 0.456875 0.5818749999999999 0.22375000000000003 0.22375000000000006
0 0.87625 0.60375 0.14250000000000007 0.19750000000000006
0 0.12874999999999992 0.594375 0.10749999999999993 0.09874999999999998
0 0.04624999999999996 0.5912499999999999 0.025000000000000244 0.039999999999999945
0 0.9556250000000001 0.7268749999999999 0.08874999999999993 0.1387500000000001
0 0.8462499999999998 0.7831250000000001 0.1049999999999999 0.21375000000000002
0 0.685 0.796875 0.2 0.2137500000000002
0 0.4887499999999999 0.8006250000000001 0.19499999999999992 0.20625000000000018
0 0.9568750000000001 0.8775000000000001 0.07125000000000004 0.0875
0 0.588125 0.945625 0.10375000000000005 0.1012500000000001
0 0.7768750000000001 0.9481249999999999 0.25125000000000003 0.10374999999999997
0 0.4875 0.929375 0.07000000000000002 0.06624999999999996
0 0.40812499999999996 0.9962500000000001 0.18875000000000006 0.007499999999999929
0 0.06312499999999999 0.999375 0.12624999999999997 0.001249999999999929
