0 0.4487500000000001 0.12687500000000002 0.34249999999999997 0.23625000000000002
0 0.08625000000000001 0.08875000000000001 0.1375 0.145
0 0.241875 0.1875 0.08124999999999996 0.14000000000000004
0 0.13125 0.1775 0.1025 0.08749999999999998
0 0.64375 0.276875 0.0625 0.08125
0 0.16875 0.33625 0.10250000000000004 0.10750000000000007
0 0.6581249999999998 0.4387499999999999 0.18875000000000003 0.1999999999999999
0 0.005 0.6 0.01 0.37249999999999994
0 0.1875 0.48187499999999994 0.1475 0.11374999999999993
0 0.01625 0.52125 0.0325 0.09500000000000001
0 0.145625 0.520625 0.03374999999999999 0.05625
0 0.209375 0.5706249999999999 0.04625000000000001 0.03874999999999993
0 0.16125 0.6125 0.11999999999999997 0.10499999999999998
0 0.020625 0.649375 0.04125 0.10374999999999997
0 0.06812499999999999 0.6612500000000001 0.04625 0.04249999999999998
