0 0.0675 0.15124999999999994 0.135 0.23500000000000024
0 0.18249999999999994 0.13312499999999994 0.06250000000000014 0.0887500000000001
0 0.2368749999999999 0.18937500000000007 0.09375000000000011 0.13374999999999984
0 0.78125 0.21000000000000005 0.13249999999999992 0.1124999999999998
0 0.624375 0.22125000000000003 0.10375000000000005 0.11000000000000001
0 0.9475 0.22437500000000005 0.10500000000000007 0.1137499999999999
0 0.43937499999999996 0.23187500000000005 0.14625000000000005 0.12874999999999995
0 0.15562499999999996 0.25625 0.07874999999999999 0.09250000000000003
0 0.07312499999999994 0.305 0.04624999999999979 0.06750000000000003
0 0.41875 0.36187500000000006 0.20250000000000004 0.16625000000000006
0 0.29437499999999994 0.418125 0.13124999999999995 0.08125000000000009
0 0.07374999999999998 0.436875 0.14749999999999996 0.06875
0 0.44125000000000003 0.51375 0.11250000000000004 0.12750000000000003
0 0.055624999999999925 0.525 0.11124999999999985 0.13999999999999996
0 0.16499999999999998 0.536875 0.13999999999999999 0.1512500000000001
0 0.27249999999999996 0.5918749999999999 0.1625000000000001 0.16375
0 0.54125 0.568125 0.11000000000000006 0.10624999999999991
0 0.776875 0.651875 0.0737499999999999 0.10374999999999997
0 0.36000000000000004 0.7056250000000001 0.15 0.14125000000000004
0 0.9724999999999999 0.693125 0.05500000000000007 0.10875000000000004
0 0.47750000000000004 0.703125 0.057500000000000016 0.0862499999999999
0 0.571875 0.745625 0.04125000000000005 0.05125000000000011
0 0.038125000000000075 0.7975 0.07625000000000015 0.08500000000000005
0 0.23125 0.8862500000000001 0.24250000000000008 0.22000000000000003
0 0.29875 0.798125 0.027499999999999948 0.028750000000000053
0 0.36250000000000004 0.8243749999999999 0.07250000000000005 0.07125000000000004
0 0.041874999999999996 0.89375 0.08374999999999999 0.10749999999999993
0 0.16312500000000002 0.9650000000000001 0.07875000000000001 0.06999999999999992
0 0.026874999999999982 0.9806250000000001 0.053749999999999964 0.03874999999999993
