0 0.63625 0.1525 0.24249999999999988 0.305
0 0.9893750000000001 0.048125 0.021250000000000036 0.06124999999999999
0 0.920625 0.094375 0.0887500000000001 0.10624999999999998
0 0.9800000000000001 0.08625 0.040000000000000036 0.05500000000000001
0 0.659375 0.36 0.1862499999999999 0.195
0 0.23562500000000003 0.43624999999999997 0.08625000000000001 0.11500000000000003
0 0.68625 0.599375 0.16749999999999998 0.29875000000000007
0 0.59375 0.66875 0.13999999999999985 0.1575000000000001
0 0.460625 0.701875 0.16875000000000004 0.14124999999999996
0 0.31875 0.6675000000000001 0.039999999999999994 0.047500000000000056
0 0.323125 0.74875 0.07875000000000001 0.09249999999999999
0 0.441875 0.8462499999999998 0.15625 0.2174999999999999
0 0.10500000000000001 0.903125 0.12250000000000001 0.14875000000000008
0 0.24937499999999999 0.923125 0.21624999999999997 0.15375000000000014
0 0.764375 0.945625 0.18375000000000002 0.10875000000000004
