0 0.03749999999999998 0.7106250000000001 0.07499999999999996 0.11124999999999989
0 0.4225 0.725625 0.8300000000000001 0.54875
0 0.13812499999999994 0.38875000000000004 0.23124999999999996 0.10499999999999998
0 0.289375 0.011875000000000024 0.05625 0.02375000000000005
0 0.29624999999999996 0.05874999999999991 0.06500000000000003 0.04749999999999999
0 0.2975 0.34875 0.057499999999999885 0.06499999999999995
0 0.313125 0.12562500000000004 0.05125000000000002 0.056250000000000244
0 0.38687499999999997 0.1875 0.06125000000000003 0.10000000000000009
0 0.47062500000000007 0.26437499999999997 0.13875 0.09875000000000003
0 0.48562500000000003 0.33937500000000004 0.07625000000000011 0.06625000000000006
0 0.7731250000000001 0.9600000000000002 0.3262500000000001 0.07999999999999989
0 0.691875 0.0749999999999999 0.06374999999999993 0.0525000000000001
0 0.784375 0.28375000000000006 0.20875000000000005 0.23500000000000001
0 0.754375 0.16937500000000005 0.06125000000000007 0.061249999999999805
0 0.744375 0.34375 0.03374999999999995 0.03499999999999996
0 0.9175000000000001 0.6512499999999999 0.16500000000000004 0.29500000000000004
0 0.9237500000000001 0.18374999999999997 0.15250000000000002 0.24
0 0.94375 0.865 0.1125 0.21750000000000008
0 0.960625 0.39125000000000004 0.07874999999999996 0.0875
0 0.9956250000000001 0.0025000000000000577 0.008750000000000036 0.0050000000000001155
