0 0.23062499999999994 0.936875 0.043749999999999956 0.03125
0 0.6725 0.796875 0.2 0.10124999999999992
0 0.10750000000000004 0.73625 0.01749999999999985 0.027500000000000035
0 0.63125 0.665625 0.13999999999999985 0.16375
0 0.17500000000000004 0.6893750000000001 0.07749999999999993 0.07625000000000001
0 0.35 0.66 0.18500000000000005 0.1174999999999999
0 0.10250000000000004 0.7 0.02499999999999991 0.02999999999999998
0 0.12375000000000003 0.6900000000000001 0.022499999999999964 0.03500000000000005
0 0.40062499999999995 0.6825 0.036250000000000074 0.040000000000000036
0 0.50125 0.6787500000000001 0.0375 0.032500000000000105
0 0.10250000000000004 0.64375 0.03249999999999997 0.04249999999999998
0 0.44750000000000006 0.54375 0.14750000000000002 0.1625
0 0.813125 0.525 0.20625 0.19750000000000006
0 0.984375 0.4825000000000001 0.03125 0.032500000000000015
0 0.03125 0.440625 0.04249999999999998 0.05625
0 0.55625 0.425625 0.06500000000000013 0.043749999999999914
0 0.9568749999999999 0.39437500000000003 0.06625000000000014 0.07374999999999998
0 0.766875 0.3975 0.05625 0.04500000000000002
0 0.4 0.373125 0.06000000000000005 0.04375000000000009
0 0.544375 0.346875 0.0737499999999999 0.09124999999999997
0 0.231875 0.18562499999999998 0.46375 0.37124999999999997
0 0.9675 0.293125 0.06499999999999986 0.12125
0 0.295 0.28187500000000004 0.1375000000000001 0.14124999999999996
0 0.43499999999999994 0.21437499999999998 0.11500000000000013 0.1487499999999999
0 0.954375 0.16187500000000005 0.09125000000000014 0.15125
0 0.8956250000000001 0.12812499999999988 0.06375000000000011 0.061249999999999916
0 0.50125 0.10374999999999983 0.10500000000000007 0.10999999999999999
0 0.9568750000000001 0.03187499999999999 0.0862499999999999 0.06374999999999997
0 0.8425 0.038124999999999964 0.02500000000000018 0.02375000000000016
0 0.58 0.0012499999999999178 0.05999999999999996 0.0024999999999998357
