0 0.9818749999999999 0.33562499999999995 0.036250000000000074 0.16625000000000006
0 0.829375 0.40875000000000006 0.23625000000000007 0.3424999999999999
0 0.8674999999999999 0.77125 0.14499999999999985 0.1375
0 0.76875 0.615625 0.13999999999999996 0.08125
0 0.7787499999999999 0.72625 0.0875 0.10249999999999995
0 0.679375 0.21374999999999994 0.08125 0.06250000000000014
0 0.6675 0.9881249999999999 0.07750000000000004 0.02375000000000007
0 0.62 0.68875 0.10750000000000011 0.10250000000000004
0 0.648125 0.915625 0.04375 0.046250000000000034
0 0.585625 0.929375 0.06374999999999983 0.06875
0 0.5174999999999998 0.19937500000000002 0.1999999999999999 0.18874999999999986
0 0.5818749999999999 0.9862500000000001 0.06375000000000001 0.027500000000000035
0 0.35625000000000007 0.9237500000000001 0.37249999999999983 0.15250000000000002
0 0.50875 0.9625 0.060000000000000143 0.03500000000000014
0 0.49187499999999995 0.9881249999999999 0.08875000000000002 0.02375000000000007
0 0.47437500000000005 0.67 0.11375000000000002 0.14749999999999996
0 0.43499999999999994 0.8712500000000001 0.09500000000000006 0.09250000000000007
0 0.43562499999999993 0.711875 0.05625000000000009 0.033749999999999857
0 0.385625 0.6481250000000001 0.038750000000000104 0.046250000000000034
0 0.34375 0.69625 0.10499999999999998 0.12000000000000002
0 0.306875 0.8643750000000001 0.10375000000000005 0.09625000000000003
0 0.29500000000000004 0.7893749999999999 0.04249999999999998 0.046250000000000034
0 0.275625 0.9568749999999999 0.05624999999999991 0.04875000000000007
0 0.27625 0.9012500000000001 0.022499999999999964 0.025
0 0.185625 0.9962500000000001 0.03624999999999987 0.007499999999999929
0 0.10812499999999999 0.990625 0.0837500000000001 0.01875
0 0.03687500000000005 0.9818749999999999 0.0737500000000001 0.036250000000000074
