0 0.9400000000000001 0.806875 0.11999999999999993 0.38625
0 0.818125 0.9574999999999999 0.13874999999999993 0.08499999999999996
0 0.8306250000000001 0.885 0.10375000000000005 0.09250000000000007
0 0.8487500000000001 0.6743750000000001 0.05250000000000003 0.05625
0 0.713125 0.67 0.23625000000000007 0.14000000000000004
0 0.64 0.45812500000000006 0.20750000000000002 0.30125
0 0.5856250000000001 0.586875 0.1387500000000001 0.15375000000000014
0 0.635625 0.7675 0.03125 0.047499999999999966
0 0.5625 0.735625 0.06750000000000007 0.061249999999999895
0 0.4206250000000001 0.6068749999999999 0.14624999999999994 0.14125000000000004
0 0.344375 0.471875 0.16625000000000006 0.17375000000000002
0 0.3725 0.23062499999999994 0.08500000000000005 0.0787500000000001
0 0.23999999999999994 0.024374999999999925 0.1625000000000002 0.04874999999999985
0 0.25125000000000003 0.7593750000000001 0.13000000000000003 0.16375000000000012
0 0.140625 0.82 0.28125 0.285
0 0.220625 0.57 0.08374999999999999 0.09499999999999983
0 0.16312500000000002 0.9668749999999999 0.10625000000000007 0.06624999999999996
0 0.12562500000000001 0.06000000000000005 0.15874999999999997 0.0924999999999998
0 0.11875000000000002 0.6699999999999999 0.15249999999999986 0.18
0 0.1200000000000001 0.9962500000000001 0.06750000000000012 0.007499999999999929
0 0.10624999999999996 0.16562499999999997 0.04499999999999993 0.06874999999999998
0 0.05687499999999995 0.9806250000000001 0.1137499999999999 0.03874999999999993
0 0.046875 0.6025 0.09375 0.11749999999999998
0 0.05250000000000005 0.11874999999999995 0.04999999999999993 0.060000000000000164
