0 0.40966796875 0.9619140625 0.1240234375 0.076171875
0 0.03662109375 0.96435546875 0.0458984375 0.0537109375
0 0.30859375 0.8466796875 0.193359375 0.21875
0 0.55419921875 0.8662109375 0.1435546875 0.125
0 0.50732421875 0.81201171875 0.0009765625 0.0009765625
0 0.5791015625 0.71435546875 0.103515625 0.1826171875
0 0.01318359375 0.6787109375 0.0263671875 0.052734375
0 0.60595703125 0.5947265625 0.0888671875 0.04296875
0 0.52587890625 0.595703125 0.0380859375 0.037109375
0 0.31396484375 0.57666015625 0.0751953125 0.0380859375
0 0.59228515625 0.49169921875 0.1787109375 0.1494140625
0 0.3388671875 0.5048828125 0.119140625 0.080078125
0 0.62646484375 0.46630859375 0.0693359375 0.0556640625
0 0.3974609375 0.40185546875 0.107421875 0.1455078125
0 0.31591796875 0.3994140625 0.0615234375 0.1171875
0 0.52294921875 0.37646484375 0.0771484375 0.1123046875
0 0.462890625 0.39111328125 0.04296875 0.0693359375
0 0.646484375 0.34033203125 0.09375 0.1083984375
0 0.47119140625 0.32470703125 0.0556640625 0.0498046875
0 0.68359375 0.25537109375 0.015625 0.0107421875
0 0.66259765625 0.1455078125 0.1513671875 0.21875
0 0.44482421875 0.10693359375 0.2666015625 0.2138671875
0 0.71630859375 0.052734375 0.0791015625 0.08203125
0 0.0712890625 0.017578125 0.103515625 0.03515625
0 0.13232421875 0.01611328125 0.0322265625 0.0322265625
0 0.00390625 0.00634765625 0.0078125 0.0126953125
