0 0.50625 0.6893750000000001 0.17 0.18125000000000008
0 0.26625 0.595 0.1325 0.125
0 0.665625 0.44375 0.053749999999999964 0.05499999999999998
0 0.22937500000000002 0.398125 0.06374999999999997 0.07375000000000007
0 0.0925 0.328125 0.04750000000000001 0.06374999999999993
0 0.414375 0.28 0.14374999999999996 0.15499999999999997
0 0.248125 0.286875 0.10125000000000002 0.13624999999999998
0 0.133125 0.3275 0.03874999999999999 0.050000000000000044
0 0.168125 0.30750000000000005 0.03875000000000002 0.06749999999999998
0 0.30812500000000004 0.24124999999999996 0.023749999999999983 0.022499999999999964
0 0.64875 0.21375000000000002 0.04999999999999991 0.04249999999999985
0 0.701875 0.19937499999999997 0.04874999999999989 0.043749999999999956
0 0.340625 0.20625 0.013749999999999974 0.012500000000000044
0 0.4875 0.09124999999999994 0.2975 0.18249999999999988
0 0.396875 0.11062500000000001 0.08874999999999997 0.11375000000000013
0 0.8462500000000001 0.14187499999999992 0.04499999999999993 0.04375000000000007
0 0.99875 0.08812499999999995 0.002499999999999858 0.0737500000000001
0 0.905625 0.0706250000000001 0.03874999999999993 0.04125000000000012
0 0.20125 0.05250000000000005 0.03750000000000002 0.057499999999999996
