0 0.594375 0.048125 0.06875 0.05375
0 0.64 0.2 0.20750000000000002 0.22250000000000006
0 0.7787499999999999 0.16312500000000002 0.1 0.10125000000000002
0 0.8193750000000002 0.318125 0.10875000000000004 0.11624999999999996
0 0.09124999999999994 0.5962500000000001 0.18249999999999988 0.35750000000000004
0 0.564375 0.480625 0.07874999999999996 0.07625000000000001
0 0.7618750000000001 0.5425000000000001 0.13875 0.15
0 0.30625 0.659375 0.2475000000000002 0.22875000000000006
0 0.8806249999999999 0.6512499999999999 0.0887500000000001 0.09249999999999999
0 0.58 0.6975 0.09000000000000004 0.10749999999999993
0 0.509375 0.66875 0.03374999999999995 0.032500000000000105
0 0.528125 0.8006249999999999 0.15874999999999995 0.16125000000000006
0 0.30999999999999994 0.8018750000000001 0.05500000000000003 0.06624999999999996
0 0.38687499999999997 0.805625 0.08374999999999999 0.06374999999999993
0 0.41437500000000005 0.891875 0.08875000000000002 0.12125000000000004
0 0.596875 0.9962500000000001 0.06374999999999993 0.007499999999999929
0 0.45 0.99875 0.2625 0.002499999999999858
