0 0.166875 0.08812499999999995 0.11374999999999998 0.09875
0 0.17375000000000002 0.26625000000000004 0.11250000000000004 0.11999999999999997
0 0.34937500000000005 0.6762499999999999 0.16374999999999998 0.17
0 0.303125 0.9524999999999999 0.06624999999999996 0.0674999999999999
0 0.311875 0.5537500000000001 0.06624999999999996 0.047499999999999966
0 0.36062500000000003 0.416875 0.13874999999999998 0.20124999999999993
0 0.36875 0.19687500000000002 0.125 0.22625000000000006
0 0.388125 0.795 0.06375000000000001 0.047499999999999966
0 0.42000000000000004 0.9887499999999999 0.10250000000000004 0.022499999999999964
0 0.45 0.06437499999999996 0.13249999999999998 0.12874999999999992
0 0.491875 0.539375 0.13625000000000007 0.12375000000000007
0 0.593125 0.12312500000000008 0.14375 0.15624999999999986
0 0.5662499999999999 0.975 0.08250000000000002 0.05
0 0.624375 0.03249999999999992 0.07125000000000004 0.06499999999999984
0 0.733125 0.509375 0.17125000000000004 0.23374999999999996
0 0.7462500000000001 0.719375 0.17249999999999988 0.16625000000000006
0 0.74 0.125625 0.1325 0.14375000000000004
0 0.7300000000000001 0.03187499999999999 0.07749999999999994 0.06374999999999997
0 0.889375 0.596875 0.22124999999999995 0.40625
0 0.820625 0.021874999999999978 0.08374999999999995 0.043749999999999956
0 0.9175000000000001 0.11124999999999989 0.09750000000000014 0.09250000000000014
0 0.943125 0.03437499999999999 0.11374999999999993 0.06874999999999998
0 0.94375 0.391875 0.1125 0.08125000000000009
0 0.951875 0.28312499999999996 0.09624999999999986 0.14125000000000001
0 0.9893750000000001 0.13500000000000006 0.021250000000000036 0.1150000000000001
