0 0.07874999999999999 0.07937499999999992 0.15749999999999997 0.15874999999999984
0 0.4931249999999999 0.14125 0.32875 0.2825
0 0.015000000000000013 0.16499999999999998 0.030000000000000027 0.22250000000000006
0 0.32625 0.29124999999999995 0.2899999999999999 0.2175000000000001
0 0.753125 0.25375000000000003 0.10874999999999994 0.13250000000000006
0 0.08750000000000002 0.298125 0.17500000000000004 0.12374999999999999
0 0.555625 0.36437500000000006 0.11624999999999996 0.17374999999999993
0 0.8025 0.416875 0.17749999999999994 0.14875000000000002
0 0.54 0.59375 0.615 0.39499999999999996
0 0.744375 0.50875 0.1412499999999998 0.17
0 0.153125 0.555625 0.20624999999999996 0.18374999999999994
0 0.024374999999999925 0.561875 0.04874999999999985 0.19625000000000004
0 0.9506249999999999 0.6012500000000001 0.09875000000000007 0.265
0 0.2531250000000001 0.795625 0.22874999999999993 0.1987499999999999
0 0.885 0.8706250000000001 0.22999999999999998 0.2387500000000001
0 0.7506250000000001 0.945 0.2637500000000001 0.10999999999999996
0 0.10312500000000002 0.9550000000000001 0.20625000000000004 0.09000000000000004
