0 0.99 0.6375 0.019999999999999928 0.23499999999999996
0 0.9324999999999999 0.655625 0.0625 0.08874999999999993
0 0.878125 0.599375 0.09375 0.13375000000000004
0 0.33375000000000005 0.57875 0.13249999999999998 0.1124999999999999
0 0.490625 0.5675000000000001 0.10375000000000005 0.11000000000000006
0 0.165 0.5643750000000001 0.11000000000000001 0.11374999999999993
0 0.675625 0.556875 0.14625000000000005 0.12874999999999998
0 0.959375 0.5325 0.07874999999999996 0.09249999999999999
0 0.6962499999999999 0.426875 0.20250000000000004 0.16624999999999995
0 0.820625 0.370625 0.1312500000000001 0.08125
0 0.98375 0.351875 0.03249999999999993 0.06875
0 0.6737500000000001 0.275 0.1124999999999999 0.12749999999999995
0 0.9400000000000001 0.25187499999999996 0.11999999999999993 0.15125000000000013
0 0.8424999999999999 0.19687500000000002 0.16249999999999992 0.16375000000000006
0 0.5737500000000001 0.22062500000000007 0.11000000000000006 0.10624999999999998
0 0.338125 0.13687499999999997 0.07374999999999998 0.10375000000000001
0 0.755 0.08312500000000006 0.14999999999999983 0.1412500000000002
0 0.11750000000000001 0.09562500000000002 0.10500000000000002 0.10875000000000001
0 0.6375 0.085625 0.057499999999999926 0.08624999999999983
0 0.543125 0.04312499999999991 0.04124999999999997 0.05125000000000013
0 0.88125 0.006249999999999978 0.2375 0.012499999999999956
0 0.8162499999999999 0.0025000000000000577 0.027499999999999858 0.0050000000000001155
