0 0.5205078125 0.95751953125 0.140625 0.0849609375
0 0.2646484375 0.9765625 0.181640625 0.046875
0 0.0986328125 0.96875 0.115234375 0.0625
0 0.01806640625 0.984375 0.0361328125 0.03125
0 0.60400390625 0.93408203125 0.1669921875 0.1201171875
0 0.2021484375 0.9169921875 0.17578125 0.107421875
0 0.04443359375 0.8720703125 0.0888671875 0.140625
0 0.36474609375 0.90478515625 0.0205078125 0.0263671875
0 0.0419921875 0.77783203125 0.083984375 0.0849609375
0 0.353515625 0.76171875 0.056640625 0.06640625
0 0.67431640625 0.72998046875 0.1533203125 0.1083984375
0 0.1630859375 0.77197265625 0.048828125 0.0244140625
0 0.49951171875 0.748046875 0.0498046875 0.05859375
0 0.423828125 0.75146484375 0.02734375 0.0302734375
0 0.27734375 0.7236328125 0.05859375 0.078125
0 0.21240234375 0.724609375 0.0595703125 0.068359375
0 0.56640625 0.720703125 0.0625 0.05859375
0 0.751953125 0.68798828125 0.033203125 0.0498046875
0 0.03759765625 0.49609375 0.0751953125 0.10546875
0 0.48974609375 0.5078125 0.0166015625 0.015625
0 0.8623046875 0.44384765625 0.123046875 0.1201171875
0 0.43798828125 0.45166015625 0.0458984375 0.0439453125
0 0.5966796875 0.3984375 0.138671875 0.138671875
0 0.95654296875 0.40185546875 0.0556640625 0.0908203125
0 0.03076171875 0.38623046875 0.0615234375 0.0947265625
0 0.81103515625 0.26123046875 0.1552734375 0.3251953125
0 0.72607421875 0.4013671875 0.0615234375 0.03515625
0 0.87646484375 0.3623046875 0.1083984375 0.07421875
0 0.62451171875 0.3173828125 0.0498046875 0.048828125
0 0.5693359375 0.291015625 0.052734375 0.05859375
0 0.04736328125 0.2197265625 0.0888671875 0.1171875
0 0.58544921875 0.23388671875 0.0478515625 0.0458984375
0 0.68798828125 0.17724609375 0.0830078125 0.0869140625
0 0.59423828125 0.1474609375 0.1240234375 0.1015625
0 0.4853515625 0.138671875 0.07421875 0.0859375
0 0.03271484375 0.05908203125 0.0654296875 0.0986328125
0 0.61572265625 0.0908203125 0.0576171875 0.03125
0 0.83251953125 0.05078125 0.0947265625 0.1015625
0 0.7265625 0.04833984375 0.11328125 0.0966796875
0 0.47265625 0.0361328125 0.123046875 0.072265625
