0 0.24755859375 0.0078125 0.0478515625 0.015625
0 0.47802734375 0.041015625 0.0771484375 0.07421875
0 0.21875 0.033203125 0.05078125 0.048828125
0 0.8818359375 0.0634765625 0.1015625 0.09375
0 0.7353515625 0.0791015625 0.099609375 0.04296875
0 0.0615234375 0.10595703125 0.0546875 0.0458984375
0 0.19873046875 0.107421875 0.0380859375 0.0390625
0 0.416015625 0.12939453125 0.056640625 0.0498046875
0 0.18017578125 0.134765625 0.0146484375 0.013671875
0 0.462890625 0.1455078125 0.068359375 0.03515625
0 0.15283203125 0.16552734375 0.0205078125 0.0283203125
0 0.42919921875 0.21337890625 0.0869140625 0.0791015625
0 0.31591796875 0.5244140625 0.6318359375 0.6484375
0 0.6806640625 0.30224609375 0.08203125 0.1806640625
0 0.9775390625 0.42041015625 0.0234375 0.0439453125
0 0.9384765625 0.42578125 0.037109375 0.05078125
0 0.7119140625 0.4267578125 0.05078125 0.044921875
0 0.88623046875 0.43896484375 0.0439453125 0.0400390625
0 0.837890625 0.49658203125 0.078125 0.0478515625
0 0.77783203125 0.56201171875 0.0771484375 0.1083984375
0 0.71923828125 0.57373046875 0.0517578125 0.0595703125
0 0.07666015625 0.6953125 0.1533203125 0.15234375
0 0.15283203125 0.79833984375 0.2255859375 0.2548828125
0 0.92578125 0.73486328125 0.041015625 0.0498046875
0 0.7626953125 0.80712890625 0.18359375 0.1630859375
0 0.0712890625 0.7919921875 0.142578125 0.119140625
0 0.85205078125 0.78369140625 0.0478515625 0.0478515625
0 0.7158203125 0.77587890625 0.02734375 0.0263671875
0 0.4755859375 0.921875 0.23046875 0.150390625
0 0.0146484375 0.8935546875 0.029296875 0.091796875
0 0.8408203125 0.92822265625 0.1875 0.1435546875
0 0.30859375 0.94384765625 0.169921875 0.1123046875
0 0.6787109375 0.95703125 0.068359375 0.0859375
0 0.021484375 0.97705078125 0.04296875 0.0458984375
0 0.990234375 0.984375 0.01953125 0.03125
