0 0.953125 0.8949999999999999 0.09375 0.20999999999999996
0 0.9756250000000002 0.12125000000000008 0.04874999999999989 0.10749999999999993
0 0.8887499999999999 0.005625000000000047 0.07499999999999982 0.011250000000000093
0 0.865625 0.37 0.05875000000000004 0.030000000000000027
0 0.8006249999999999 0.86875 0.18624999999999997 0.18
0 0.741875 0.1875 0.21125 0.2124999999999999
0 0.74375 0.58125 0.14499999999999993 0.16000000000000006
0 0.79125 0.446875 0.04499999999999993 0.06374999999999993
0 0.7456250000000001 0.37000000000000005 0.12625000000000003 0.12000000000000002
0 0.723125 0.72 0.07125000000000004 0.07750000000000004
0 0.613125 0.905 0.22625000000000012 0.18999999999999986
0 0.6675 0.71875 0.04499999999999993 0.04250000000000007
0 0.5856250000000001 0.338125 0.18125 0.1687499999999999
0 0.605 0.530625 0.07249999999999997 0.09125000000000005
0 0.570625 0.125 0.028750000000000053 0.030000000000000027
0 0.500625 0.10374999999999997 0.12624999999999992 0.09250000000000014
0 0.51875 0.7381249999999999 0.08500000000000014 0.09375000000000008
0 0.43000000000000005 0.691875 0.0750000000000001 0.07874999999999996
0 0.313125 0.8787500000000001 0.24375000000000013 0.24249999999999988
0 0.353125 0.5125 0.11375000000000002 0.13249999999999992
0 0.340625 0.31625 0.13374999999999987 0.10750000000000007
0 0.29875 0.06187500000000001 0.0750000000000001 0.06125000000000003
0 0.27125 0.5193749999999999 0.03750000000000009 0.043749999999999914
0 0.25125 0.03250000000000003 0.040000000000000036 0.04749999999999999
0 0.24312499999999995 0.320625 0.03375000000000008 0.036250000000000025
0 0.21437500000000007 0.54125 0.061249999999999936 0.0625
0 0.1237500000000001 0.6693749999999999 0.17499999999999996 0.08875000000000002
0 0.19125000000000006 0.018125000000000058 0.040000000000000056 0.036250000000000115
0 0.10187499999999998 0.845 0.20374999999999996 0.31000000000000005
0 0.16312500000000002 0.09749999999999998 0.07625000000000001 0.09250000000000014
0 0.10624999999999991 0.008124999999999993 0.0525000000000001 0.016249999999999987
0 0.022500000000000075 0.61125 0.04500000000000015 0.040000000000000036
0 0.01375000000000004 0.661875 0.02750000000000008 0.07874999999999988
