0 0.7681250000000001 0.978125 0.08875000000000002 0.04375
0 0.711875 0.9331250000000001 0.13375000000000004 0.09375
0 0.6912499999999999 0.38875000000000004 0.11250000000000009 0.13249999999999998
0 0.6799999999999999 0.545625 0.10999999999999996 0.10375000000000005
0 0.6768750000000001 0.22000000000000003 0.11375000000000002 0.10999999999999999
0 0.6693749999999999 0.730625 0.12875000000000006 0.14625000000000005
0 0.6449999999999999 0.9875 0.09249999999999999 0.025
0 0.539375 0.75125 0.16625000000000006 0.20250000000000004
0 0.4831249999999999 0.8756250000000001 0.0812499999999999 0.1312499999999998
0 0.3875 0.72875 0.12750000000000003 0.11250000000000009
0 0.36437499999999995 0.9675 0.15125000000000002 0.06499999999999986
0 0.309375 0.8975 0.16374999999999992 0.1625
0 0.333125 0.6287499999999999 0.10624999999999996 0.10999999999999996
0 0.24937500000000004 0.393125 0.10375000000000001 0.07374999999999998
0 0.195625 0.8099999999999999 0.14124999999999996 0.15
0 0.20812500000000006 0.17250000000000001 0.10874999999999979 0.10500000000000001
0 0.198125 0.6924999999999999 0.08624999999999994 0.057500000000000016
0 0.15562500000000007 0.598125 0.05124999999999991 0.04124999999999997
0 0.0625 0.9087500000000001 0.125 0.18249999999999994
0 0.10312499999999995 0.8712500000000001 0.028750000000000164 0.027499999999999858
0 0.07687500000000003 0.8074999999999999 0.07125000000000004 0.07249999999999997
