0 0.024375000000000036 0.780625 0.03125 0.04375
0 0.16437499999999994 0.33874999999999994 0.10125000000000003 0.19999999999999996
0 0.225 0.9037499999999999 0.02750000000000008 0.01750000000000007
0 0.29562499999999997 0.38 0.16374999999999992 0.13999999999999999
0 0.27187500000000003 0.83625 0.07625000000000001 0.07750000000000004
0 0.3012499999999999 0.6612500000000001 0.11750000000000002 0.18500000000000005
0 0.26125 0.9087500000000001 0.030000000000000072 0.025
0 0.27125 0.8875 0.03500000000000014 0.02250000000000014
0 0.27875000000000005 0.6106250000000001 0.040000000000000036 0.036249999999999984
0 0.28250000000000003 0.51 0.032500000000000105 0.0375
0 0.3175 0.9087499999999998 0.04249999999999998 0.032500000000000105
0 0.4175 0.56375 0.16250000000000014 0.14749999999999996
0 0.4362500000000001 0.19812500000000002 0.19750000000000006 0.20625
0 0.47874999999999995 0.02125 0.032500000000000015 0.0425
0 0.5206249999999999 0.9793749999999999 0.05625000000000009 0.04124999999999997
0 0.535625 0.45499999999999996 0.04375 0.06500000000000003
0 0.566875 0.05437499999999999 0.0737499999999999 0.06625
0 0.56375 0.244375 0.04500000000000011 0.05625
0 0.588125 0.61125 0.043749999999999914 0.05999999999999996
0 0.6143750000000001 0.46687500000000004 0.09125000000000005 0.07375000000000007
0 0.7949999999999999 0.7737499999999999 0.41000000000000003 0.4525
0 0.6681250000000001 0.038125 0.12124999999999994 0.07625
0 0.6793750000000001 0.7162499999999999 0.14124999999999996 0.1375000000000001
0 0.746875 0.57625 0.14875000000000008 0.11500000000000003
0 0.7993750000000001 0.05125 0.15125000000000002 0.1025
0 0.8331250000000001 0.115625 0.061249999999999895 0.06374999999999999
0 0.8574999999999999 0.51 0.10999999999999996 0.10499999999999998
0 0.9487500000000001 0.04875 0.10250000000000004 0.0975
0 0.9231250000000001 0.16875 0.02375000000000007 0.025
0 0.9793749999999999 0.43125 0.04124999999999997 0.05999999999999996
