0 0.008125 0.43187499999999995 0.01625 0.01875
0 0.03375 0.300625 0.0375 0.05124999999999993
0 0.1325 0.35750000000000004 0.0975 0.07499999999999996
0 0.14875 0.09125000000000005 0.04749999999999999 0.03499999999999992
0 0.209375 0.22874999999999995 0.14375 0.11249999999999993
0 0.20750000000000002 0.3993749999999999 0.08499999999999999 0.08625000000000002
0 0.318125 0.13749999999999996 0.03125 0.01750000000000007
0 0.48875 0.764375 0.13250000000000012 0.06875
0 0.475 0.66625 0.0875 0.08749999999999991
0 0.5512499999999999 0.41375 0.20249999999999996 0.1700000000000001
0 0.48562500000000003 0.940625 0.028749999999999963 0.036250000000000074
0 0.578125 0.254375 0.16875 0.14625000000000002
0 0.63125 0.04625000000000001 0.205 0.09250000000000003
0 0.58625 0.66875 0.11499999999999995 0.15
0 0.5599999999999999 0.9518749999999999 0.05250000000000012 0.02375000000000007
0 0.5912499999999999 0.991875 0.02999999999999998 0.016249999999999966
0 0.6181249999999999 0.9568750000000001 0.03375000000000004 0.016249999999999966
0 0.673125 0.7825000000000001 0.10624999999999991 0.08750000000000009
0 0.7162499999999999 0.6725 0.0750000000000001 0.08499999999999996
0 0.696875 0.9550000000000001 0.036249999999999984 0.020000000000000108
0 0.7581249999999999 0.46125 0.10875000000000004 0.0875
0 0.75125 0.5762499999999999 0.06000000000000005 0.05499999999999998
0 0.8006249999999999 0.3275 0.13624999999999998 0.135
0 0.79375 0.78625 0.09249999999999999 0.09000000000000004
0 0.83125 0.020000000000000018 0.13249999999999992 0.040000000000000036
0 0.8649999999999999 0.471875 0.13499999999999995 0.16374999999999992
0 0.8487500000000001 0.5625 0.09000000000000004 0.08249999999999993
0 0.859375 0.6775 0.05625 0.13000000000000006
0 0.9225 0.14125 0.15500000000000008 0.13250000000000006
0 0.9331250000000001 0.3031249999999999 0.13375000000000004 0.22625000000000012
0 0.8956250000000001 0.720625 0.05875000000000004 0.04124999999999997
0 0.9100000000000001 0.02812500000000001 0.07249999999999997 0.05625000000000002
0 0.96125 0.8150000000000001 0.032500000000000105 0.01750000000000007
0 0.9756250000000002 0.04124999999999995 0.04874999999999989 0.0824999999999999
0 0.9800000000000001 0.395625 0.040000000000000036 0.11375000000000002
0 0.99 0.99875 0.019999999999999928 0.002499999999999858
