0 0.99875 0.7074999999999999 0.002499999999999858 0.13249999999999992
0 0.97 0.7424999999999999 0.060000000000000143 0.1174999999999999
0 0.9181250000000001 0.648125 0.12375000000000007 0.14624999999999994
0 0.869375 0.74875 0.12624999999999992 0.10749999999999993
0 0.850625 0.06125000000000008 0.11124999999999999 0.09250000000000014
0 0.8412499999999999 0.261875 0.09750000000000006 0.12875
0 0.785625 0.645625 0.19375000000000017 0.22874999999999995
0 0.8393750000000001 0.5087499999999999 0.08375000000000003 0.07750000000000004
0 0.7881250000000001 0.8231249999999999 0.1387500000000001 0.11124999999999999
0 0.7156250000000001 0.9487500000000001 0.20875000000000005 0.10250000000000004
0 0.73375 0.4675000000000001 0.14500000000000002 0.125
0 0.715625 0.14750000000000002 0.14875000000000008 0.21499999999999994
0 0.7112499999999999 0.323125 0.15250000000000002 0.12125000000000008
0 0.740625 0.013124999999999942 0.05124999999999993 0.026249999999999885
0 0.6700000000000002 0.012500000000000011 0.07499999999999991 0.025000000000000022
0 0.525 0.781875 0.18999999999999995 0.19374999999999992
0 0.56875 0.6824999999999999 0.09749999999999988 0.06750000000000016
0 0.49187499999999995 0.0006249999999999867 0.15874999999999995 0.0012499999999999734
0 0.51625 0.534375 0.09250000000000007 0.06374999999999993
0 0.39937500000000004 0.16124999999999998 0.13625000000000004 0.10250000000000001
0 0.41375 0.49124999999999996 0.10500000000000007 0.07250000000000005
0 0.368125 0.373125 0.11875000000000009 0.11124999999999999
0 0.29000000000000004 0.8724999999999999 0.24499999999999994 0.255
0 0.215625 0.023125000000000007 0.27375000000000005 0.04625000000000001
0 0.24749999999999997 0.25625 0.19250000000000012 0.1899999999999998
0 0.270625 0.395625 0.07624999999999993 0.05875000000000004
0 0.17874999999999996 0.990625 0.10499999999999998 0.01875
0 0.10812499999999999 0.48187499999999994 0.13624999999999987 0.10124999999999992
0 0.08687499999999992 0.5875 0.17374999999999985 0.16999999999999993
0 0.04249999999999998 0.785625 0.08499999999999996 0.25875000000000004
0 0.07562500000000005 0.6743750000000001 0.0012500000000001954 0.001249999999999929
0 0.01749999999999996 0.94625 0.03499999999999992 0.10500000000000007
0 0.003124999999999989 0.47437500000000005 0.006249999999999978 0.1437500000000001
