0 0.1137499999999999 0.175 0.11999999999999988 0.1125
0 0.5237499999999999 0.350625 0.1700000000000001 0.16375
0 0.8 0.304375 0.06750000000000007 0.06625
0 0.9912500000000002 0.3125 0.017499999999999894 0.06999999999999992
0 0.40124999999999994 0.313125 0.047500000000000056 0.06624999999999996
0 0.26437499999999997 0.361875 0.20125 0.13875
0 0.95 0.35625 0.08500000000000014 0.12250000000000001
0 0.07874999999999999 0.37 0.15749999999999997 0.125
0 0.6425 0.38937499999999997 0.047499999999999966 0.06375000000000006
0 0.8731249999999999 0.42125 0.09625000000000003 0.10249999999999995
0 0.38687499999999997 0.49312500000000004 0.12375000000000003 0.13625000000000007
0 0.024374999999999925 0.594375 0.04874999999999985 0.14375
0 0.8256249999999999 0.5675000000000001 0.05625 0.08250000000000002
0 0.35687499999999994 0.734375 0.23374999999999999 0.17124999999999985
0 0.566875 0.7474999999999999 0.16624999999999995 0.17250000000000004
0 0.022500000000000075 0.74125 0.04500000000000015 0.13249999999999992
0 0.9756250000000002 0.7606249999999999 0.04874999999999989 0.06375000000000001
0 0.44437499999999996 0.89 0.40625 0.21999999999999992
0 0.0025000000000000577 0.91875 0.0050000000000001155 0.09750000000000014
0 0.23937500000000006 0.9443750000000002 0.08124999999999993 0.11124999999999989
0 0.13062500000000007 0.9525 0.14124999999999985 0.09499999999999993
0 0.9625 0.9731249999999999 0.0700000000000001 0.053749999999999964
0 0.020000000000000018 0.99 0.040000000000000036 0.019999999999999928
