0 0.561875 0.996875 0.09874999999999998 0.00625
0 0.89125 0.9824999999999999 0.12749999999999986 0.03499999999999996
0 0.031875 0.9581250000000001 0.06375 0.05875000000000004
0 0.20437500000000003 0.95625 0.04875000000000003 0.05
0 0.48249999999999993 0.928125 0.07250000000000005 0.06374999999999993
0 0.18062499999999998 0.9212499999999999 0.01874999999999998 0.017499999999999894
0 0.5425000000000001 0.9075 0.0875 0.04499999999999993
0 0.145625 0.881875 0.026249999999999975 0.036250000000000074
0 0.499375 0.820625 0.11125000000000007 0.10125000000000002
0 0.379375 0.4225 0.75875 0.8300000000000001
0 0.82125 0.7068749999999999 0.10500000000000007 0.23125
0 0.8612500000000001 0.5475 0.06500000000000003 0.057500000000000016
0 0.9862500000000001 0.45812500000000006 0.027500000000000035 0.061249999999999985
0 0.945625 0.374375 0.0987499999999999 0.13874999999999993
0 0.8706250000000001 0.359375 0.06625000000000014 0.07624999999999993
0 0.073125 0.20374999999999996 0.14625 0.19500000000000006
0 0.145625 0.11749999999999998 0.28874999999999995 0.23499999999999996
0 0.9043749999999999 0.08250000000000002 0.19124999999999998 0.16500000000000004
0 0.06625 0.07999999999999996 0.1325 0.15250000000000008
0 0.8662500000000002 0.100625 0.03499999999999996 0.03375000000000006
0 0.5587500000000001 0.0050000000000000044 0.29500000000000004 0.010000000000000009
