0 0.9162500000000001 0.05999999999999994 0.16500000000000004 0.11999999999999988
0 0.9962500000000001 0.01749999999999996 0.007499999999999929 0.03499999999999992
0 0.50375 0.10562499999999997 0.3225 0.21124999999999994
0 0.26375000000000004 0.07250000000000006 0.09999999999999995 0.13250000000000017
0 0.9581250000000001 0.17937500000000006 0.08375000000000003 0.09375
0 0.843125 0.26875000000000004 0.28875 0.20999999999999996
0 0.36312500000000003 0.3475 0.3287499999999999 0.29999999999999993
0 0.9131250000000002 0.38000000000000006 0.1737499999999999 0.2225
0 0.53 0.50625 0.29 0.21750000000000008
0 0.10312499999999991 0.46875 0.10875000000000012 0.1325
0 0.795625 0.5131249999999999 0.22874999999999995 0.12374999999999999
0 0.300625 0.579375 0.1162500000000001 0.17375000000000007
0 0.07124999999999992 0.631875 0.14249999999999985 0.14875
0 0.9868750000000001 0.67125 0.02624999999999993 0.20750000000000002
0 0.31625000000000003 0.805625 0.615 0.38875000000000004
0 0.11187499999999995 0.7237500000000001 0.14124999999999988 0.17
0 0.703125 0.770625 0.20625 0.18375000000000002
0 0.878125 0.776875 0.14125000000000015 0.19625000000000004
0 0.96125 0.865625 0.07750000000000004 0.16124999999999998
0 0.603125 0.9556250000000001 0.22875000000000006 0.08874999999999993
0 0.04312499999999997 0.983125 0.08624999999999994 0.033749999999999857
