0 0.184375 0.08750000000000002 0.14125 0.17500000000000004
0 0.17375000000000002 0.9737500000000001 0.05750000000000004 0.05250000000000003
0 0.306875 0.06125000000000008 0.24125000000000005 0.12250000000000016
0 0.32625000000000004 0.305 0.20749999999999996 0.23499999999999996
0 0.3175 0.148125 0.08499999999999996 0.051249999999999685
0 0.45249999999999996 0.125 0.15999999999999992 0.17500000000000002
0 0.425625 0.771875 0.02624999999999993 0.028749999999999876
0 0.4987499999999999 0.8625 0.057500000000000016 0.057499999999999926
0 0.6231250000000002 0.46312500000000006 0.24874999999999997 0.3212500000000001
0 0.590625 0.95 0.06625000000000006 0.06500000000000003
0 0.835625 0.5650000000000001 0.32875 0.34500000000000003
0 0.7625 0.361875 0.07999999999999999 0.0812499999999999
0 0.851875 0.9125 0.18125000000000008 0.175
0 0.8150000000000001 0.4200000000000001 0.0750000000000001 0.08250000000000002
0 0.8474999999999999 0.7731250000000001 0.13000000000000006 0.11624999999999996
0 0.8512500000000001 0.0050000000000000044 0.1325 0.010000000000000009
0 0.8706250000000001 0.09750000000000003 0.09625000000000003 0.11499999999999999
0 0.898125 0.026874999999999982 0.04874999999999989 0.053749999999999964
0 0.9550000000000001 0.16437500000000005 0.09000000000000004 0.08624999999999994
0 0.9625 0.803125 0.075 0.1387500000000001
0 0.9637499999999999 0.034999999999999976 0.07249999999999997 0.06999999999999995
0 0.9800000000000001 0.93125 0.040000000000000036 0.1375
0 0.985625 0.623125 0.028750000000000143 0.19124999999999998
