0 0.16999999999999998 0.97875 0.15249999999999994 0.04250000000000007
0 0.3075 0.990625 0.06750000000000012 0.01875
0 0.535625 0.9625 0.14625000000000005 0.075
0 0.9512499999999999 0.9818749999999999 0.09749999999999996 0.036250000000000074
0 0.17374999999999996 0.8400000000000001 0.3474999999999999 0.3000000000000001
0 0.023125000000000007 0.628125 0.04625000000000001 0.13874999999999993
0 0.0762500000000001 0.640625 0.09250000000000014 0.10374999999999997
0 0.286875 0.6587500000000001 0.05624999999999991 0.05249999999999995
0 0.29125 0.5231250000000001 0.14000000000000012 0.2362499999999999
0 0.503125 0.45 0.30125 0.2075000000000001
0 0.374375 0.395625 0.15375000000000005 0.13874999999999993
0 0.1937500000000001 0.44562500000000005 0.047499999999999876 0.03125
0 0.22562500000000005 0.3725 0.061249999999999936 0.06749999999999998
0 0.354375 0.23062499999999994 0.14125000000000004 0.14625
0 0.48937500000000006 0.15437500000000004 0.17375 0.16625
0 0.7306250000000001 0.18250000000000002 0.07874999999999996 0.08499999999999999
0 0.95625 0.06562499999999999 0.0875 0.13124999999999998
0 0.2018749999999999 0.06312499999999999 0.16375000000000006 0.12624999999999997
0 0.14187499999999997 0.04562500000000008 0.28374999999999995 0.09125000000000016
0 0.39125 0.036250000000000004 0.09499999999999993 0.07250000000000001
0 0.01375000000000004 0.013124999999999942 0.02750000000000008 0.026249999999999885
0 0.9012499999999999 0.007500000000000007 0.09249999999999989 0.015000000000000013
0 0.29125 0.0025000000000000577 0.18 0.0050000000000001155
