0 0.796875 0.4725 0.18125 0.17
0 0.7025 0.2325 0.125 0.1325
0 0.5512499999999999 0.631875 0.05500000000000007 0.053749999999999964
0 0.505625 0.195625 0.07374999999999998 0.06374999999999997
0 0.4356250000000001 0.058750000000000004 0.06375000000000001 0.0475
0 0.3875 0.38062500000000005 0.1549999999999999 0.14375
0 0.39437500000000003 0.21437500000000004 0.13624999999999998 0.10125000000000002
0 0.43499999999999994 0.099375 0.04999999999999991 0.03874999999999999
0 0.41500000000000004 0.134375 0.06749999999999998 0.03874999999999999
0 0.34875 0.274375 0.022499999999999964 0.023749999999999983
0 0.32125000000000004 0.615 0.04249999999999998 0.050000000000000086
0 0.306875 0.6681250000000001 0.043749999999999914 0.04874999999999998
0 0.31375 0.30687499999999995 0.01249999999999991 0.013749999999999974
0 0.14500000000000002 0.45375 0.29000000000000004 0.29750000000000004
0 0.21812500000000004 0.363125 0.11374999999999988 0.08874999999999993
0 0.24937500000000004 0.8125 0.043749999999999956 0.04499999999999993
0 0.19562499999999994 0.9818749999999999 0.07375000000000018 0.036250000000000074
0 0.17812500000000003 0.871875 0.04125000000000012 0.03874999999999993
0 0.15999999999999998 0.16749999999999998 0.057499999999999996 0.03750000000000002
