0 0.8162500000000001 0.003125 0.1174999999999999 0.00625
0 0.721875 0.045 0.14625000000000013 0.09
0 0.8225 0.076875 0.10749999999999993 0.12625000000000003
0 0.13499999999999995 0.095625 0.09250000000000014 0.11124999999999999
0 0.335625 0.10500000000000001 0.12875 0.0975
0 0.719375 0.16062500000000002 0.22875000000000006 0.19375000000000003
0 0.5825 0.10687499999999998 0.07750000000000004 0.08374999999999998
0 0.896875 0.158125 0.11124999999999989 0.13874999999999998
0 0.985625 0.230625 0.028750000000000143 0.20875000000000005
0 0.54125 0.2125 0.125 0.14499999999999996
0 0.22124999999999995 0.230625 0.21500000000000002 0.14875
0 0.39687500000000003 0.23500000000000001 0.12124999999999994 0.15250000000000002
0 0.07874999999999993 0.205625 0.04250000000000009 0.05125000000000002
0 0.06750000000000012 0.27625 0.0625 0.075
0 0.8556250000000001 0.42124999999999996 0.19375 0.19
0 0.75625 0.3775 0.06750000000000007 0.09750000000000006
0 0.03749999999999998 0.4543749999999999 0.07499999999999996 0.15874999999999995
0 0.608125 0.43 0.06375000000000001 0.09250000000000003
0 0.23500000000000004 0.546875 0.1024999999999999 0.13625000000000007
0 0.5650000000000001 0.5325 0.07250000000000015 0.10499999999999998
0 0.446875 0.578125 0.11125000000000007 0.11875
0 0.909375 0.65625 0.18125 0.2450000000000001
0 0.05999999999999994 0.7306250000000001 0.11999999999999988 0.27375000000000005
0 0.32999999999999996 0.6987500000000001 0.19000000000000003 0.19249999999999998
0 0.0068750000000000755 0.7381249999999999 0.013750000000000151 0.2162499999999999
0 0.469375 0.6756249999999999 0.05875000000000012 0.07625000000000001
0 0.555625 0.838125 0.10125000000000002 0.13624999999999998
0 0.6612500000000001 0.8768750000000001 0.17 0.20875000000000005
0 0.859375 0.9306249999999998 0.2587499999999999 0.1387500000000001
0 0.7481250000000002 0.8706250000000001 0.0012500000000000178 0.0012500000000001065
0 0.98375 0.9556250000000001 0.03249999999999993 0.08874999999999993
0 0.548125 0.97 0.1437500000000001 0.060000000000000143
0 0.66625 0.99875 0.07250000000000005 0.002499999999999858
