0 0.09312499999999999 0.011875 0.11124999999999999 0.02375
0 0.39937500000000004 0.096875 0.06875000000000005 0.05375
0 0.35375 0.24874999999999997 0.20750000000000002 0.22249999999999998
0 0.21500000000000002 0.21187499999999998 0.10000000000000002 0.10124999999999999
0 0.174375 0.366875 0.10875000000000001 0.11624999999999996
0 0.905625 0.645 0.18874999999999992 0.3575000000000001
0 0.429375 0.529375 0.07874999999999996 0.07624999999999993
0 0.231875 0.5912499999999999 0.13875 0.15
0 0.6875 0.708125 0.24750000000000014 0.22874999999999995
0 0.113125 0.7 0.08875 0.09249999999999989
0 0.41375 0.7462500000000001 0.09000000000000004 0.10750000000000001
0 0.484375 0.7175 0.033749999999999857 0.032500000000000015
0 0.465625 0.849375 0.15875000000000003 0.16125000000000006
0 0.6837500000000001 0.8506250000000002 0.05500000000000007 0.06624999999999996
0 0.6068749999999999 0.8543749999999999 0.08375000000000013 0.06375000000000011
0 0.5793750000000001 0.9400000000000001 0.08875000000000002 0.11999999999999993
