0 0.646875 0.010625 0.16625000000000006 0.02125
0 0.5737500000000001 0.15562499999999999 0.34249999999999997 0.23625
0 0.21125 0.11749999999999998 0.13750000000000004 0.145
0 0.36687499999999995 0.21624999999999997 0.08124999999999996 0.13999999999999999
0 0.25625 0.20625 0.10250000000000004 0.0875
0 0.76875 0.30562500000000004 0.0625 0.08124999999999996
0 0.003125 0.3175 0.00625 0.07749999999999999
0 0.29375 0.36500000000000005 0.1025 0.10749999999999997
0 0.06687499999999999 0.33687500000000004 0.04624999999999999 0.043750000000000046
0 0.053125 0.399375 0.06875 0.06375000000000001
0 0.7831249999999998 0.46749999999999997 0.18874999999999992 0.2
0 0.005 0.403125 0.01 0.06374999999999993
0 0.0675 0.6287499999999999 0.135 0.3724999999999999
0 0.02 0.47624999999999995 0.034999999999999996 0.06000000000000005
0 0.003125 0.49312500000000004 0.00625 0.08875000000000002
0 0.3125 0.5106249999999999 0.14750000000000002 0.11375000000000002
0 0.11125 0.55 0.0925 0.09500000000000011
0 0.270625 0.5493750000000001 0.03375000000000004 0.05625
0 0.334375 0.599375 0.046249999999999944 0.03875000000000002
0 0.28625 0.64125 0.11999999999999997 0.10499999999999998
0 0.11812500000000001 0.678125 0.09625 0.10375000000000005
0 0.19312500000000002 0.6900000000000001 0.04624999999999999 0.04250000000000007
0 0.025625 0.709375 0.04875 0.05625
0 0.08125 0.70875 0.025 0.022499999999999964
0 0.000625 0.8768750000000001 0.00125 0.08375000000000003
0 0.009375 0.9525 0.01875 0.08249999999999993
