0 0.85875 0.996875 0.15749999999999992 0.00625
0 0.7368750000000001 0.99875 0.053750000000000055 0.002499999999999858
0 0.045625 0.9324999999999999 0.09125 0.13499999999999995
0 0.5037499999999999 0.97875 0.12749999999999995 0.04250000000000007
0 0.8412499999999999 0.8949999999999999 0.14750000000000005 0.18249999999999994
0 0.54875 0.8425 0.05250000000000003 0.06499999999999986
0 0.228125 0.795 0.061249999999999985 0.05250000000000003
0 0.49000000000000005 0.8074999999999999 0.02999999999999998 0.01749999999999998
0 0.0325 0.7474999999999999 0.065 0.10249999999999995
0 0.8262499999999999 0.74 0.047499999999999966 0.07750000000000012
0 0.5175000000000001 0.7050000000000001 0.0750000000000001 0.08249999999999993
0 0.10625 0.495625 0.20999999999999996 0.32874999999999993
0 0.9724999999999999 0.523125 0.05500000000000007 0.14875
0 0.8706250000000001 0.5025000000000001 0.1762500000000001 0.16500000000000004
0 0.651875 0.504375 0.07624999999999993 0.10625
0 0.8543749999999999 0.20625 0.22125000000000003 0.4125
0 0.028750000000000005 0.30062500000000003 0.05750000000000001 0.10624999999999996
0 0.9774999999999998 0.28312499999999996 0.04500000000000011 0.12624999999999997
0 0.226875 0.23874999999999996 0.14625 0.1250000000000001
0 0.620625 0.2200000000000001 0.09625000000000003 0.11749999999999994
0 0.016875 0.1875 0.03375 0.11000000000000013
0 0.08875 0.186875 0.03500000000000001 0.043749999999999956
0 0.2475 0.14624999999999994 0.06749999999999998 0.07000000000000017
0 0.6837500000000001 0.10312500000000009 0.04500000000000002 0.10125000000000017
0 0.73375 0.0856249999999999 0.04499999999999993 0.08374999999999988
0 0.983125 0.06187500000000001 0.033749999999999857 0.12375000000000003
0 0.005625 0.07624999999999993 0.01125 0.07499999999999996
0 0.744375 0.023749999999999993 0.02624999999999993 0.04749999999999999
