0 0.7775000000000001 0.05812499999999998 0.23499999999999988 0.11624999999999996
0 0.6293749999999999 0.03937499999999999 0.16124999999999998 0.07874999999999999
0 0.938125 0.12250000000000005 0.12375000000000007 0.12749999999999995
0 0.4425 0.07125000000000004 0.022499999999999964 0.022499999999999742
0 0.8143750000000001 0.11687499999999988 0.14625000000000005 0.10375000000000012
0 0.6268749999999998 0.21437500000000007 0.13624999999999998 0.18624999999999994
0 0.5075000000000001 0.24312500000000004 0.15999999999999998 0.20874999999999977
0 0.774375 0.24500000000000002 0.16625000000000006 0.15749999999999997
0 0.37124999999999997 0.258125 0.014999999999999902 0.016249999999999966
0 0.871875 0.35625 0.1587500000000001 0.18249999999999994
0 0.489375 0.41624999999999995 0.18625000000000003 0.1125
0 0.960625 0.43062500000000004 0.07625000000000011 0.1062500000000001
0 0.306875 0.399375 0.028750000000000053 0.026250000000000016
0 0.69375 0.45999999999999996 0.20750000000000002 0.13499999999999987
0 0.8231249999999999 0.5575 0.15375000000000005 0.1875
0 0.45437500000000003 0.571875 0.28625 0.18625000000000008
0 0.6793750000000001 0.5599999999999999 0.09625000000000003 0.09249999999999999
0 0.6325000000000001 0.671875 0.15999999999999998 0.15874999999999986
0 0.99875 0.6881250000000001 0.002499999999999858 0.06875
0 0.37374999999999997 0.706875 0.08499999999999992 0.07125000000000004
0 0.726875 0.73 0.08875000000000002 0.07249999999999997
0 0.7849999999999999 0.796875 0.1625 0.16875
0 0.88375 0.88125 0.2325 0.2375
0 0.40249999999999997 0.795 0.054999999999999896 0.05999999999999996
0 0.58875 0.9931249999999998 0.13250000000000012 0.013750000000000106
