0 0.405625 0.01875 0.06125000000000007 0.0375
0 0.1812499999999999 0.041249999999999995 0.07750000000000012 0.075
0 0.10999999999999992 0.15437499999999998 0.06999999999999995 0.07375000000000002
0 0.61 0.20375000000000001 0.15749999999999992 0.13999999999999996
0 0.766875 0.28812499999999996 0.11624999999999996 0.12125
0 0.37249999999999994 0.33437500000000003 0.16750000000000007 0.20375000000000004
0 0.615625 0.3325 0.16374999999999992 0.12999999999999998
0 0.09562500000000007 0.32375 0.053750000000000187 0.07750000000000004
0 0.600625 0.5506249999999999 0.22374999999999998 0.36874999999999997
0 0.23062499999999994 0.4625 0.053749999999999964 0.0625
0 0.953125 0.52875 0.09375 0.12750000000000003
0 0.996875 0.661875 0.00625 0.14875
0 0.027499999999999913 0.6756249999999999 0.04749999999999999 0.06875
0 0.393125 0.695 0.06375000000000001 0.08500000000000005
0 0.18 0.7268749999999999 0.07999999999999996 0.07625000000000011
0 0.366875 0.804375 0.07625000000000011 0.13375000000000004
0 0.6143750000000001 0.850625 0.20125 0.17874999999999988
0 0.878125 0.818125 0.10124999999999992 0.10875000000000012
0 0.3 0.8387499999999999 0.09249999999999989 0.10000000000000017
0 0.1981250000000001 0.83625 0.08874999999999991 0.09500000000000011
0 0.09875000000000012 0.878125 0.10749999999999993 0.09124999999999997
0 0.39437500000000003 0.898125 0.08375000000000003 0.07375000000000025
0 0.3725 0.96125 0.0750000000000001 0.07750000000000004
0 0.09875 0.9824999999999999 0.08499999999999996 0.03499999999999996
