0 0.0375 0.5706249999999999 0.075 0.19124999999999998
0 0.00625 0.8775000000000001 0.0125 0.02250000000000014
0 0.06999999999999999 0.478125 0.032499999999999994 0.046249999999999944
0 0.12437500000000001 0.909375 0.09125000000000003 0.10874999999999986
0 0.11687499999999999 0.478125 0.026250000000000016 0.026250000000000016
0 0.17375 0.051875000000000004 0.13749999999999998 0.10375000000000001
0 0.150625 0.515625 0.028750000000000008 0.03125
0 0.268125 0.920625 0.20125 0.15874999999999986
0 0.22874999999999995 0.51875 0.06999999999999998 0.057499999999999926
0 0.21375000000000002 0.71125 0.0375 0.022500000000000055
0 0.22249999999999998 0.7706249999999999 0.03500000000000001 0.036249999999999984
0 0.24874999999999997 0.45875000000000005 0.04750000000000001 0.05999999999999996
0 0.259375 0.40062499999999995 0.03125 0.028749999999999963
0 0.30062500000000003 0.06500000000000006 0.11124999999999999 0.10749999999999993
0 0.446875 0.784375 0.11625 0.2162499999999999
0 0.41 0.945 0.014999999999999947 0.017499999999999894
0 0.4262499999999999 0.976875 0.022500000000000055 0.026250000000000107
0 0.47062500000000007 0.569375 0.03875000000000002 0.03875000000000002
0 0.520625 0.951875 0.07125000000000004 0.06624999999999996
0 0.50875 0.540625 0.040000000000000036 0.03374999999999995
0 0.5337500000000001 0.799375 0.06999999999999992 0.061249999999999895
0 0.546875 0.6331249999999999 0.09125000000000014 0.046250000000000034
0 0.5675000000000001 0.996875 0.10000000000000009 0.00625
0 0.614375 0.290625 0.09375 0.04125000000000001
0 0.60875 0.21875 0.06000000000000005 0.06999999999999984
0 0.619375 0.871875 0.021249999999999946 0.04375
0 0.6868749999999999 0.13687500000000002 0.13125 0.09124999999999972
0 0.7175 0.681875 0.09749999999999996 0.07374999999999998
0 0.7181249999999999 0.858125 0.05625 0.053749999999999964
0 0.858125 0.405625 0.28374999999999995 0.51125
0 0.809375 0.829375 0.12374999999999999 0.10624999999999991
0 0.8431249999999999 0.983125 0.056250000000000175 0.033749999999999857
0 0.8743749999999999 0.865625 0.10374999999999997 0.18874999999999992
0 0.8487500000000001 0.75125 0.05 0.05500000000000007
0 0.903125 0.705 0.12374999999999989 0.125
0 0.9275 0.05687499999999995 0.14499999999999993 0.1137499999999999
