0 0.69 0.11000000000000001 0.24749999999999997 0.22000000000000003
0 0.375625 0.0675 0.18375000000000014 0.135
0 0.4356250000000001 0.12437499999999999 0.0012500000000000178 0.0012499999999999955
0 0.34375 0.24937500000000004 0.13250000000000012 0.23374999999999999
0 0.30937499999999996 0.4025 0.11375000000000002 0.05499999999999998
0 0.41187500000000005 0.40125 0.04875000000000011 0.04750000000000001
0 0.683125 0.425625 0.09625000000000003 0.04874999999999998
0 0.326875 0.534375 0.22875000000000006 0.19125000000000006
0 0.65125 0.5175 0.15250000000000002 0.10250000000000004
0 0.283125 0.566875 0.08875000000000002 0.07125000000000004
0 0.5762500000000002 0.649375 0.1374999999999999 0.18625000000000008
0 0.6806249999999999 0.6525000000000001 0.07874999999999996 0.15
0 0.415625 0.681875 0.09874999999999998 0.1437500000000001
0 0.4925 0.663125 0.05500000000000007 0.08875000000000002
0 0.2575 0.728125 0.11999999999999997 0.13875
0 0.48187499999999994 0.7481250000000002 0.07124999999999995 0.06375000000000001
0 0.20999999999999996 0.8368749999999998 0.020000000000000018 0.013750000000000106
0 0.236875 0.91875 0.19374999999999998 0.1625
0 0.515625 0.945 0.3412500000000001 0.10999999999999996
