0 0.9225 0.9287500000000002 0.15500000000000008 0.1424999999999999
0 0.62375 0.97625 0.1924999999999999 0.047499999999999966
0 0.17312500000000003 0.985625 0.16125000000000003 0.028750000000000143
0 0.499375 0.9268750000000001 0.13374999999999995 0.14625000000000005
0 0.740625 0.9912500000000002 0.05625 0.017499999999999894
0 0.06062500000000004 0.89125 0.12125000000000008 0.21000000000000005
0 0.41187499999999994 0.9412500000000001 0.05374999999999992 0.05250000000000003
0 0.35437500000000005 0.91875 0.036249999999999984 0.057499999999999926
0 0.17750000000000005 0.8918750000000001 0.04250000000000009 0.08625000000000008
0 0.8168749999999999 0.820625 0.21125000000000008 0.18874999999999992
0 0.9225 0.8818750000000002 0.075 0.061249999999999895
0 0.586875 0.8425 0.13375000000000004 0.12749999999999995
0 0.46187500000000004 0.8068750000000001 0.18125000000000008 0.17874999999999996
0 0.25937499999999997 0.834375 0.09874999999999998 0.07875000000000006
0 0.6275000000000001 0.786875 0.09500000000000001 0.10374999999999997
0 0.354375 0.734375 0.15874999999999995 0.18125
0 0.220625 0.77875 0.12125000000000008 0.09000000000000004
0 0.976875 0.7375 0.046250000000000034 0.16000000000000014
0 0.02124999999999999 0.78 0.040000000000000036 0.0375
0 0.014375000000000082 0.7425 0.028750000000000164 0.07250000000000005
0 0.26499999999999996 0.629375 0.17249999999999996 0.24875000000000008
0 0.65 0.6168750000000001 0.34000000000000014 0.2612500000000001
0 0.4675000000000001 0.6693749999999999 0.0625 0.06374999999999993
0 0.039999999999999925 0.6737500000000001 0.04500000000000015 0.03749999999999991
0 0.09000000000000002 0.5425000000000001 0.18000000000000005 0.225
0 0.865 0.61125 0.03500000000000014 0.06500000000000003
0 0.45375 0.46625000000000005 0.2725000000000001 0.29000000000000004
0 0.06125000000000008 0.35 0.12250000000000016 0.4525
0 0.9568749999999999 0.511875 0.05874999999999986 0.0862499999999999
0 0.81875 0.45124999999999993 0.175 0.2000000000000001
0 0.996875 0.49250000000000005 0.00625 0.07000000000000002
0 0.62375 0.499375 0.09500000000000001 0.053749999999999964
0 0.21624999999999997 0.46749999999999997 0.13999999999999999 0.11750000000000008
0 0.625 0.375625 0.1 0.16375000000000006
0 0.991875 0.41375 0.016249999999999966 0.057499999999999975
0 0.33187500000000003 0.380625 0.08125000000000004 0.11874999999999991
0 0.965625 0.37374999999999997 0.04124999999999997 0.04500000000000006
0 0.756875 0.34375 0.018749999999999913 0.027500000000000035
0 0.9193749999999999 0.29562499999999997 0.13125 0.11124999999999993
0 0.18125000000000002 0.21875 0.25750000000000006 0.25249999999999995
0 0.29437499999999994 0.285625 0.08625000000000002 0.11375000000000002
0 0.849375 0.30812500000000004 0.05124999999999993 0.036249999999999984
0 0.43375 0.1700000000000001 0.225 0.24999999999999986
0 0.8375 0.2525 0.07250000000000015 0.05250000000000012
0 0.71625 0.23062499999999994 0.0825000000000001 0.09625000000000017
0 0.6368750000000001 0.250625 0.06875 0.053749999999999964
0 0.64125 0.09749999999999998 0.18 0.19499999999999995
0 0.521875 0.09187500000000004 0.09375 0.1512500000000001
0 0.83625 0.08500000000000002 0.10999999999999996 0.12750000000000006
0 0.24875000000000008 0.038125000000000075 0.28249999999999986 0.07625000000000015
0 0.4525 0.022500000000000075 0.11499999999999995 0.04500000000000015
