0 0.9824999999999999 0.025 0.03499999999999996 0.05
0 0.923125 0.003125 0.07625000000000011 0.00625
0 0.34875 0.026250000000000002 0.16999999999999993 0.052500000000000005
0 0.051875000000000004 0.03875 0.10375000000000001 0.0775
0 0.98375 0.135 0.03249999999999993 0.27
0 0.7462500000000001 0.0875 0.19250000000000006 0.175
0 0.50625 0.055625 0.14500000000000002 0.11125
0 0.29562499999999997 0.08625000000000001 0.16125000000000003 0.13999999999999999
0 0.621875 0.168125 0.13375000000000004 0.21125
0 0.8631249999999999 0.12374999999999999 0.05625 0.0425
0 0.121875 0.23625 0.24375 0.21000000000000002
0 0.534375 0.18625 0.053749999999999964 0.05249999999999999
0 0.47687500000000005 0.20875 0.036249999999999984 0.057500000000000016
0 0.30000000000000004 0.23562500000000003 0.04249999999999998 0.08625000000000001
0 0.9168749999999999 0.306875 0.16624999999999995 0.18875000000000003
0 0.709375 0.285 0.13374999999999995 0.1275
0 0.584375 0.320625 0.18125 0.17874999999999996
0 0.381875 0.29312499999999997 0.09874999999999998 0.07875000000000006
0 0.75 0.340625 0.09499999999999993 0.10375000000000001
0 0.476875 0.39312500000000006 0.15875000000000003 0.18125000000000005
0 0.343125 0.34875 0.12125000000000008 0.09
0 0.14375 0.3475 0.039999999999999925 0.03750000000000005
0 0.11687499999999988 0.385 0.06874999999999998 0.07250000000000005
0 0.3875 0.49812500000000004 0.17249999999999996 0.24875000000000003
0 0.7725000000000001 0.5106249999999999 0.34 0.26125
0 0.5900000000000001 0.45812500000000006 0.0625 0.06375000000000001
0 0.1625000000000001 0.45375 0.04500000000000015 0.0375
0 0.18312499999999998 0.585 0.23875000000000002 0.225
0 0.985 0.51625 0.030000000000000072 0.06499999999999995
0 0.5762499999999999 0.66125 0.2725000000000001 0.29000000000000004
0 0.12250000000000001 0.775625 0.24500000000000002 0.44875
0 0.9268750000000001 0.67625 0.14625000000000005 0.2
0 0.7462500000000001 0.628125 0.09500000000000001 0.053750000000000145
0 0.33875 0.6599999999999999 0.1399999999999999 0.11750000000000008
0 0.7474999999999999 0.7518750000000001 0.1 0.16375
0 0.4543749999999999 0.746875 0.08125000000000009 0.11875
0 0.8793749999999999 0.7837500000000001 0.018750000000000176 0.027499999999999948
0 0.9881249999999999 0.8318749999999999 0.02375000000000007 0.11124999999999999
0 0.3037500000000001 0.89125 0.25749999999999995 0.21750000000000008
0 0.416875 0.8418750000000002 0.08624999999999994 0.11375000000000002
0 0.971875 0.819375 0.05125000000000011 0.036250000000000074
0 0.55625 0.91625 0.225 0.16750000000000007
0 0.96 0.875 0.07250000000000015 0.05249999999999986
0 0.8387499999999999 0.896875 0.0825000000000001 0.09624999999999986
0 0.759375 0.8768750000000001 0.06875 0.053750000000000145
0 0.76375 0.9662499999999999 0.17999999999999988 0.06750000000000007
0 0.6443749999999999 0.9800000000000001 0.09375 0.040000000000000036
0 0.951875 0.9893750000000001 0.09624999999999986 0.021250000000000036
