0 0.4794921875 0.04248046875 0.140625 0.0849609375
0 0.7353515625 0.0234375 0.181640625 0.046875
0 0.9013671875 0.03125 0.115234375 0.0625
0 0.98193359375 0.015625 0.0361328125 0.03125
0 0.39599609375 0.06591796875 0.1669921875 0.1201171875
0 0.7978515625 0.0830078125 0.17578125 0.107421875
0 0.95556640625 0.1279296875 0.0888671875 0.140625
0 0.63525390625 0.09521484375 0.0205078125 0.0263671875
0 0.9580078125 0.22216796875 0.083984375 0.0849609375
0 0.646484375 0.23828125 0.056640625 0.06640625
0 0.32568359375 0.27001953125 0.1533203125 0.1083984375
0 0.8369140625 0.22802734375 0.048828125 0.0244140625
0 0.50048828125 0.251953125 0.0498046875 0.05859375
0 0.576171875 0.24853515625 0.02734375 0.0302734375
0 0.72265625 0.2763671875 0.05859375 0.078125
0 0.78759765625 0.275390625 0.0595703125 0.068359375
0 0.43359375 0.279296875 0.0625 0.05859375
0 0.248046875 0.31201171875 0.033203125 0.0498046875
0 0.96240234375 0.50390625 0.0751953125 0.10546875
0 0.51025390625 0.4921875 0.0166015625 0.015625
0 0.1376953125 0.55615234375 0.123046875 0.1201171875
0 0.56201171875 0.54833984375 0.0458984375 0.0439453125
0 0.4033203125 0.6015625 0.138671875 0.138671875
0 0.04345703125 0.59814453125 0.0556640625 0.0908203125
0 0.96923828125 0.61376953125 0.0615234375 0.0947265625
0 0.18896484375 0.73876953125 0.1552734375 0.3251953125
0 0.27392578125 0.5986328125 0.0615234375 0.03515625
0 0.12353515625 0.6376953125 0.1083984375 0.07421875
0 0.37548828125 0.6826171875 0.0498046875 0.048828125
0 0.4306640625 0.708984375 0.052734375 0.05859375
0 0.95263671875 0.7802734375 0.0888671875 0.1171875
0 0.41455078125 0.76611328125 0.0478515625 0.0458984375
0 0.31201171875 0.82275390625 0.0830078125 0.0869140625
0 0.40576171875 0.8525390625 0.1240234375 0.1015625
0 0.5146484375 0.861328125 0.07421875 0.0859375
0 0.96728515625 0.94091796875 0.0654296875 0.0986328125
0 0.38427734375 0.9091796875 0.0576171875 0.03125
0 0.16748046875 0.94921875 0.0947265625 0.1015625
0 0.2734375 0.95166015625 0.11328125 0.0966796875
0 0.52734375 0.9638671875 0.123046875 0.072265625
