0 0.37687499999999996 0.9868750000000001 0.12624999999999997 0.02624999999999993
0 0.6668749999999999 0.931875 0.08125000000000009 0.06625000000000014
0 0.24625000000000002 0.8412499999999999 0.0975 0.09750000000000006
0 0.22499999999999992 0.725625 0.07000000000000017 0.05625000000000009
0 0.024374999999999925 0.6481250000000001 0.04874999999999985 0.13625000000000007
0 0.318125 0.639375 0.09624999999999995 0.09625000000000003
0 0.22625 0.671875 0.039999999999999904 0.03125
0 0.5818749999999999 0.6593749999999999 0.05124999999999993 0.04124999999999997
0 0.08937499999999998 0.6212500000000001 0.061249999999999805 0.0625
0 0.19562499999999994 0.634375 0.04375000000000018 0.03375000000000013
0 0.633125 0.47062499999999996 0.21125 0.2287500000000001
0 0.06187500000000001 0.5075 0.12375000000000003 0.1375000000000001
0 0.33 0.49312500000000004 0.16000000000000006 0.13625000000000007
0 0.4731249999999999 0.5137499999999999 0.08875000000000002 0.08249999999999984
0 0.974375 0.46125 0.05124999999999993 0.1
0 0.81875 0.41875 0.15250000000000002 0.1525
0 0.9912500000000002 0.331875 0.017499999999999894 0.07874999999999996
0 0.20625 0.275 0.2725000000000001 0.13999999999999999
0 0.03187499999999999 0.280625 0.06374999999999997 0.10624999999999996
0 0.4131250000000001 0.259375 0.09625000000000009 0.11624999999999996
0 0.558125 0.24749999999999997 0.17874999999999996 0.13000000000000012
0 0.7081250000000001 0.24500000000000002 0.11124999999999999 0.11250000000000004
0 0.5674999999999999 0.10999999999999992 0.16249999999999992 0.13249999999999995
0 0.025624999999999953 0.07000000000000006 0.05124999999999991 0.0674999999999999
0 0.763125 0.06687500000000002 0.03375000000000004 0.028750000000000053
