0 0.5293749999999999 0.014375000000000002 0.21375000000000002 0.028750000000000005
0 0.06374999999999992 0.02125 0.12749999999999984 0.0425
0 0.22312499999999996 0.003125 0.026250000000000016 0.00625
0 0.20875 0.17250000000000001 0.07250000000000004 0.08499999999999999
0 0.619375 0.21312499999999995 0.19625000000000004 0.13874999999999998
0 0.395625 0.19 0.06375000000000001 0.075
0 0.29875 0.18562499999999998 0.03500000000000005 0.03874999999999997
0 0.11125000000000007 0.22125 0.07499999999999996 0.09999999999999998
0 0.03312499999999996 0.21999999999999997 0.06624999999999992 0.08749999999999998
0 0.48125 0.225 0.07999999999999999 0.075
0 0.71875 0.26687500000000003 0.04250000000000007 0.06375000000000006
0 0.38312500000000005 0.49749999999999994 0.02124999999999999 0.019999999999999928
0 0.86 0.579375 0.15749999999999992 0.15375000000000005
0 0.31687499999999996 0.569375 0.05874999999999995 0.05625000000000009
0 0.52 0.6375 0.17750000000000005 0.17749999999999994
0 0.9724999999999999 0.633125 0.05500000000000007 0.11625000000000005
0 0.794375 0.8025 0.1987499999999999 0.395
0 0.685625 0.63375 0.07874999999999996 0.04500000000000002
0 0.878125 0.6837500000000001 0.13874999999999993 0.09500000000000001
0 0.5556249999999999 0.74125 0.06375000000000011 0.0625
0 0.485 0.775 0.06749999999999998 0.075
0 0.505625 0.8481249999999999 0.061249999999999985 0.05874999999999986
0 0.6368750000000001 0.920625 0.10624999999999991 0.11124999999999989
0 0.516875 0.946875 0.15875000000000003 0.10625
0 0.3775 0.9574999999999999 0.09500000000000001 0.08499999999999996
