0 0.71 0.16625 0.2425 0.3325
0 0.975 0.121875 0.05 0.10625
0 0.733125 0.3875 0.18625000000000008 0.19499999999999998
0 0.309375 0.46375 0.08625000000000002 0.11500000000000003
0 0.76 0.626875 0.16749999999999998 0.29875000000000007
0 0.6675000000000001 0.69625 0.13999999999999996 0.15749999999999992
0 0.534375 0.7293749999999999 0.16875 0.14125000000000004
0 0.39249999999999996 0.6950000000000001 0.039999999999999994 0.047499999999999966
0 0.396875 0.7762499999999999 0.0787500000000001 0.09249999999999999
0 0.515625 0.87375 0.15625 0.21750000000000008
0 0.003125 0.846875 0.00625 0.11625000000000014
0 0.17875 0.928125 0.12250000000000001 0.14375
0 0.323125 0.936875 0.21625 0.12624999999999992
0 0.838125 0.959375 0.18375000000000014 0.08125
