0 0.50625 0.018125 0.175 0.03625
0 0.30875 0.026250000000000002 0.0975 0.052500000000000005
0 0.011249999999999982 0.02 0.022499999999999964 0.0375
0 0.70875 0.16562500000000002 0.5549999999999999 0.26625
0 0.19374999999999995 0.20187499999999997 0.12250000000000003 0.12374999999999996
0 0.3675 0.22312500000000002 0.13000000000000003 0.13625
0 0.951875 0.289375 0.09624999999999986 0.22375000000000003
0 0.6525000000000001 0.29125 0.06750000000000007 0.02999999999999998
0 0.18937500000000007 0.34249999999999997 0.10124999999999984 0.11000000000000001
0 0.72875 0.32687499999999997 0.06499999999999995 0.04375
0 0.31437499999999996 0.38125 0.11875000000000005 0.11999999999999997
0 0.9668750000000002 0.36062500000000003 0.03125 0.028750000000000008
0 0.945625 0.496875 0.05875000000000004 0.05625
0 0.290625 0.546875 0.09375 0.11624999999999996
0 0.835625 0.515625 0.02124999999999986 0.05124999999999993
0 0.4375 0.6325 0.205 0.14750000000000005
0 0.9268750000000001 0.585 0.026249999999999753 0.030000000000000072
0 0.12312500000000004 0.589375 0.03624999999999989 0.021250000000000036
0 0.12812500000000004 0.655 0.06625000000000014 0.06999999999999992
0 0.9800000000000001 0.6425000000000001 0.0375 0.025000000000000088
0 0.24875000000000003 0.746875 0.21749999999999997 0.19375
0 0.644375 0.715625 0.05875000000000004 0.053750000000000145
0 0.95 0.7081250000000001 0.027499999999999858 0.03374999999999995
0 0.52125 0.7581249999999999 0.1750000000000001 0.0987499999999999
0 0.15999999999999998 0.7743749999999999 0.03249999999999986 0.03375000000000004
0 0.184375 0.7993749999999998 0.03874999999999993 0.03124999999999991
0 0.40687500000000004 0.825 0.07874999999999996 0.06000000000000005
0 0.1275 0.8400000000000001 0.03749999999999998 0.05999999999999979
0 0.610625 0.900625 0.2237499999999999 0.17624999999999993
0 0.27812499999999996 0.929375 0.15625 0.13625000000000026
0 0.386875 0.959375 0.016249999999999966 0.01875
0 0.275625 0.9875 0.05624999999999991 0.025
0 0.75875 0.994375 0.060000000000000143 0.01125000000000007
