0 0.256875 0.9818749999999999 0.08875000000000002 0.036250000000000074
0 0.313125 0.940625 0.13374999999999998 0.09375
0 0.33375000000000005 0.39625000000000005 0.1125 0.13249999999999992
0 0.34500000000000003 0.553125 0.11000000000000001 0.10375000000000005
0 0.348125 0.22749999999999998 0.11375000000000006 0.10999999999999999
0 0.355625 0.738125 0.12875 0.14625000000000005
0 0.38 0.9912500000000002 0.09250000000000003 0.017499999999999894
0 0.48562500000000003 0.7587499999999999 0.16624999999999995 0.20250000000000004
0 0.5418749999999999 0.883125 0.08125000000000009 0.13125
0 0.6375 0.7362500000000001 0.12750000000000003 0.1124999999999999
0 0.6606249999999999 0.9712500000000001 0.15125000000000002 0.057499999999999926
0 0.715625 0.905 0.16374999999999992 0.1624999999999998
0 0.691875 0.6362500000000001 0.10625 0.11000000000000006
0 0.775625 0.40062499999999995 0.10375000000000005 0.07374999999999998
0 0.829375 0.8175000000000001 0.14124999999999996 0.14999999999999983
0 0.8168749999999999 0.17999999999999994 0.10875000000000004 0.10500000000000018
0 0.8268749999999999 0.7 0.08624999999999998 0.057499999999999926
0 0.869375 0.605625 0.05124999999999993 0.04124999999999997
0 0.95 0.9125 0.1 0.175
0 0.921875 0.8787499999999999 0.028750000000000143 0.027499999999999858
0 0.9481249999999999 0.8150000000000001 0.07125000000000004 0.07249999999999987
