0 0.010625 0.8275 0.02125 0.18500000000000014
0 0.008125 0.43125 0.01625 0.31999999999999995
0 0.02375 0.9487500000000001 0.0475 0.10250000000000004
0 0.153125 0.8168749999999999 0.24375 0.32875
0 0.130625 0.48125 0.18624999999999997 0.10249999999999986
0 0.343125 0.7075 0.17375 0.17750000000000005
0 0.42625 0.48375 0.3075 0.22749999999999995
0 0.42000000000000004 0.20437499999999997 0.21250000000000005 0.19625000000000004
0 0.448125 0.8400000000000001 0.15125000000000005 0.11250000000000009
0 0.54875 0.6443749999999999 0.15250000000000002 0.1437500000000001
0 0.7518750000000001 0.42124999999999996 0.24375000000000008 0.14000000000000004
0 0.7268749999999999 0.585625 0.19124999999999998 0.14624999999999994
0 0.759375 0.7162499999999999 0.20125 0.2125
0 0.74875 0.9106249999999999 0.15250000000000002 0.15374999999999997
0 0.7875 0.06562499999999999 0.16750000000000007 0.13124999999999998
0 0.9043749999999999 0.75 0.19124999999999998 0.25749999999999995
0 0.9006250000000001 0.9162499999999998 0.13375000000000004 0.10999999999999996
0 0.921875 0.5337500000000001 0.15625 0.17
