0 0.7056250000000001 0.01 0.04874999999999998 0.02
0 0.5925 0.010625 0.050000000000000086 0.02125
0 0.771875 0.09937500000000002 0.04375 0.031250000000000014
0 0.32999999999999996 0.23937499999999998 0.19999999999999996 0.10124999999999999
0 0.8950000000000001 0.3 0.01750000000000007 0.02749999999999999
0 0.37124999999999997 0.37062500000000004 0.13999999999999996 0.16375
0 0.8274999999999999 0.346875 0.07750000000000004 0.07624999999999997
0 0.6525000000000001 0.37625 0.18499999999999997 0.11749999999999998
0 0.9 0.33625 0.025 0.030000000000000027
0 0.8787500000000001 0.34625 0.022499999999999964 0.03500000000000005
0 0.601875 0.35375 0.036249999999999984 0.040000000000000036
0 0.50125 0.35750000000000004 0.0375 0.032500000000000015
0 0.9 0.3925 0.03249999999999993 0.04249999999999998
0 0.555 0.4925 0.14750000000000005 0.1625
0 0.189375 0.51125 0.20625 0.19749999999999995
0 0.016875 0.55375 0.03375 0.03249999999999993
0 0.9712500000000001 0.5956250000000001 0.04250000000000007 0.05625000000000009
0 0.44625000000000004 0.610625 0.06499999999999995 0.043749999999999914
0 0.045625 0.641875 0.06625 0.07374999999999998
0 0.23562499999999997 0.6387499999999999 0.05625 0.04500000000000002
0 0.6024999999999999 0.663125 0.05999999999999996 0.04375000000000009
0 0.45812500000000006 0.689375 0.07374999999999998 0.09124999999999997
0 0.7693749999999999 0.8324999999999999 0.46125000000000005 0.33499999999999996
0 0.03375 0.743125 0.0675 0.12124999999999994
0 0.7075 0.7543749999999999 0.1375 0.14125000000000004
0 0.5675 0.821875 0.11500000000000003 0.14875
0 0.046875 0.874375 0.09375 0.15125000000000002
0 0.10687500000000001 0.9081249999999998 0.06375000000000001 0.06125000000000007
0 0.50125 0.9324999999999999 0.10499999999999998 0.11000000000000014
0 0.044375 0.9862500000000001 0.08875 0.027500000000000035
0 0.15999999999999998 0.9931249999999998 0.025 0.013750000000000106
