0 0.51318359375 0.00537109375 0.0380859375 0.0107421875
0 0.61962890625 0.0712890625 0.1201171875 0.1328125
0 0.28369140625 0.0556640625 0.1103515625 0.09375
0 0.90576171875 0.02392578125 0.0224609375 0.0302734375
0 0.9111328125 0.0654296875 0.015625 0.015625
0 0.90771484375 0.09619140625 0.0341796875 0.0263671875
0 0.9140625 0.1689453125 0.048828125 0.0859375
0 0.982421875 0.2138671875 0.03515625 0.09765625
0 0.43408203125 0.19140625 0.0146484375 0.044921875
0 0.9267578125 0.2509765625 0.0859375 0.099609375
0 0.33154296875 0.2275390625 0.0400390625 0.029296875
0 0.3759765625 0.3046875 0.05859375 0.076171875
0 0.16796875 0.3173828125 0.02734375 0.037109375
0 0.275390625 0.36474609375 0.087890625 0.1123046875
0 0.40869140625 0.36328125 0.0673828125 0.06640625
0 0.2041015625 0.44970703125 0.013671875 0.0244140625
0 0.69384765625 0.5830078125 0.0537109375 0.103515625
0 0.6171875 0.572265625 0.068359375 0.068359375
0 0.419921875 0.6318359375 0.1328125 0.158203125
0 0.83154296875 0.58056640625 0.0283203125 0.0224609375
0 0.29541015625 0.65283203125 0.1142578125 0.1318359375
0 0.115234375 0.6943359375 0.107421875 0.16015625
0 0.619140625 0.6591796875 0.1171875 0.08984375
0 0.84033203125 0.638671875 0.0185546875 0.041015625
0 0.8798828125 0.6630859375 0.029296875 0.0234375
0 0.84423828125 0.68408203125 0.0126953125 0.0263671875
0 0.7080078125 0.72705078125 0.068359375 0.0830078125
0 0.6220703125 0.7607421875 0.06640625 0.05859375
0 0.8427734375 0.74560546875 0.015625 0.0283203125
0 0.45703125 0.79345703125 0.068359375 0.0849609375
0 0.546875 0.7880859375 0.04296875 0.046875
0 0.3525390625 0.82666015625 0.10546875 0.1064453125
0 0.93115234375 0.80810546875 0.0595703125 0.0673828125
0 0.7109375 0.8212890625 0.0703125 0.072265625
0 0.0791015625 0.8505859375 0.09765625 0.103515625
0 0.46533203125 0.876953125 0.1279296875 0.10546875
0 0.5361328125 0.8642578125 0.064453125 0.0703125
0 0.96923828125 0.8466796875 0.0615234375 0.033203125
0 0.6259765625 0.87255859375 0.1015625 0.0439453125
0 0.20703125 0.9306640625 0.103515625 0.138671875
0 0.33349609375 0.93896484375 0.1767578125 0.1220703125
0 0.65966796875 0.90087890625 0.0322265625 0.0458984375
0 0.11083984375 0.912109375 0.0595703125 0.056640625
0 0.0341796875 0.9423828125 0.029296875 0.044921875
0 0.7333984375 0.9521484375 0.013671875 0.025390625
0 0.12841796875 0.97216796875 0.0654296875 0.0556640625
0 0.40576171875 0.9755859375 0.0888671875 0.048828125
0 0.88720703125 0.9833984375 0.0224609375 0.033203125
