0 0.2875 0.865 0.24249999999999994 0.27
0 0.023749999999999993 0.940625 0.04749999999999999 0.10625
0 0.264375 0.675 0.18625 0.19499999999999992
0 0.688125 0.59875 0.08624999999999998 0.11500000000000003
0 0.2375000000000001 0.43562500000000004 0.16749999999999987 0.29875000000000007
0 0.32999999999999996 0.36624999999999996 0.13999999999999999 0.15749999999999992
0 0.46312499999999995 0.333125 0.1687499999999999 0.1412500000000001
0 0.6050000000000001 0.3675 0.039999999999999945 0.047499999999999966
0 0.6006250000000001 0.28625 0.07874999999999996 0.09250000000000003
0 0.48187499999999994 0.18874999999999992 0.15624999999999992 0.2175000000000001
0 0.9956250000000001 0.215625 0.008750000000000036 0.1162500000000001
0 0.81875 0.13187499999999996 0.12249999999999997 0.14875000000000016
0 0.674375 0.09437499999999999 0.21624999999999997 0.18874999999999997
0 0.15937500000000004 0.07250000000000001 0.18374999999999986 0.14250000000000007
0 0.364375 0.014375000000000082 0.12125000000000004 0.028750000000000164
