0 0.82125 0.883125 0.35749999999999993 0.23375000000000004
0 0.971875 0.704375 0.05625 0.13874999999999993
0 0.91375 0.716875 0.09250000000000007 0.10374999999999997
0 0.703125 0.735 0.05625 0.05249999999999995
0 0.69875 0.599375 0.14000000000000004 0.23625000000000007
0 0.48687500000000006 0.5262499999999999 0.3012499999999999 0.20750000000000002
0 0.615625 0.471875 0.1537499999999999 0.13875
0 0.79625 0.521875 0.04750000000000014 0.03125
0 0.764375 0.4487500000000001 0.061249999999999985 0.06749999999999998
0 0.635625 0.306875 0.14124999999999996 0.14624999999999994
0 0.500625 0.23062499999999994 0.17375000000000007 0.16625
0 0.259375 0.25875000000000004 0.07875000000000001 0.08499999999999996
0 0.03875000000000001 0.12625000000000008 0.07750000000000001 0.16249999999999987
0 0.788125 0.1375 0.16374999999999992 0.13000000000000003
0 0.8487500000000001 0.08375000000000005 0.285 0.1675000000000001
0 0.5987500000000001 0.10687499999999994 0.09500000000000001 0.08375000000000021
0 0.98125 0.05125000000000002 0.0375 0.10250000000000004
0 0.08875000000000005 0.04562500000000008 0.09249999999999992 0.09125000000000016
0 0.6987500000000001 0.04062500000000002 0.18000000000000008 0.08125000000000004
0 0.19437499999999996 0.007500000000000007 0.06875000000000009 0.015000000000000013
