0 0.018125 0.9493749999999999 0.03625 0.1012500000000001
0 0.109375 0.6481250000000001 0.05375 0.06875
0 0.26125 0.69375 0.2225 0.20749999999999993
0 0.224375 0.8324999999999999 0.10125000000000002 0.10000000000000017
0 0.379375 0.8731249999999999 0.11625 0.10875000000000004
0 0.6575 0.118125 0.3575000000000001 0.23625
0 0.541875 0.6181249999999999 0.07624999999999993 0.07874999999999996
0 0.60375 0.815625 0.1499999999999999 0.13874999999999993
0 0.720625 0.36 0.22874999999999995 0.24750000000000005
0 0.7125 0.934375 0.09250000000000007 0.08874999999999993
0 0.75875 0.63375 0.10750000000000001 0.08999999999999994
0 0.73 0.563125 0.03249999999999993 0.03374999999999995
0 0.8618750000000001 0.5818749999999999 0.16125000000000006 0.15874999999999995
0 0.8631249999999999 0.36375 0.06625000000000014 0.054999999999999896
0 0.866875 0.440625 0.06375000000000011 0.08374999999999995
0 0.9462499999999998 0.468125 0.10750000000000011 0.08875000000000002
