0 0.9225 0.821875 0.15500000000000008 0.14124999999999996
0 0.04625 0.8324999999999999 0.05249999999999999 0.057499999999999926
0 0.9487500000000001 0.6993750000000001 0.10250000000000004 0.24125000000000013
0 0.7150000000000001 0.6799999999999999 0.23499999999999988 0.20749999999999993
0 0.871875 0.68875 0.05125000000000011 0.08499999999999996
0 0.8949999999999999 0.55375 0.17500000000000018 0.16000000000000006
0 0.248125 0.5806250000000001 0.028749999999999963 0.026250000000000016
0 0.15750000000000003 0.5075 0.057499999999999996 0.057500000000000016
0 0.556875 0.38312500000000005 0.3212500000000001 0.24875000000000008
0 0.06999999999999999 0.415625 0.06499999999999999 0.06625000000000006
0 0.45499999999999996 0.1687499999999999 0.345 0.33250000000000013
0 0.6581250000000001 0.24374999999999997 0.0812499999999999 0.07999999999999999
0 0.0975 0.15437499999999998 0.195 0.18125000000000005
0 0.6 0.1912500000000001 0.08250000000000002 0.07499999999999984
0 0.246875 0.15875 0.11624999999999999 0.12999999999999998
0 0.9225000000000001 0.13562500000000005 0.11500000000000003 0.09625000000000006
0 0.983125 0.10812499999999999 0.033749999999999857 0.04874999999999996
0 0.8556250000000001 0.04812499999999992 0.08625000000000008 0.09624999999999984
0 0.21687499999999998 0.04062500000000002 0.13874999999999998 0.08125000000000004
0 0.975 0.03937499999999999 0.05 0.07874999999999999
0 0.07875 0.023125000000000007 0.1575 0.04625000000000001
0 0.396875 0.01749999999999996 0.19124999999999998 0.03499999999999992
