0 0.23687500000000003 0.953125 0.16624999999999976 0.09375
0 0.31000000000000005 0.771875 0.34249999999999986 0.23625
0 0.6725 0.8100000000000002 0.1375 0.1450000000000001
0 0.978125 0.846875 0.04375 0.05125000000000011
0 0.978125 0.790625 0.04125000000000014 0.046249999999999944
0 0.516875 0.7112499999999999 0.08125000000000009 0.14000000000000004
0 0.6275000000000001 0.7212500000000001 0.10249999999999995 0.0875
0 0.9637499999999999 0.704375 0.06500000000000003 0.09125000000000005
0 0.11499999999999999 0.621875 0.0625 0.08125
0 0.9206249999999999 0.61 0.08625000000000008 0.07749999999999994
0 0.5900000000000001 0.5625 0.10249999999999986 0.10750000000000001
0 0.8168749999999999 0.590625 0.046250000000000034 0.04375
0 0.951875 0.558125 0.04874999999999989 0.05624999999999982
0 0.8306250000000001 0.528125 0.06875 0.06375000000000001
0 0.10062499999999996 0.45999999999999996 0.18874999999999997 0.2
0 0.9162500000000001 0.524375 0.08499999999999996 0.06374999999999993
0 0.93125 0.453125 0.05249999999999986 0.06374999999999993
0 0.874375 0.29874999999999996 0.2512499999999999 0.37249999999999994
0 0.8637499999999999 0.45125000000000004 0.03500000000000014 0.05999999999999996
0 0.906875 0.434375 0.05875000000000021 0.08874999999999993
0 0.57125 0.41687499999999994 0.14749999999999996 0.11375000000000002
0 0.7725000000000001 0.3775 0.09249999999999989 0.09500000000000001
0 0.6131249999999999 0.378125 0.03374999999999995 0.05625
0 0.5493750000000001 0.328125 0.046249999999999944 0.038750000000000104
0 0.5974999999999999 0.28625 0.11999999999999993 0.10499999999999998
0 0.765625 0.24937500000000004 0.09624999999999986 0.10375000000000001
0 0.690625 0.23750000000000004 0.046250000000000034 0.04249999999999998
0 0.858125 0.2181249999999999 0.04875000000000007 0.05625000000000011
0 0.8024999999999999 0.21875 0.02499999999999982 0.022499999999999964
0 0.92875 0.128125 0.06999999999999992 0.036250000000000004
0 0.940625 0.05062500000000003 0.11624999999999996 0.08374999999999999
0 0.9006250000000001 0.008124999999999993 0.07125000000000004 0.016249999999999987
