0 0.445 0.9793749999999999 0.0975 0.04124999999999997
0 0.579375 0.996875 0.03875000000000002 0.00625
0 0.453125 0.945625 0.023749999999999893 0.018749999999999822
0 0.20812500000000006 0.8712500000000001 0.04874999999999994 0.057499999999999926
0 0.32125 0.859375 0.04999999999999991 0.03624999999999971
0 0.14187499999999992 0.763125 0.04375000000000007 0.03125
0 0.58375 0.623125 0.2 0.1012500000000001
0 0.018750000000000044 0.5625 0.01750000000000007 0.027500000000000035
0 0.5425000000000001 0.491875 0.13999999999999996 0.16374999999999992
0 0.08625 0.515625 0.07750000000000001 0.07625000000000001
0 0.26125 0.48625000000000007 0.18500000000000005 0.11749999999999998
0 0.013749999999999929 0.5262499999999999 0.02499999999999991 0.02999999999999998
0 0.03500000000000003 0.5162500000000001 0.022499999999999964 0.03499999999999996
0 0.31187499999999996 0.50875 0.036250000000000025 0.039999999999999945
0 0.4125 0.5050000000000001 0.03749999999999996 0.032500000000000015
0 0.015000000000000013 0.4699999999999999 0.030000000000000027 0.04249999999999998
0 0.35875 0.37 0.14749999999999996 0.1625000000000001
0 0.724375 0.35124999999999995 0.20625 0.19750000000000006
0 0.9012499999999999 0.30874999999999997 0.04249999999999989 0.03249999999999997
0 0.4675000000000001 0.251875 0.06499999999999995 0.04375000000000009
0 0.8681249999999998 0.220625 0.06624999999999996 0.07374999999999984
0 0.678125 0.22374999999999998 0.05625 0.04499999999999993
0 0.31125 0.19937499999999997 0.06000000000000005 0.043749999999999956
0 0.45562500000000006 0.17312499999999992 0.07375000000000007 0.09125000000000016
0 0.1875 0.09875 0.375 0.1975
0 0.8949999999999999 0.11937500000000005 0.09750000000000014 0.12124999999999997
0 0.20625 0.10812499999999999 0.13750000000000004 0.14125
0 0.34625 0.057499999999999996 0.11500000000000013 0.11499999999999999
0 0.976875 0.0475000000000001 0.046250000000000034 0.05750000000000011
0 0.87625 0.03187499999999999 0.11249999999999982 0.06374999999999997
