0 0.00875 0.490625 0.0175 0.11375000000000002
0 0.9712500000000001 0.418125 0.057499999999999926 0.11375000000000002
0 0.9193749999999999 0.346875 0.16125000000000006 0.17875000000000013
0 0.05 0.310625 0.1 0.2312500000000001
0 0.739375 0.27999999999999997 0.26124999999999987 0.20499999999999993
0 0.11312499999999999 0.2725000000000001 0.11875 0.15000000000000005
0 0.556875 0.20812499999999998 0.14624999999999994 0.16375000000000006
0 0.20750000000000002 0.20875 0.1275 0.13749999999999993
0 0.056874999999999995 0.11625 0.11374999999999999 0.18499999999999994
0 0.176875 0.09124999999999994 0.10375000000000001 0.11500000000000021
0 0.010625 0.046875 0.02125 0.09375
0 0.000625 0.05687500000000001 0.00125 0.053749999999999964
0 0.15375 0.019374999999999976 0.11750000000000001 0.03874999999999995
0 0.26937500000000003 0.0050000000000000044 0.07374999999999998 0.010000000000000009
