0 0.54 0.398125 0.17 0.18125
0 0.3 0.49250000000000005 0.13249999999999998 0.12500000000000008
0 0.699375 0.64375 0.053749999999999964 0.05500000000000007
0 0.26312499999999994 0.6893749999999998 0.06374999999999997 0.07374999999999998
0 0.12625 0.759375 0.04750000000000001 0.06374999999999993
0 0.448125 0.8074999999999999 0.14375000000000004 0.15499999999999997
0 0.281875 0.8006249999999999 0.10125000000000002 0.13624999999999998
0 0.166875 0.76 0.03875000000000002 0.050000000000000086
0 0.20187499999999997 0.7799999999999999 0.03874999999999999 0.06749999999999998
0 0.34187500000000004 0.8462500000000001 0.023749999999999983 0.02250000000000014
0 0.6824999999999999 0.87375 0.050000000000000086 0.04249999999999989
0 0.735625 0.8881249999999999 0.04874999999999989 0.04375
0 0.374375 0.88125 0.013750000000000017 0.0125
0 0.52125 0.9525 0.2975 0.09499999999999993
0 0.43062500000000004 0.9600000000000002 0.08875000000000002 0.07999999999999989
0 0.8800000000000001 0.945625 0.04499999999999993 0.04375000000000018
0 0.9393750000000001 0.9981249999999999 0.03874999999999993 0.0037499999999999643
