0 0.045625 0.671875 0.09125 0.24375
0 0.13187500000000002 0.12999999999999995 0.05875000000000001 0.029999999999999916
0 0.196875 0.62875 0.18625 0.17999999999999988
0 0.25562500000000005 0.026874999999999982 0.21125000000000002 0.053749999999999964
0 0.25375 0.34125 0.14499999999999996 0.16000000000000006
0 0.20625 0.20687500000000006 0.04500000000000002 0.06374999999999997
0 0.25187499999999996 0.1299999999999999 0.12625 0.11999999999999988
0 0.260625 0.8775000000000001 0.12874999999999998 0.0875
0 0.274375 0.4800000000000001 0.07125000000000004 0.07749999999999994
0 0.384375 0.7100000000000001 0.22624999999999998 0.2799999999999999
0 0.32999999999999996 0.47874999999999995 0.04499999999999997 0.04249999999999998
0 0.41187499999999994 0.09812500000000002 0.18124999999999997 0.16874999999999973
0 0.3925 0.290625 0.07250000000000005 0.09125000000000005
0 0.45187499999999997 0.89875 0.10625 0.10500000000000025
0 0.4887499999999999 0.9356249999999999 0.14750000000000005 0.12874999999999998
0 0.47875000000000006 0.49812500000000004 0.08499999999999996 0.09375
0 0.5675000000000001 0.45187499999999997 0.07499999999999991 0.07874999999999996
0 0.684375 0.6912499999999999 0.24375 0.34750000000000003
0 0.6443749999999999 0.2725000000000001 0.11375000000000002 0.13249999999999998
0 0.656875 0.07625000000000004 0.13375000000000004 0.10750000000000015
0 0.7262500000000001 0.279375 0.0375 0.04375000000000009
0 0.754375 0.08062500000000006 0.03375000000000004 0.036250000000000115
0 0.7831249999999998 0.30125 0.061249999999999985 0.0625
0 0.87375 0.429375 0.1750000000000001 0.08874999999999997
0 0.896875 0.621875 0.20625 0.34375
0 0.8318749999999999 0.9956250000000001 0.07374999999999998 0.008750000000000036
0 0.9431249999999999 0.9756250000000002 0.1012500000000001 0.04874999999999989
0 0.9662499999999999 0.8887499999999999 0.06750000000000007 0.22250000000000006
0 0.97625 0.37124999999999997 0.047499999999999966 0.040000000000000036
0 0.985 0.421875 0.030000000000000072 0.07875000000000014
0 0.9912500000000002 0.8081250000000001 0.017499999999999894 0.046249999999999944
