0 0.5956250000000001 0.008125 0.06874999999999991 0.01625
0 0.64125 0.14125 0.20750000000000002 0.2225
0 0.7799999999999999 0.104375 0.09999999999999991 0.10125000000000002
0 0.820625 0.259375 0.10875000000000004 0.11624999999999996
0 0.09187500000000004 0.5375 0.18375000000000008 0.35750000000000004
0 0.565625 0.421875 0.07874999999999996 0.07625000000000007
0 0.7631249999999999 0.48375 0.13874999999999993 0.1499999999999999
0 0.3075 0.600625 0.24749999999999991 0.22874999999999995
0 0.881875 0.5925 0.08874999999999993 0.09249999999999999
0 0.58125 0.6387499999999999 0.08999999999999994 0.10750000000000001
0 0.510625 0.61 0.03375000000000004 0.03249999999999993
0 0.529375 0.741875 0.15875000000000003 0.16124999999999998
0 0.31124999999999997 0.743125 0.05500000000000007 0.06625000000000006
0 0.388125 0.746875 0.08375000000000013 0.06375000000000011
0 0.415625 0.8331250000000001 0.08875000000000002 0.12125000000000004
0 0.5981249999999999 0.9637499999999999 0.06375000000000001 0.05999999999999996
0 0.45124999999999993 0.969375 0.26250000000000007 0.06125000000000007
0 0.8099999999999999 0.9724999999999999 0.38 0.05500000000000007
0 0.015625 0.974375 0.03125 0.05124999999999993
