0 0.164375 0.325 0.32875 0.24250000000000008
0 0.11812500000000001 0.04249999999999998 0.10625 0.08499999999999996
0 0.11000000000000001 0.0006249999999999867 0.05499999999999999 0.0012499999999999734
0 0.38375 0.301875 0.195 0.18625000000000003
0 0.45999999999999996 0.725625 0.11499999999999995 0.08624999999999998
0 0.6231249999999999 0.275 0.29874999999999996 0.16750000000000012
0 0.6925000000000001 0.3675 0.15750000000000003 0.14000000000000004
0 0.7256250000000001 0.500625 0.14124999999999996 0.1687500000000001
0 0.6912499999999999 0.6425000000000001 0.047499999999999966 0.039999999999999945
0 0.7725 0.6381249999999999 0.09250000000000007 0.07875000000000006
0 0.8699999999999999 0.5193749999999999 0.21749999999999997 0.15624999999999992
0 0.9262499999999999 0.85625 0.14749999999999996 0.12250000000000005
0 0.9349999999999999 0.711875 0.13000000000000006 0.21625000000000014
0 0.9574999999999999 0.196875 0.08499999999999996 0.18374999999999983
