0 0.42312500000000003 0.96 0.04874999999999989 0.057499999999999926
0 0.5362500000000001 0.9481249999999999 0.050000000000000086 0.03625000000000025
0 0.356875 0.8518749999999999 0.04375000000000009 0.03125
0 0.7987499999999998 0.711875 0.1999999999999999 0.10125000000000002
0 0.23375000000000004 0.65125 0.01750000000000007 0.027500000000000035
0 0.7575000000000001 0.5806250000000001 0.14000000000000004 0.16374999999999992
0 0.3012499999999999 0.604375 0.07749999999999999 0.07625000000000011
0 0.47625 0.575 0.18499999999999997 0.11750000000000008
0 0.22875 0.615 0.02499999999999991 0.02999999999999998
0 0.25 0.6050000000000001 0.022499999999999964 0.03500000000000005
0 0.526875 0.5974999999999999 0.036250000000000074 0.039999999999999855
0 0.6275000000000001 0.59375 0.0375 0.03249999999999993
0 0.22875 0.5587500000000001 0.032500000000000015 0.04249999999999998
0 0.57375 0.45874999999999994 0.14749999999999996 0.1625
0 0.9181249999999999 0.44000000000000006 0.16375000000000012 0.19750000000000006
0 0.15750000000000003 0.355625 0.04249999999999987 0.05625
0 0.6825 0.340625 0.06500000000000003 0.043750000000000046
0 0.8931250000000001 0.3125 0.05625 0.04499999999999993
0 0.5262499999999999 0.288125 0.06000000000000005 0.04375000000000009
0 0.670625 0.261875 0.07374999999999998 0.09124999999999997
0 0.31750000000000006 0.143125 0.5449999999999999 0.28625
0 0.42125 0.19687499999999997 0.1375 0.14125000000000001
0 0.56125 0.12937500000000002 0.11500000000000003 0.1487499999999999
0 0.9949999999999999 0.043125000000000024 0.009999999999999964 0.06125000000000014
0 0.6275 0.03687500000000005 0.1049999999999999 0.0737500000000001
