0 0.473125 0.05500000000000001 0.01875 0.057499999999999996
0 0.341875 0.10124999999999999 0.05125000000000002 0.03749999999999999
0 0.39875000000000005 0.2 0.07500000000000004 0.09749999999999999
0 0.1325 0.21625 0.03499999999999999 0.04749999999999999
0 0.27 0.276875 0.11249999999999996 0.14375
0 0.440625 0.275 0.08625000000000002 0.08499999999999996
0 0.17875000000000002 0.385625 0.01749999999999998 0.03125
0 0.805625 0.55625 0.06875 0.1325
0 0.7074999999999999 0.5425000000000001 0.0875 0.0875
0 0.45500000000000007 0.61875 0.17 0.20249999999999996
0 0.9818749999999999 0.553125 0.036250000000000074 0.028750000000000053
0 0.29562499999999997 0.6456250000000001 0.14625 0.1687499999999999
0 0.066875 0.6987499999999999 0.13375 0.205
0 0.71 0.6537499999999999 0.15000000000000008 0.11500000000000013
0 0.990625 0.6275000000000001 0.01875 0.05250000000000012
0 0.9949999999999999 0.685625 0.009999999999999964 0.03375000000000004
0 0.8237500000000001 0.740625 0.0875 0.10625
0 0.71375 0.7837500000000001 0.08499999999999996 0.0750000000000001
0 0.9931249999999998 0.7643749999999999 0.013750000000000106 0.036249999999999984
0 0.5025000000000001 0.8256250000000002 0.0875 0.10875000000000004
0 0.6174999999999999 0.81875 0.05500000000000007 0.060000000000000143
0 0.36875 0.868125 0.13500000000000006 0.13625000000000007
0 0.8275 0.8612499999999998 0.09000000000000022 0.09250000000000007
0 0.040625 0.89875 0.08125 0.13250000000000012
0 0.5131249999999999 0.9324999999999999 0.16374999999999992 0.13499999999999995
0 0.60375 0.9162500000000001 0.08250000000000002 0.09000000000000004
0 0.71875 0.9268750000000001 0.1299999999999999 0.05624999999999982
0 0.1825 0.95625 0.13249999999999998 0.0875
0 0.344375 0.9668749999999999 0.22625 0.06624999999999996
0 0.761875 0.9631250000000001 0.04124999999999997 0.05875000000000004
0 0.059375 0.9706250000000001 0.07625000000000001 0.05875000000000004
