0 0.9423828125 0.2236328125 0.115234375 0.123046875
0 0.94140625 0.31884765625 0.107421875 0.0419921875
0 0.97607421875 0.1328125 0.0205078125 0.0390625
0 0.8828125 0.8974609375 0.197265625 0.1484375
0 0.94091796875 0.53271484375 0.0517578125 0.0576171875
0 0.92724609375 0.41015625 0.0576171875 0.076171875
0 0.92333984375 0.34912109375 0.0244140625 0.0205078125
0 0.8955078125 0.5009765625 0.078125 0.099609375
0 0.8076171875 0.2373046875 0.142578125 0.115234375
0 0.71337890625 0.97216796875 0.1787109375 0.0556640625
0 0.7666015625 0.4658203125 0.05078125 0.041015625
0 0.7294921875 0.71630859375 0.041015625 0.0478515625
0 0.7392578125 0.51171875 0.013671875 0.0234375
0 0.6923828125 0.87060546875 0.080078125 0.0537109375
0 0.68408203125 0.9296875 0.0732421875 0.044921875
0 0.6865234375 0.2490234375 0.060546875 0.037109375
0 0.6591796875 0.490234375 0.064453125 0.05859375
0 0.57958984375 0.98876953125 0.0908203125 0.0224609375
0 0.49560546875 0.8115234375 0.2568359375 0.1640625
0 0.51708984375 0.11865234375 0.1162109375 0.0751953125
0 0.5009765625 0.21435546875 0.12890625 0.1376953125
0 0.50244140625 0.38525390625 0.0830078125 0.0595703125
0 0.44970703125 0.9541015625 0.1318359375 0.091796875
0 0.2578125 0.22705078125 0.345703125 0.1728515625
0 0.37841796875 0.9462890625 0.0498046875 0.04296875
0 0.34326171875 0.896484375 0.0830078125 0.09375
0 0.32958984375 0.11328125 0.0986328125 0.0703125
0 0.3095703125 0.978515625 0.13671875 0.04296875
0 0.294921875 0.71728515625 0.09765625 0.1142578125
0 0.2802734375 0.40966796875 0.091796875 0.0751953125
0 0.2548828125 0.8994140625 0.0859375 0.0625
0 0.25439453125 0.8251953125 0.0341796875 0.02734375
0 0.22265625 0.701171875 0.0546875 0.052734375
0 0.2021484375 0.97021484375 0.083984375 0.0595703125
0 0.18896484375 0.3603515625 0.0791015625 0.03515625
0 0.17529296875 0.3212890625 0.0654296875 0.03515625
0 0.14990234375 0.09716796875 0.1103515625 0.0849609375
0 0.16796875 0.91455078125 0.05859375 0.0576171875
0 0.125 0.31298828125 0.041015625 0.0205078125
0 0.056640625 0.95703125 0.11328125 0.0859375
0 0.06005859375 0.30224609375 0.0927734375 0.0341796875
0 0.04541015625 0.07080078125 0.0517578125 0.0615234375
0 0.03271484375 0.36083984375 0.0400390625 0.0732421875
0 0.0146484375 0.642578125 0.029296875 0.037109375
