0 0.448125 0.03125 0.14625000000000005 0.0625
0 0.3475 0.05625000000000002 0.10750000000000007 0.11250000000000004
0 0.994375 0.06812499999999999 0.01125000000000007 0.11125000000000007
0 0.834375 0.07750000000000007 0.12875000000000006 0.09749999999999981
0 0.45062499999999994 0.13312500000000005 0.22875 0.19374999999999987
0 0.5875 0.07937500000000003 0.07749999999999994 0.0837500000000001
0 0.273125 0.130625 0.11124999999999993 0.13874999999999993
0 0.09937500000000005 0.20312500000000008 0.1987500000000001 0.2087499999999999
0 0.62875 0.18500000000000005 0.125 0.14500000000000002
0 0.920625 0.203125 0.15874999999999986 0.14875000000000016
0 0.7731250000000001 0.20749999999999996 0.12125000000000004 0.15249999999999997
0 0.31437499999999996 0.39375000000000004 0.19374999999999995 0.18999999999999995
0 0.41374999999999995 0.35 0.06749999999999998 0.09749999999999992
0 0.561875 0.40249999999999997 0.06374999999999993 0.09250000000000003
0 0.9349999999999999 0.5193749999999999 0.10249999999999986 0.13624999999999998
0 0.605 0.5050000000000001 0.07249999999999997 0.10499999999999998
0 0.723125 0.5506249999999999 0.11125000000000007 0.11874999999999991
0 0.20687500000000006 0.6287499999999999 0.28875000000000006 0.24499999999999994
0 0.8400000000000001 0.67125 0.1900000000000001 0.19249999999999998
0 0.7006249999999999 0.6481250000000001 0.05874999999999995 0.07625000000000011
0 0.026874999999999982 0.71 0.053749999999999964 0.09250000000000007
0 0.06312500000000004 0.74 0.1037499999999999 0.10499999999999998
0 0.614375 0.8106249999999999 0.1012500000000001 0.1362499999999999
0 0.50875 0.849375 0.17 0.20874999999999994
0 0.31062500000000004 0.9168749999999999 0.25875000000000004 0.16624999999999995
0 0.421875 0.843125 0.001249999999999929 0.001249999999999929
0 0.04749999999999999 0.93 0.09499999999999997 0.14000000000000004
0 0.14999999999999997 0.9418749999999999 0.10500000000000012 0.11624999999999996
0 0.621875 0.95625 0.14375 0.0875
0 0.50375 0.985 0.07249999999999997 0.030000000000000072
