0 0.9921875 0.24755859375 0.015625 0.0478515625
0 0.958984375 0.47802734375 0.07421875 0.0771484375
0 0.966796875 0.21875 0.048828125 0.05078125
0 0.9365234375 0.8818359375 0.09375 0.1015625
0 0.9208984375 0.7353515625 0.04296875 0.099609375
0 0.89404296875 0.0615234375 0.0458984375 0.0546875
0 0.892578125 0.19873046875 0.0390625 0.0380859375
0 0.87060546875 0.416015625 0.0498046875 0.056640625
0 0.865234375 0.18017578125 0.013671875 0.0146484375
0 0.8544921875 0.462890625 0.03515625 0.068359375
0 0.83447265625 0.15283203125 0.0283203125 0.0205078125
0 0.78662109375 0.42919921875 0.0791015625 0.0869140625
0 0.4755859375 0.31591796875 0.6484375 0.6318359375
0 0.69775390625 0.6806640625 0.1806640625 0.08203125
0 0.57958984375 0.9775390625 0.0439453125 0.0234375
0 0.57421875 0.9384765625 0.05078125 0.037109375
0 0.5732421875 0.7119140625 0.044921875 0.05078125
0 0.56103515625 0.88623046875 0.0400390625 0.0439453125
0 0.50341796875 0.837890625 0.0478515625 0.078125
0 0.43798828125 0.77783203125 0.1083984375 0.0771484375
0 0.42626953125 0.71923828125 0.0595703125 0.0517578125
0 0.3046875 0.07666015625 0.15234375 0.1533203125
0 0.20166015625 0.15283203125 0.2548828125 0.2255859375
0 0.26513671875 0.92578125 0.0498046875 0.041015625
0 0.19287109375 0.7626953125 0.1630859375 0.18359375
0 0.2080078125 0.0712890625 0.119140625 0.142578125
0 0.21630859375 0.85205078125 0.0478515625 0.0478515625
0 0.22412109375 0.7158203125 0.0263671875 0.02734375
0 0.078125 0.4755859375 0.150390625 0.23046875
0 0.1064453125 0.0146484375 0.091796875 0.029296875
0 0.07177734375 0.8408203125 0.1435546875 0.1875
0 0.05615234375 0.30859375 0.1123046875 0.169921875
0 0.04296875 0.6787109375 0.0859375 0.068359375
0 0.02294921875 0.021484375 0.0458984375 0.04296875
0 0.015625 0.990234375 0.03125 0.01953125
