0 0.9706250000000001 0.303125 0.05875000000000004 0.24375
0 0.91875 0.33875 0.125 0.125
0 0.8556250000000001 0.44812499999999994 0.09375 0.11375000000000002
0 0.93 0.503125 0.10250000000000004 0.09375
0 0.825 0.628125 0.1974999999999998 0.23125
0 0.10875000000000001 0.6587500000000001 0.21750000000000003 0.205
0 0.713125 0.66625 0.11874999999999991 0.1499999999999999
0 0.26937500000000003 0.7306250000000001 0.14625 0.16374999999999992
0 0.61875 0.73 0.1275000000000001 0.1375
0 0.9800000000000001 0.753125 0.040000000000000036 0.11125000000000007
0 0.7899999999999999 0.8225 0.1549999999999999 0.18500000000000005
0 0.6493749999999999 0.8475000000000001 0.10374999999999997 0.11500000000000003
0 0.9024999999999999 0.9225 0.19500000000000012 0.15500000000000008
0 0.8637499999999999 0.881875 0.07750000000000004 0.053749999999999784
0 0.6725 0.95 0.11749999999999998 0.1
0 0.556875 0.9643750000000001 0.07374999999999998 0.07125000000000004
