0 0.70166015625 0.0341796875 0.1435546875 0.068359375
0 0.31640625 0.064453125 0.146484375 0.119140625
0 0.560546875 0.14111328125 0.13671875 0.2041015625
0 0.6787109375 0.1171875 0.041015625 0.10546875
0 0.75927734375 0.169921875 0.0751953125 0.080078125
0 0.4052734375 0.17724609375 0.080078125 0.0712890625
0 0.71484375 0.22998046875 0.076171875 0.0517578125
0 0.94921875 0.23046875 0.021484375 0.029296875
0 0.40234375 0.34423828125 0.43359375 0.2080078125
0 0.06005859375 0.32421875 0.0595703125 0.03515625
0 0.8046875 0.37255859375 0.095703125 0.0966796875
0 0.6689453125 0.38916015625 0.1015625 0.1064453125
0 0.125 0.44091796875 0.25 0.1748046875
0 0.4462890625 0.4423828125 0.052734375 0.0234375
0 0.80810546875 0.482421875 0.0791015625 0.0859375
0 0.38671875 0.47021484375 0.05078125 0.0341796875
0 0.71044921875 0.5126953125 0.0927734375 0.09375
0 0.20068359375 0.49658203125 0.0244140625 0.0224609375
0 0.21728515625 0.60302734375 0.0458984375 0.0439453125
0 0.72900390625 0.64208984375 0.0732421875 0.0908203125
0 0.30322265625 0.61767578125 0.0166015625 0.0400390625
0 0.6142578125 0.708984375 0.16015625 0.115234375
0 0.23193359375 0.671875 0.0205078125 0.0234375
0 0.85986328125 0.67529296875 0.0283203125 0.0166015625
0 0.03271484375 0.69873046875 0.0380859375 0.0302734375
0 0.85595703125 0.7265625 0.0517578125 0.0546875
0 0.1904296875 0.716796875 0.029296875 0.01953125
0 0.76171875 0.79833984375 0.169921875 0.1513671875
0 0.45263671875 0.77392578125 0.0458984375 0.0419921875
0 0.2138671875 0.76806640625 0.021484375 0.0263671875
0 0.548828125 0.80712890625 0.13671875 0.0771484375
0 0.8310546875 0.81982421875 0.025390625 0.0263671875
0 0.81201171875 0.83935546875 0.0302734375 0.0244140625
0 0.63818359375 0.859375 0.0615234375 0.046875
0 0.8564453125 0.87109375 0.029296875 0.046875
0 0.47900390625 0.91845703125 0.1748046875 0.1376953125
0 0.73876953125 0.94091796875 0.1220703125 0.1064453125
0 0.65380859375 0.96435546875 0.0126953125 0.0146484375
0 0.74072265625 0.98681640625 0.0439453125 0.0205078125
0 0.36328125 0.99365234375 0.046875 0.0126953125
