0 0.4050000000000001 0.31687499999999996 0.17 0.1812499999999999
0 0.16499999999999998 0.41125 0.1325 0.125
0 0.5643750000000001 0.5625 0.053750000000000055 0.054999999999999896
0 0.128125 0.608125 0.06375 0.07374999999999998
0 0.0075 0.678125 0.015 0.06374999999999993
0 0.313125 0.7262500000000001 0.14375 0.1549999999999999
0 0.146875 0.719375 0.10125000000000002 0.13624999999999998
0 0.031875 0.67875 0.03874999999999999 0.04999999999999991
0 0.06687499999999999 0.6987500000000001 0.03874999999999999 0.06749999999999998
0 0.206875 0.765 0.023749999999999983 0.022499999999999964
0 0.5475 0.7925 0.05 0.04249999999999989
0 0.600625 0.806875 0.04874999999999998 0.043749999999999914
0 0.23937499999999998 0.8 0.013749999999999974 0.0125
0 0.38625000000000004 0.911875 0.29750000000000004 0.17624999999999993
0 0.29562499999999997 0.8956250000000001 0.08875000000000006 0.1137500000000001
0 0.745 0.8643750000000001 0.04499999999999993 0.04375
0 0.9774999999999998 0.936875 0.04500000000000011 0.12624999999999992
0 0.9356249999999999 0.9181249999999999 0.07874999999999996 0.0737499999999999
0 0.8043750000000001 0.9356249999999999 0.03875000000000002 0.04124999999999997
0 0.1 0.9537500000000001 0.0375 0.05750000000000011
