0 0.994375 0.81875 0.01125000000000007 0.22749999999999987
0 0.9581250000000001 0.9018750000000001 0.08375000000000003 0.19625000000000004
0 0.94375 0.643125 0.04250000000000007 0.03125
0 0.844375 0.69625 0.13124999999999992 0.05499999999999998
0 0.765625 0.8975 0.08625000000000008 0.09499999999999993
0 0.6799999999999999 0.078125 0.12750000000000003 0.09874999999999967
0 0.6956249999999999 0.15937500000000004 0.06624999999999996 0.04875000000000007
0 0.603125 0.595625 0.12375000000000007 0.0862499999999999
0 0.37750000000000006 0.24187499999999992 0.53 0.39625
0 0.5643750000000001 0.678125 0.15125000000000002 0.12624999999999992
0 0.501875 0.775625 0.09375 0.08125
0 0.5025000000000001 0.496875 0.06999999999999992 0.028749999999999963
0 0.46312499999999995 0.5606250000000002 0.10375000000000005 0.12625000000000003
0 0.386875 0.46374999999999994 0.06625 0.047500000000000056
0 0.3675 0.5325000000000001 0.07750000000000004 0.0750000000000001
0 0.35812499999999997 0.9199999999999999 0.05625 0.05
0 0.31437499999999996 0.8618750000000001 0.12375000000000003 0.05625
0 0.29374999999999996 0.968125 0.14500000000000002 0.06374999999999993
0 0.324375 0.4643750000000001 0.036250000000000025 0.06875
0 0.255625 0.5443749999999999 0.05875000000000012 0.04874999999999998
0 0.12624999999999997 0.0006249999999999867 0.25249999999999995 0.0012499999999999734
0 0.11875000000000002 0.25875 0.15749999999999997 0.1425
0 0.08124999999999999 0.525625 0.16249999999999998 0.15375000000000005
0 0.12000000000000006 0.11562499999999987 0.06500000000000006 0.07125000000000004
0 0.09937499999999994 0.740625 0.09625000000000006 0.10125000000000002
0 0.04999999999999999 0.12875000000000006 0.09999999999999998 0.20999999999999996
0 0.019374999999999976 0.25625 0.03874999999999995 0.07250000000000001
