0 0.038125000000000075 0.9243750000000001 0.07625000000000015 0.15124999999999994
0 0.04375000000000001 0.28375000000000006 0.08750000000000002 0.11499999999999999
0 0.2 0.08125 0.09999999999999998 0.15499999999999997
0 0.26499999999999996 0.21375000000000002 0.057499999999999975 0.05249999999999999
0 0.4175 0.8825 0.20750000000000007 0.23499999999999996
0 0.54375 0.9875 0.16000000000000006 0.025
0 0.5168750000000001 0.415625 0.026250000000000016 0.028749999999999963
0 0.5900000000000001 0.325 0.057499999999999926 0.057499999999999975
0 0.629375 0.045 0.08125 0.08499999999999999
0 0.7143749999999999 0.724375 0.24874999999999997 0.32125000000000004
0 0.681875 0.2375 0.06624999999999988 0.06500000000000003
0 0.78125 0.045625 0.22249999999999986 0.09125
0 0.88125 0.6224999999999999 0.2375 0.34500000000000003
0 0.85375 0.8256249999999999 0.08000000000000007 0.0812499999999999
0 0.9262499999999999 0.26437499999999997 0.14749999999999996 0.19624999999999998
0 0.90625 0.7675 0.075 0.0825000000000001
0 0.936875 0.414375 0.12624999999999992 0.11624999999999996
