0 0.03076171875 0.80712890625 0.0615234375 0.0576171875
0 0.06494140625 0.6787109375 0.1298828125 0.14453125
0 0.06298828125 0.369140625 0.1259765625 0.25
0 0.0185546875 0.07666015625 0.037109375 0.0341796875
0 0.10302734375 0.7822265625 0.0947265625 0.09765625
0 0.23291015625 0.67041015625 0.1904296875 0.2568359375
0 0.21533203125 0.408203125 0.1455078125 0.080078125
0 0.38134765625 0.5849609375 0.1357421875 0.138671875
0 0.4462890625 0.41015625 0.240234375 0.177734375
0 0.44140625 0.19189453125 0.166015625 0.1533203125
0 0.46337890625 0.6884765625 0.1181640625 0.087890625
0 0.5419921875 0.53564453125 0.119140625 0.1123046875
0 0.70068359375 0.361328125 0.1904296875 0.109375
0 0.68115234375 0.48974609375 0.1494140625 0.1142578125
0 0.70654296875 0.591796875 0.1572265625 0.166015625
0 0.6982421875 0.74365234375 0.119140625 0.1201171875
0 0.728515625 0.07470703125 0.130859375 0.1201171875
0 0.73291015625 0.8623046875 0.0966796875 0.0546875
0 0.7451171875 0.947265625 0.076171875 0.10546875
0 0.7265625 0.92041015625 0.03515625 0.0419921875
0 0.86181640625 0.6181640625 0.2333984375 0.201171875
0 0.81689453125 0.748046875 0.1044921875 0.0859375
0 0.845703125 0.44921875 0.146484375 0.1328125
0 0.92138671875 0.94775390625 0.0654296875 0.0478515625
0 0.98876953125 0.91455078125 0.0224609375 0.0283203125
0 0.9921875 0.98095703125 0.015625 0.0380859375
