0 0.005625 0.845 0.01125 0.13500000000000006
0 0.0675 0.8949999999999999 0.135 0.20999999999999996
0 0.123125 0.9443750000000002 0.16874999999999998 0.11124999999999989
0 0.18 0.728125 0.042500000000000024 0.03125
0 0.22937500000000002 0.055000000000000104 0.053749999999999964 0.03749999999999998
0 0.27937500000000004 0.78125 0.13124999999999995 0.05499999999999998
0 0.35812499999999997 0.9675 0.08625000000000002 0.06499999999999986
0 0.44375 0.16312499999999996 0.12749999999999995 0.09875000000000009
0 0.428125 0.244375 0.06624999999999996 0.04875000000000007
0 0.5206250000000001 0.680625 0.12374999999999999 0.08624999999999998
0 0.740625 0.32687499999999997 0.51875 0.3962500000000001
0 0.559375 0.763125 0.15124999999999994 0.1262500000000001
0 0.621875 0.860625 0.09375 0.08124999999999982
0 0.6212500000000001 0.5818749999999999 0.06999999999999992 0.028750000000000053
0 0.660625 0.6456250000000001 0.10374999999999997 0.12625000000000003
0 0.7368750000000001 0.54875 0.06625000000000006 0.047499999999999966
0 0.75625 0.6175 0.07749999999999994 0.0750000000000001
0 0.765625 0.99 0.05625 0.019999999999999928
0 0.809375 0.946875 0.12374999999999999 0.05625
0 0.7993750000000001 0.5493750000000001 0.036250000000000074 0.06875
0 0.8681249999999998 0.629375 0.05875000000000004 0.04875000000000007
0 0.9356249999999999 0.043125000000000024 0.12874999999999998 0.08625000000000005
0 0.963125 0.34375 0.07375000000000007 0.14250000000000007
0 0.9806250000000001 0.610625 0.03874999999999993 0.15374999999999997
0 0.985625 0.200625 0.028750000000000143 0.07124999999999995
0 0.9881249999999999 0.8256249999999999 0.02375000000000007 0.10124999999999992
