0 0.37875 0.17374999999999996 0.24250000000000008 0.3474999999999999
0 0.018125000000000058 0.09062500000000012 0.036250000000000115 0.061249999999999916
0 0.0943750000000001 0.1368749999999999 0.0887500000000001 0.10624999999999984
0 0.03312500000000007 0.12875000000000003 0.043749999999999956 0.05499999999999994
0 0.35562499999999997 0.40249999999999997 0.18625000000000003 0.19500000000000006
0 0.779375 0.47874999999999995 0.0862499999999999 0.11499999999999995
0 0.32875 0.641875 0.16749999999999998 0.29875000000000007
0 0.42124999999999996 0.7112499999999999 0.14000000000000004 0.1575000000000001
0 0.554375 0.744375 0.16875 0.14124999999999988
0 0.69625 0.7100000000000001 0.040000000000000036 0.047499999999999966
0 0.691875 0.79125 0.07874999999999996 0.09249999999999999
0 0.573125 0.8887500000000002 0.15625 0.21750000000000008
0 0.9099999999999999 0.9356249999999999 0.12249999999999979 0.12874999999999998
0 0.765625 0.9443750000000002 0.21625000000000014 0.11124999999999989
0 0.25062499999999993 0.9668749999999999 0.1837500000000002 0.06624999999999996
