0 0.45875000000000005 0.01 0.0625 0.02
0 0.6137499999999999 0.057499999999999996 0.18000000000000008 0.1025
0 0.20687500000000006 0.140625 0.14625 0.14375
0 0.16937500000000005 0.28875 0.09624999999999995 0.047499999999999966
0 0.1531249999999999 0.43125 0.07374999999999987 0.0875
0 0.18562500000000004 0.584375 0.19124999999999992 0.19125000000000006
0 0.836875 0.5775 0.15625 0.14749999999999996
0 0.97 0.525 0.04249999999999989 0.030000000000000072
0 0.951875 0.6756249999999999 0.06374999999999993 0.07625000000000001
0 0.875 0.7456250000000001 0.21999999999999992 0.19125000000000014
0 0.41 0.734375 0.2125 0.15874999999999986
0 0.19187499999999996 0.7737499999999999 0.2512500000000001 0.23499999999999996
0 0.990625 0.7324999999999999 0.01875 0.1425
0 0.8875 0.9199999999999999 0.225 0.15999999999999998
0 0.268125 0.8962499999999999 0.04375000000000009 0.040000000000000036
0 0.39499999999999996 0.934375 0.08999999999999994 0.10124999999999992
0 0.3075 0.928125 0.07499999999999996 0.08374999999999985
0 0.19500000000000006 0.9493750000000001 0.05499999999999996 0.06374999999999993
0 0.03749999999999998 0.9893750000000001 0.07499999999999996 0.021250000000000036
