0 0.3232421875 0.982421875 0.119140625 0.03515625
0 0.4306640625 0.99169921875 0.052734375 0.0166015625
0 0.60888671875 0.9697265625 0.1142578125 0.060546875
0 0.943359375 0.98486328125 0.095703125 0.0302734375
0 0.29052734375 0.873046875 0.3427734375 0.234375
0 0.06396484375 0.79736328125 0.1279296875 0.1533203125
0 0.173828125 0.70751953125 0.10546875 0.1083984375
0 0.25 0.71728515625 0.072265625 0.0810546875
0 0.41455078125 0.7314453125 0.0439453125 0.041015625
0 0.41796875 0.62548828125 0.109375 0.1845703125
0 0.0703125 0.63232421875 0.140625 0.1162109375
0 0.58349609375 0.568359375 0.2353515625 0.162109375
0 0.48291015625 0.52587890625 0.1201171875 0.1083984375
0 0.341796875 0.56494140625 0.037109375 0.0244140625
0 0.36669921875 0.5078125 0.0478515625 0.052734375
0 0.46728515625 0.39697265625 0.1103515625 0.1142578125
0 0.57275390625 0.33740234375 0.1357421875 0.1298828125
0 0.76123046875 0.359375 0.0615234375 0.06640625
0 0.95166015625 0.255859375 0.0966796875 0.126953125
0 0.34814453125 0.2646484375 0.1279296875 0.1015625
0 0.30078125 0.14404296875 0.22265625 0.2880859375
0 0.49609375 0.24072265625 0.07421875 0.0654296875
0 0.18017578125 0.19580078125 0.0634765625 0.0830078125
0 0.89453125 0.16650390625 0.072265625 0.1240234375
0 0.41796875 0.1611328125 0.140625 0.119140625
0 0.0498046875 0.138671875 0.099609375 0.15625
0 0.134765625 0.162109375 0.0625 0.052734375
0 0.81201171875 0.1513671875 0.0537109375 0.03515625
0 0.09814453125 0.07861328125 0.1845703125 0.1572265625
0 0.470703125 0.0830078125 0.091796875 0.1171875
0 0.8486328125 0.109375 0.046875 0.0390625
