0 0.313125 0.938125 0.11124999999999999 0.10124999999999992
0 0.28625 0.5399999999999999 0.5725 0.8299999999999998
0 0.635 0.8243749999999999 0.10499999999999998 0.23124999999999982
0 0.9649999999999999 0.66625 0.047499999999999966 0.06499999999999995
0 0.675 0.665 0.06500000000000003 0.057500000000000016
0 0.898125 0.649375 0.05625 0.05124999999999993
0 0.83625 0.5756249999999999 0.10000000000000009 0.061249999999999985
0 0.759375 0.491875 0.09875000000000007 0.1387500000000001
0 0.684375 0.476875 0.06625000000000006 0.07625000000000011
0 0.05187499999999999 0.18937499999999996 0.10374999999999998 0.32625000000000015
0 0.9487500000000001 0.270625 0.05250000000000003 0.06374999999999997
0 0.74 0.17812500000000003 0.23500000000000004 0.20874999999999985
0 0.8543749999999999 0.20812499999999998 0.061249999999999895 0.06125000000000003
0 0.6799999999999999 0.21812499999999999 0.03499999999999996 0.03374999999999995
0 0.3725 0.06374999999999992 0.29500000000000004 0.12749999999999984
0 0.8399999999999999 0.057499999999999996 0.24000000000000005 0.11499999999999999
0 0.15875 0.03749999999999998 0.21750000000000003 0.07499999999999996
0 0.6325000000000001 0.020625000000000004 0.0875 0.04125000000000001
