0 0.020625000000000004 0.58125 0.04125000000000001 0.09750000000000006
0 0.003124999999999989 0.715625 0.006249999999999978 0.03874999999999993
0 0.05437500000000006 0.5893750000000001 0.018749999999999822 0.02375000000000007
0 0.12874999999999998 0.344375 0.057499999999999996 0.04875000000000007
0 0.140625 0.4575 0.03624999999999967 0.05
0 0.23687499999999995 0.278125 0.03125 0.043750000000000046
0 0.37687499999999996 0.7200000000000001 0.1012500000000001 0.2000000000000001
0 0.4375 0.15499999999999997 0.027500000000000035 0.01749999999999996
0 0.5081249999999999 0.6787500000000001 0.16374999999999992 0.14000000000000004
0 0.484375 0.22250000000000006 0.07625000000000001 0.0774999999999999
0 0.5137499999999999 0.3975000000000001 0.11749999999999998 0.18499999999999997
0 0.47375000000000006 0.14999999999999997 0.02999999999999998 0.025000000000000022
0 0.48374999999999996 0.1712499999999999 0.03499999999999996 0.022499999999999964
0 0.49124999999999996 0.4481250000000001 0.039999999999999945 0.036249999999999984
0 0.49499999999999994 0.5487500000000001 0.032500000000000015 0.03749999999999991
0 0.53 0.15000000000000002 0.04249999999999998 0.03249999999999997
0 0.6300000000000001 0.495 0.1625000000000001 0.14749999999999996
0 0.64875 0.860625 0.19750000000000006 0.20624999999999982
0 0.733125 0.07874999999999993 0.05625 0.04250000000000009
0 0.7481249999999999 0.60375 0.04375000000000009 0.06500000000000003
0 0.779375 0.985625 0.0737499999999999 0.028750000000000143
0 0.77625 0.8143750000000001 0.04499999999999993 0.05625000000000009
0 0.8006249999999999 0.44749999999999995 0.043749999999999914 0.06000000000000005
0 0.826875 0.5918749999999999 0.09125000000000014 0.07375000000000007
0 0.9012499999999999 0.255625 0.19749999999999995 0.51125
0 0.8806249999999999 0.9912500000000002 0.12125000000000004 0.017499999999999894
0 0.891875 0.3425 0.14124999999999996 0.1374999999999999
0 0.9425000000000001 0.48249999999999993 0.11500000000000003 0.11499999999999995
0 0.968125 0.978125 0.06374999999999993 0.04375
