0 0.81875 0.029374999999999995 0.23500000000000004 0.05874999999999999
0 0.6706249999999999 0.010625 0.16124999999999998 0.02125
0 0.95875 0.065 0.08249999999999993 0.1275
0 0.48375 0.013750000000000002 0.022500000000000055 0.0225
0 0.8556249999999999 0.059375 0.14625000000000005 0.10375000000000001
0 0.6681250000000001 0.15687500000000001 0.13624999999999998 0.18625
0 0.5487500000000001 0.18562499999999998 0.16000000000000006 0.20875
0 0.815625 0.18749999999999997 0.16625000000000006 0.15749999999999997
0 0.4125 0.200625 0.014999999999999947 0.016249999999999987
0 0.9131250000000002 0.29874999999999996 0.15875000000000003 0.18250000000000005
0 0.530625 0.35874999999999996 0.18625000000000008 0.11249999999999996
0 0.9818749999999999 0.37312500000000004 0.036250000000000074 0.10625
0 0.348125 0.341875 0.028750000000000008 0.026250000000000016
0 0.735 0.40249999999999997 0.20749999999999993 0.13499999999999993
0 0.8643750000000001 0.5 0.15374999999999997 0.1875
0 0.495625 0.514375 0.28625 0.18624999999999997
0 0.720625 0.5025000000000001 0.09625000000000003 0.09249999999999999
0 0.6737500000000001 0.6143750000000001 0.16000000000000006 0.15874999999999995
0 0.41500000000000004 0.649375 0.085 0.07125000000000004
0 0.7681250000000001 0.6725 0.08875000000000002 0.07250000000000005
0 0.8262499999999999 0.7393750000000001 0.16249999999999992 0.16875
0 0.9043749999999999 0.8331250000000001 0.19124999999999998 0.2562500000000001
0 0.44375 0.7375 0.05500000000000007 0.05999999999999996
0 0.63 0.9643750000000001 0.13250000000000012 0.07125000000000004
