0 0.19812499999999994 0.04250000000000009 0.0487500000000002 0.057499999999999885
0 0.31125 0.05437500000000006 0.050000000000000086 0.03624999999999989
0 0.13187500000000008 0.150625 0.04375000000000018 0.03125
0 0.5737500000000001 0.290625 0.2000000000000001 0.10125000000000006
0 0.008749999999999925 0.35125 0.01749999999999985 0.02749999999999999
0 0.5325 0.4218750000000001 0.14000000000000004 0.16374999999999998
0 0.07624999999999998 0.398125 0.07750000000000001 0.07625000000000011
0 0.2512499999999999 0.42750000000000005 0.18500000000000016 0.11749999999999998
0 0.008124999999999993 0.38750000000000007 0.016249999999999987 0.02999999999999998
0 0.025000000000000133 0.39749999999999996 0.022499999999999964 0.03499999999999996
0 0.30187499999999995 0.40499999999999997 0.036249999999999984 0.039999999999999994
0 0.4025 0.40875000000000006 0.0375 0.03249999999999993
0 0.009999999999999953 0.44375 0.019999999999999907 0.04250000000000007
0 0.34875 0.54375 0.14749999999999996 0.1625
0 0.7143750000000001 0.5625 0.20625 0.19749999999999995
0 0.89125 0.605 0.04250000000000007 0.03249999999999993
0 0.4575 0.661875 0.06500000000000003 0.043749999999999914
0 0.858125 0.693125 0.06624999999999996 0.07374999999999998
0 0.6681250000000001 0.6900000000000001 0.05625 0.04500000000000002
0 0.30125 0.714375 0.06000000000000005 0.04375
0 0.445625 0.740625 0.07375000000000007 0.09125000000000005
0 0.1825 0.858125 0.365 0.28374999999999995
0 0.885 0.794375 0.09750000000000014 0.12125000000000004
0 0.19624999999999995 0.8056249999999998 0.1375000000000002 0.14124999999999996
0 0.33625000000000005 0.8731249999999999 0.11499999999999999 0.14875
0 0.96875 0.86625 0.05 0.057499999999999926
0 0.8662500000000002 0.925 0.11249999999999982 0.15
0 0.796875 0.959375 0.06374999999999993 0.06125000000000007
0 0.4025 0.9643750000000001 0.10499999999999998 0.07125000000000004
