0 0.08875 0.036875 0.08499999999999996 0.07375
0 0.40124999999999994 0.11500000000000002 0.1625000000000001 0.23000000000000004
0 0.599375 0.12562500000000001 0.19874999999999998 0.20875000000000005
0 0.07937499999999992 0.13937499999999997 0.15874999999999984 0.17625
0 0.7318749999999999 0.12125 0.03874999999999993 0.06500000000000002
0 0.7875 0.121875 0.0375 0.04874999999999998
0 0.9393750000000001 0.13125 0.04375 0.04750000000000001
0 0.290625 0.22249999999999998 0.20875 0.20249999999999999
0 0.743125 0.19 0.05874999999999995 0.049999999999999975
0 0.8925000000000001 0.205 0.05500000000000007 0.05250000000000001
0 0.8006249999999999 0.215 0.06625000000000006 0.047499999999999966
0 0.53875 0.26 0.09499999999999993 0.0625
0 0.878125 0.3675 0.053749999999999964 0.07999999999999989
0 0.29375 0.3975 0.0875 0.12000000000000002
0 0.850625 0.478125 0.07125000000000022 0.08874999999999993
0 0.714375 0.500625 0.0887500000000001 0.12375000000000007
0 0.15125000000000005 0.53625 0.12249999999999991 0.11999999999999993
0 0.07750000000000001 0.558125 0.08000000000000007 0.11125000000000007
0 0.77625 0.665 0.054999999999999896 0.10250000000000004
0 0.057499999999999996 0.7318749999999999 0.11499999999999999 0.1662499999999998
0 0.329375 0.7474999999999999 0.11375000000000002 0.15
0 0.9956250000000001 0.811875 0.008750000000000036 0.05125000000000002
0 0.34 0.8543749999999999 0.04500000000000006 0.04875000000000007
0 0.7675000000000001 0.93625 0.17 0.12749999999999986
0 0.628125 0.9487500000000001 0.05874999999999995 0.08999999999999986
0 0.3025 0.98125 0.1325 0.0375
0 0.8543749999999999 0.9881249999999999 0.09625000000000003 0.02375000000000007
0 0.591875 0.99875 0.09124999999999997 0.002499999999999858
