0 0.5756249999999999 0.02812500000000001 0.2212500000000001 0.05625000000000002
0 0.6975 0.03562500000000002 0.04499999999999993 0.053749999999999964
0 0.5 0.24125000000000005 0.2625 0.31999999999999995
0 0.694375 0.125 0.05124999999999993 0.06499999999999995
0 0.9974999999999999 0.13624999999999998 0.005000000000000071 0.06499999999999995
0 0.713125 0.41875000000000007 0.24375 0.45249999999999985
0 0.14937499999999998 0.26625 0.09124999999999994 0.09999999999999987
0 0.9574999999999999 0.364375 0.08499999999999996 0.21124999999999988
0 0.43062500000000004 0.4331250000000001 0.22374999999999998 0.22374999999999998
0 0.85 0.45499999999999996 0.1425 0.1975
0 0.10249999999999992 0.445625 0.10750000000000015 0.09875000000000003
0 0.019999999999999962 0.4425 0.025000000000000022 0.040000000000000036
0 0.9425000000000001 0.578125 0.11500000000000003 0.13874999999999993
0 0.8200000000000001 0.634375 0.10500000000000016 0.21375000000000002
0 0.6587500000000001 0.648125 0.2 0.21375000000000002
0 0.4625 0.651875 0.19499999999999998 0.20625
0 0.930625 0.72875 0.07125000000000022 0.08749999999999991
0 0.561875 0.796875 0.10375000000000005 0.10125000000000002
0 0.750625 0.8412500000000002 0.2512499999999999 0.18750000000000008
0 0.46125 0.780625 0.06999999999999992 0.06624999999999988
0 0.38187499999999996 0.921875 0.18874999999999992 0.15625
0 0.04999999999999999 0.915 0.09999999999999998 0.13000000000000006
0 0.871875 0.938125 0.20375000000000004 0.12375000000000007
0 0.585625 0.9324999999999999 0.08374999999999995 0.1125
0 0.026874999999999982 0.9962500000000001 0.053749999999999964 0.007499999999999929
