0 0.013125000000000001 0.7381249999999999 0.026250000000000002 0.08125000000000009
0 0.08375000000000002 0.3175 0.0975 0.09749999999999992
0 0.20875000000000005 0.005625000000000047 0.11250000000000004 0.011250000000000093
0 0.199375 0.29625 0.05624999999999998 0.07000000000000006
0 0.276875 0.05999999999999994 0.13624999999999998 0.11999999999999988
0 0.285625 0.389375 0.09624999999999999 0.09624999999999995
0 0.253125 0.2975 0.03125 0.040000000000000036
0 0.265625 0.653125 0.04124999999999997 0.05125000000000002
0 0.30375 0.16062500000000002 0.0625 0.061249999999999805
0 0.290625 0.266875 0.03375000000000004 0.043749999999999914
0 0.3875 0.01749999999999996 0.1525 0.03499999999999992
0 0.45437500000000003 0.7043750000000001 0.22874999999999995 0.21125000000000016
0 0.4175 0.10687500000000001 0.1375 0.1762499999999999
0 0.43187499999999995 0.40125 0.13624999999999998 0.15999999999999998
0 0.41125000000000006 0.5443749999999999 0.08250000000000002 0.08875000000000002
0 0.50625 0.89 0.15250000000000002 0.15250000000000022
0 0.65 0.27749999999999997 0.13999999999999996 0.27249999999999996
0 0.6443749999999999 0.09562500000000002 0.10624999999999991 0.07874999999999999
0 0.665625 0.484375 0.11624999999999996 0.09624999999999986
0 0.6775 0.6293749999999999 0.13000000000000006 0.17875000000000005
0 0.68 0.7793749999999999 0.1124999999999999 0.11124999999999999
0 0.8150000000000001 0.6387499999999999 0.13249999999999992 0.16249999999999992
0 0.8550000000000001 0.08812500000000006 0.06750000000000007 0.0687500000000002
0 0.858125 0.834375 0.028750000000000143 0.03375000000000004
