0 0.8399999999999999 0.01625 0.13499999999999995 0.0325
0 0.9018750000000001 0.13375 0.19625000000000004 0.1975
0 0.773125 0.12000000000000002 0.16124999999999998 0.15000000000000002
0 0.048125 0.2375 0.09625 0.24750000000000005
0 0.58625 0.1875 0.022500000000000055 0.02250000000000001
0 0.9425000000000001 0.23312499999999997 0.11500000000000003 0.10374999999999997
0 0.770625 0.330625 0.1362499999999999 0.18624999999999997
0 0.65125 0.359375 0.15999999999999998 0.20875000000000005
0 0.9175000000000001 0.36124999999999996 0.16500000000000004 0.15750000000000006
0 0.5149999999999999 0.374375 0.015000000000000036 0.016250000000000007
0 0.968125 0.4725 0.06374999999999993 0.18249999999999994
0 0.6331249999999999 0.5325 0.1862499999999999 0.1125
0 0.45062500000000005 0.515625 0.028749999999999963 0.026250000000000107
0 0.8375 0.57625 0.20749999999999993 0.13499999999999995
0 0.945 0.67375 0.10999999999999996 0.1875
0 0.5981249999999999 0.688125 0.28625 0.18625000000000008
0 0.8231249999999999 0.67625 0.09625000000000003 0.09250000000000007
0 0.77625 0.7881250000000001 0.15999999999999998 0.15875000000000003
0 0.5175000000000001 0.8231249999999999 0.08500000000000005 0.07125000000000004
0 0.8706250000000001 0.8462500000000001 0.08874999999999993 0.07249999999999979
0 0.9237500000000001 0.9131250000000002 0.15250000000000002 0.16875000000000018
0 0.9556250000000001 0.9393750000000001 0.08874999999999993 0.12125000000000004
0 0.54625 0.9112500000000001 0.05499999999999998 0.05999999999999996
