0 0.1025 0.93875 0.205 0.12250000000000014
0 0.05312499999999998 0.889375 0.10624999999999996 0.16875000000000018
0 0.266875 0.8324999999999999 0.03125 0.04249999999999989
0 0.9400000000000001 0.7831250000000001 0.0375 0.053750000000000145
0 0.21375000000000002 0.733125 0.05499999999999994 0.13125
0 0.030000000000000082 0.654375 0.060000000000000164 0.0862499999999999
0 0.8318749999999999 0.56875 0.09875000000000007 0.1275000000000001
0 0.750625 0.584375 0.04875000000000007 0.06624999999999988
0 0.31437499999999996 0.4918750000000001 0.08624999999999994 0.12374999999999999
0 0.668125 0.26625 0.39625000000000005 0.53
0 0.23187499999999997 0.453125 0.12624999999999997 0.15125000000000002
0 0.13437500000000002 0.390625 0.08125000000000004 0.09375
0 0.41312499999999996 0.39125 0.0287500000000001 0.07000000000000006
0 0.349375 0.35187500000000005 0.12625000000000003 0.10375000000000001
0 0.4462499999999999 0.275625 0.047499999999999966 0.06624999999999988
0 0.37750000000000006 0.25625 0.07499999999999987 0.07749999999999999
0 0.007500000000000007 0.246875 0.015000000000000013 0.05625
0 0.04812500000000003 0.203125 0.056250000000000244 0.12375000000000005
0 0.445625 0.21312499999999995 0.06875 0.036250000000000004
0 0.36562500000000003 0.14437499999999992 0.04874999999999998 0.05874999999999986
0 0.954375 0.070625 0.09125000000000014 0.14125
0 0.65125 0.043125000000000024 0.14250000000000007 0.08625000000000005
0 0.38437499999999997 0.025624999999999953 0.1537499999999999 0.05124999999999991
0 0.7943749999999999 0.020625000000000004 0.07124999999999986 0.04125000000000001
0 0.169375 0.018125000000000058 0.10124999999999995 0.036250000000000115
