0 0.6825 0.008125 0.09749999999999996 0.01625
0 0.690625 0.029375000000000002 0.02375000000000007 0.01875
0 0.445625 0.10375000000000001 0.04874999999999989 0.057500000000000016
0 0.5587500000000001 0.115625 0.05 0.036250000000000004
0 0.379375 0.21187499999999998 0.04375 0.03124999999999998
0 0.82125 0.35187500000000005 0.2000000000000001 0.10125000000000002
0 0.25625000000000003 0.4125 0.01749999999999998 0.027500000000000035
0 0.78 0.48312499999999997 0.14000000000000004 0.16374999999999992
0 0.3237500000000001 0.459375 0.07749999999999999 0.07624999999999993
0 0.49874999999999997 0.4887499999999999 0.18499999999999997 0.11749999999999998
0 0.25125000000000003 0.4487500000000001 0.025 0.02999999999999998
0 0.27249999999999996 0.45875000000000005 0.022499999999999964 0.03500000000000005
0 0.5493750000000001 0.46624999999999994 0.036249999999999984 0.040000000000000036
0 0.65 0.4699999999999999 0.0375 0.032500000000000015
0 0.25125 0.5050000000000001 0.032500000000000015 0.04249999999999998
0 0.5962500000000001 0.6050000000000001 0.14749999999999988 0.1625
0 0.929375 0.62375 0.14124999999999996 0.19750000000000006
0 0.17999999999999994 0.7081250000000001 0.04250000000000018 0.05624999999999991
0 0.705 0.723125 0.06500000000000003 0.04375
0 0.915625 0.75125 0.05625 0.04500000000000011
0 0.54875 0.775625 0.05999999999999996 0.043749999999999914
0 0.693125 0.8018750000000001 0.07374999999999998 0.09124999999999997
0 0.34 0.8887499999999999 0.5449999999999999 0.22250000000000006
0 0.44375 0.866875 0.1375 0.14124999999999996
0 0.58375 0.93 0.11499999999999995 0.14000000000000004
0 0.65 0.9949999999999999 0.10500000000000007 0.009999999999999964
