0 0.21000000000000002 0.9731249999999999 0.18 0.053749999999999964
0 0.8912500000000001 0.9375 0.21250000000000008 0.125
0 0.49749999999999994 0.9550000000000001 0.16000000000000006 0.09000000000000004
0 0.70875 0.960625 0.11999999999999993 0.07874999999999996
0 0.0025 0.9556250000000001 0.005 0.08874999999999993
0 0.35875 0.961875 0.07749999999999999 0.07125000000000022
0 0.134375 0.851875 0.26875 0.22625
0 0.36 0.90625 0.04249999999999998 0.04499999999999993
0 0.740625 0.8243750000000001 0.16875 0.18125
0 0.548125 0.84375 0.09125000000000005 0.07250000000000015
0 0.95375 0.809375 0.030000000000000072 0.028750000000000053
0 0.9643750000000001 0.7393750000000001 0.07125000000000004 0.12625000000000003
0 0.340625 0.7575000000000001 0.09375 0.08499999999999996
0 0.38687499999999997 0.66875 0.07875000000000006 0.075
0 0.160625 0.5518750000000001 0.32125 0.24375
0 0.5662499999999999 0.5918749999999999 0.13249999999999992 0.11374999999999993
0 0.7625 0.579375 0.10749999999999993 0.13375000000000004
0 0.9931249999999998 0.5375 0.013750000000000106 0.075
0 0.559375 0.51 0.04375 0.0375
0 0.758125 0.48187499999999994 0.036249999999999984 0.03375000000000013
0 0.5375 0.453125 0.0625 0.06125000000000007
0 0.409375 0.3625 0.08874999999999997 0.175
0 0.21687499999999998 0.28937500000000005 0.34375 0.3062499999999999
0 0.9675 0.401875 0.06499999999999986 0.07624999999999993
0 0.030625000000000003 0.15187499999999998 0.061250000000000006 0.30374999999999996
0 0.46749999999999997 0.25999999999999995 0.040000000000000036 0.047499999999999966
0 0.416875 0.20250000000000004 0.07875000000000001 0.1274999999999998
0 0.030624999999999996 0.21250000000000005 0.04625 0.08250000000000005
0 0.366875 0.10999999999999992 0.06625 0.06999999999999995
0 0.35375 0.021250000000000047 0.07250000000000005 0.04250000000000009
