0 0.8931250000000001 0.9550000000000001 0.21375000000000002 0.09000000000000004
0 0.11749999999999998 0.9774999999999998 0.10750000000000004 0.04500000000000011
0 0.0037499999999999756 0.8925000000000001 0.007499999999999951 0.07499999999999982
0 0.36624999999999996 0.869375 0.030000000000000072 0.05874999999999986
0 0.8649999999999999 0.804375 0.17999999999999988 0.18625000000000008
0 0.18375000000000002 0.7456250000000001 0.2125 0.21125000000000008
0 0.5775 0.7475 0.15999999999999986 0.1450000000000001
0 0.44312500000000005 0.795 0.06375000000000001 0.04500000000000011
0 0.36625 0.749375 0.12000000000000002 0.12624999999999992
0 0.7162499999999999 0.7268749999999999 0.07749999999999994 0.07125000000000004
0 0.903125 0.616875 0.19375 0.22625
0 0.7150000000000001 0.6712499999999999 0.04250000000000007 0.04500000000000011
0 0.334375 0.589375 0.16875 0.18124999999999983
0 0.526875 0.60875 0.09124999999999997 0.07250000000000005
0 0.12125000000000004 0.5743750000000001 0.030000000000000138 0.028750000000000053
0 0.09999999999999998 0.504375 0.09250000000000003 0.12624999999999992
0 0.734375 0.5225 0.09375 0.08500000000000005
0 0.688125 0.43374999999999997 0.07875000000000014 0.07499999999999996
0 0.8768750000000001 0.3168749999999999 0.24624999999999994 0.24375
0 0.50875 0.35687499999999994 0.1325 0.11374999999999988
0 0.3125 0.344375 0.10749999999999993 0.13375000000000004
0 0.05812499999999998 0.3025 0.061249999999999805 0.07499999999999991
0 0.515625 0.275 0.04375 0.03749999999999996
0 0.028750000000000053 0.255 0.047499999999999876 0.040000000000000036
0 0.31687499999999996 0.246875 0.036249999999999984 0.03375000000000004
0 0.5375 0.21812500000000004 0.0625 0.06125000000000003
0 0.665625 0.1275 0.08874999999999993 0.1749999999999999
0 0.016249999999999987 0.195 0.03249999999999997 0.039999999999999904
0 0.843125 0.10375000000000001 0.3137499999999999 0.20750000000000002
0 0.09375 0.16687499999999994 0.09250000000000003 0.07625000000000007
0 0.006249999999999978 0.11000000000000006 0.012499999999999956 0.0525000000000001
0 0.6074999999999999 0.02499999999999991 0.039999999999999945 0.047499999999999876
0 0.658125 0.015625 0.07874999999999996 0.03125
