0 0.72119140625 0.951171875 0.1904296875 0.09765625
0 0.103515625 0.96875 0.083984375 0.0625
0 0.0087890625 0.888671875 0.017578125 0.05859375
0 0.2978515625 0.87060546875 0.0234375 0.0458984375
0 0.6875 0.81982421875 0.140625 0.1455078125
0 0.1552734375 0.77392578125 0.166015625 0.1650390625
0 0.462890625 0.775390625 0.125 0.11328125
0 0.35791015625 0.8125 0.0498046875 0.03515625
0 0.2978515625 0.77685546875 0.09375 0.0986328125
0 0.8818359375 0.77001953125 0.068359375 0.1005859375
0 0.5712890625 0.75927734375 0.060546875 0.0556640625
0 0.7509765625 0.67333984375 0.21875 0.1767578125
0 0.5703125 0.7158203125 0.033203125 0.03515625
0 0.27294921875 0.65185546875 0.1318359375 0.1416015625
0 0.42333984375 0.6669921875 0.0712890625 0.056640625
0 0.8984375 0.62060546875 0.08203125 0.0830078125
0 0.1064453125 0.64013671875 0.0234375 0.0224609375
0 0.9384765625 0.591796875 0.123046875 0.115234375
0 0.08984375 0.58544921875 0.072265625 0.0986328125
0 0.58544921875 0.599609375 0.0732421875 0.06640625
0 0.54931640625 0.5302734375 0.0615234375 0.05859375
0 0.736328125 0.43896484375 0.271484375 0.1904296875
0 0.4091796875 0.47021484375 0.103515625 0.0888671875
0 0.255859375 0.46044921875 0.083984375 0.1044921875
0 0.05712890625 0.427734375 0.0478515625 0.05859375
0 0.41455078125 0.40625 0.0341796875 0.029296875
0 0.0341796875 0.390625 0.037109375 0.03125
0 0.25927734375 0.38427734375 0.0283203125 0.0263671875
0 0.431640625 0.36181640625 0.048828125 0.0478515625
0 0.53173828125 0.291015625 0.0693359375 0.13671875
0 0.021484375 0.34375 0.03125 0.03125
0 0.68212890625 0.23388671875 0.2685546875 0.2392578125
0 0.9853515625 0.32373046875 0.029296875 0.0576171875
0 0.0849609375 0.32177734375 0.072265625 0.0595703125
0 0.0107421875 0.27734375 0.021484375 0.041015625
0 0.9697265625 0.23681640625 0.060546875 0.0791015625
0 0.90185546875 0.12255859375 0.1962890625 0.2451171875
0 0.486328125 0.2109375 0.03125 0.037109375
0 0.52587890625 0.166015625 0.0615234375 0.099609375
0 0.82763671875 0.173828125 0.0361328125 0.064453125
0 0.56494140625 0.09375 0.0517578125 0.0546875
0 0.5751953125 0.0205078125 0.056640625 0.041015625
