0 0.088125 0.045625 0.17625 0.09125
0 0.9262499999999999 0.07625 0.14749999999999996 0.1525
0 0.010625 0.181875 0.02125 0.22875000000000006
0 0.63375 0.11374999999999999 0.05250000000000003 0.06499999999999999
0 0.313125 0.16125 0.06125000000000003 0.05249999999999999
0 0.575 0.14875 0.029999999999999895 0.01749999999999998
0 0.115625 0.20875 0.06875 0.10250000000000001
0 0.04 0.21937499999999996 0.057499999999999996 0.09374999999999997
0 0.9112500000000001 0.21624999999999997 0.04750000000000014 0.07749999999999999
0 0.6025 0.25125000000000003 0.0750000000000001 0.08249999999999998
0 0.19125 0.460625 0.21000000000000005 0.32875
0 0.9337500000000001 0.45375 0.13249999999999992 0.16499999999999995
0 0.7368750000000001 0.45187499999999997 0.07625000000000001 0.10625
0 0.03375 0.5193749999999999 0.0675 0.16875
0 0.914375 0.7649999999999999 0.17125000000000004 0.4424999999999999
0 0.023125 0.610625 0.04625 0.06375000000000001
0 0.08249999999999999 0.655625 0.11999999999999997 0.10625
0 0.0025 0.69875 0.005 0.175
0 0.311875 0.7175 0.14625000000000005 0.125
0 0.7056250000000001 0.7362500000000001 0.09625000000000013 0.11749999999999998
0 0.07875 0.76875 0.08 0.11000000000000006
0 0.17375000000000002 0.7693749999999999 0.03500000000000001 0.043749999999999914
0 0.3325 0.8099999999999999 0.06749999999999998 0.06999999999999992
0 0.013125000000000001 0.83625 0.026250000000000002 0.10750000000000011
0 0.76875 0.853125 0.04500000000000002 0.1012500000000001
0 0.81875 0.8706250000000001 0.04500000000000011 0.08375000000000003
0 0.059375 0.8800000000000001 0.07375000000000001 0.075
0 0.829375 0.9349999999999999 0.026250000000000107 0.05250000000000021
0 0.03 0.975 0.06 0.05
0 0.843125 0.9793749999999999 0.04375 0.04124999999999997
