0 0.976875 0.0075 0.046250000000000034 0.015
0 0.774375 0.019375 0.07125000000000012 0.03875
0 0.931875 0.110625 0.13625000000000007 0.14875
0 0.36875 0.08937500000000001 0.039999999999999994 0.053750000000000006
0 0.00125 0.113125 0.0025 0.06624999999999999
0 0.779375 0.1125 0.14625000000000005 0.06499999999999999
0 0.61875 0.186875 0.24250000000000008 0.18125000000000005
0 0.053125 0.14875 0.05125 0.05249999999999999
0 0.9199999999999999 0.20437500000000003 0.07249999999999997 0.05125000000000004
0 0.045625 0.20812499999999998 0.03624999999999999 0.04125000000000001
0 0.236875 0.27437500000000004 0.12625000000000003 0.13125000000000003
0 0.04375 0.300625 0.0875 0.12375000000000003
0 0.9875 0.29625 0.025 0.07250000000000001
0 0.9006250000000001 0.31875 0.12125000000000004 0.09500000000000001
0 0.4425 0.383125 0.07750000000000004 0.10374999999999997
0 0.24875000000000003 0.4206250000000001 0.10500000000000001 0.13875
0 0.368125 0.42437500000000006 0.12625000000000003 0.12374999999999999
0 0.0025 0.504375 0.005 0.21875
0 0.7825 0.5262499999999999 0.11500000000000003 0.10750000000000001
0 0.746875 0.625 0.34375 0.08000000000000007
0 0.47062499999999996 0.7 0.16624999999999995 0.13249999999999992
0 0.003125 0.74125 0.00625 0.20749999999999993
0 0.030625000000000003 0.716875 0.061250000000000006 0.10875000000000004
0 0.31124999999999997 0.7368750000000001 0.09000000000000004 0.04124999999999988
0 0.1525 0.7825 0.095 0.07499999999999991
