0 0.14249999999999996 0.008125 0.09749999999999992 0.01625
0 0.9731249999999999 0.030625000000000003 0.053749999999999964 0.061250000000000006
0 0.12125000000000004 0.083125 0.06999999999999995 0.05625
0 0.21437499999999998 0.169375 0.09624999999999995 0.09624999999999999
0 0.12249999999999994 0.136875 0.039999999999999813 0.03125
0 0.478125 0.149375 0.05124999999999993 0.04125000000000001
0 0.008124999999999993 0.1875 0.016249999999999987 0.0625
0 0.09187499999999993 0.174375 0.043749999999999956 0.033750000000000016
0 0.5293749999999999 0.338125 0.21125 0.22875000000000006
0 0.009999999999999953 0.30125 0.019999999999999907 0.1375
0 0.22625 0.315625 0.16 0.13624999999999998
0 0.36937499999999995 0.295 0.08874999999999997 0.08250000000000002
0 0.9099999999999999 0.3475 0.13000000000000006 0.10000000000000005
0 0.715 0.38999999999999996 0.15250000000000002 0.1525
0 0.9243749999999998 0.476875 0.09124999999999997 0.07874999999999996
0 0.99 0.488125 0.019999999999999928 0.07874999999999996
0 0.11937500000000001 0.5337500000000001 0.23875000000000002 0.13999999999999996
0 0.309375 0.5493750000000001 0.09625000000000003 0.11624999999999996
0 0.45437500000000003 0.56125 0.17875000000000002 0.1299999999999999
0 0.6043749999999999 0.56375 0.11124999999999999 0.11250000000000009
0 0.46374999999999994 0.69875 0.1625000000000001 0.13250000000000012
0 0.9893750000000001 0.7231250000000001 0.021250000000000036 0.17375000000000015
0 0.659375 0.7418750000000001 0.03374999999999995 0.028749999999999963
0 0.16812500000000008 0.9331250000000001 0.05874999999999986 0.0737499999999999
