0 0.6068749999999999 0.9668749999999999 0.09874999999999998 0.06624999999999996
0 0.275 0.9800000000000001 0.06500000000000003 0.040000000000000036
0 0.93625 0.9324999999999999 0.12749999999999986 0.054999999999999896
0 0.07375 0.898125 0.06999999999999999 0.05875000000000004
0 0.24937499999999999 0.89625 0.04874999999999998 0.05
0 0.5275000000000001 0.8681249999999998 0.07249999999999987 0.06375000000000011
0 0.22562499999999996 0.8612500000000001 0.018749999999999954 0.017499999999999894
0 0.5875 0.8474999999999999 0.0875 0.04499999999999993
0 0.190625 0.821875 0.026249999999999975 0.036250000000000074
0 0.5443749999999999 0.760625 0.11124999999999999 0.1012500000000001
0 0.401875 0.38875 0.80375 0.7775
0 0.86625 0.646875 0.10500000000000007 0.23125
0 0.90625 0.4875 0.06499999999999986 0.057499999999999926
0 0.9706250000000001 0.314375 0.05875000000000004 0.13875
0 0.915625 0.299375 0.06625000000000014 0.07625000000000001
0 0.095625 0.14375 0.19125 0.19499999999999995
0 0.190625 0.08750000000000002 0.28875 0.17500000000000004
0 0.9268750000000001 0.05250000000000005 0.14625000000000005 0.1050000000000001
0 0.08875 0.04812499999999992 0.1775 0.09624999999999984
0 0.9112500000000001 0.04062499999999997 0.03499999999999996 0.033749999999999836
