0 0.265 0.03437499999999999 0.09749999999999992 0.06874999999999998
0 0.24375 0.1356250000000001 0.07000000000000006 0.05624999999999991
0 0.03375000000000006 0.21312499999999995 0.06750000000000012 0.1362500000000001
0 0.3368749999999999 0.2218749999999999 0.09625000000000009 0.09625000000000017
0 0.24500000000000002 0.1893749999999999 0.040000000000000036 0.03125000000000013
0 0.600625 0.20187500000000003 0.05124999999999993 0.04125000000000003
0 0.10812500000000007 0.24 0.06125000000000014 0.0625
0 0.21437500000000007 0.226875 0.043749999999999865 0.03375000000000004
0 0.6518750000000001 0.390625 0.21125000000000008 0.22874999999999995
0 0.07124999999999992 0.35374999999999995 0.14249999999999985 0.13750000000000004
0 0.34875 0.36812500000000004 0.15999999999999992 0.13625000000000004
0 0.49187499999999995 0.3475 0.08875000000000002 0.08249999999999993
0 0.98375 0.4 0.03249999999999993 0.1
0 0.8375 0.4425 0.15250000000000014 0.15250000000000002
0 0.22499999999999992 0.5862499999999999 0.2725000000000001 0.14000000000000004
0 0.04312499999999991 0.5806250000000001 0.07874999999999999 0.1062500000000001
0 0.43187499999999995 0.601875 0.09624999999999995 0.11625000000000005
0 0.576875 0.6137499999999999 0.17874999999999996 0.12999999999999998
0 0.7268749999999999 0.61625 0.11124999999999989 0.1124999999999999
0 0.5862499999999999 0.7512500000000001 0.1625 0.1325
0 0.03562499999999996 0.79125 0.06874999999999998 0.06750000000000007
0 0.781875 0.794375 0.03374999999999995 0.028749999999999963
0 0.29062499999999997 0.974375 0.05874999999999995 0.05124999999999993
