0 0.35875 0.27937500000000004 0.16999999999999993 0.18125000000000002
0 0.59875 0.3737500000000001 0.13250000000000012 0.12500000000000006
0 0.19937499999999994 0.525 0.053749999999999944 0.05500000000000007
0 0.6356249999999999 0.5706249999999999 0.06375000000000001 0.07375000000000007
0 0.7725000000000001 0.640625 0.047499999999999966 0.06374999999999993
0 0.45062500000000005 0.68875 0.14375 0.15499999999999997
0 0.616875 0.681875 0.10125000000000002 0.13624999999999998
0 0.7318749999999999 0.64125 0.03874999999999993 0.05
0 0.696875 0.6612499999999999 0.03875000000000002 0.06749999999999998
0 0.556875 0.7275 0.023749999999999983 0.022499999999999964
0 0.21624999999999997 0.7550000000000001 0.050000000000000044 0.04249999999999998
0 0.16312500000000008 0.7693749999999999 0.04874999999999985 0.043749999999999914
0 0.524375 0.7625 0.013750000000000017 0.0125
0 0.37750000000000006 0.8931250000000001 0.2975 0.21375000000000002
0 0.468125 0.858125 0.08875000000000002 0.1137500000000001
0 0.020625000000000004 0.826875 0.04125000000000001 0.04375
0 0.6637500000000001 0.91625 0.0375 0.057499999999999926
