0 0.418125 0.99875 0.06625 0.002499999999999858
0 0.745 0.866875 0.16250000000000017 0.26625
0 0.9037499999999999 0.9893750000000001 0.0375 0.021250000000000036
0 0.546875 0.8381250000000001 0.19875000000000007 0.20875000000000005
0 0.99375 0.8243750000000001 0.0125 0.17624999999999993
0 0.41437500000000005 0.8425 0.03875000000000002 0.06499999999999986
0 0.35875 0.8418749999999999 0.03749999999999996 0.04874999999999989
0 0.206875 0.8324999999999999 0.04375 0.047499999999999966
0 0.8556249999999999 0.7412500000000001 0.20875000000000005 0.20250000000000004
0 0.403125 0.77375 0.05874999999999999 0.04999999999999991
0 0.25375000000000003 0.75875 0.05499999999999998 0.05250000000000012
0 0.34562499999999996 0.74875 0.06624999999999996 0.047499999999999966
0 0.6075000000000002 0.70375 0.09500000000000001 0.0625
0 0.268125 0.5962500000000001 0.053749999999999964 0.07999999999999999
0 0.8525 0.5662499999999999 0.0875 0.11999999999999993
0 0.034375 0.514375 0.06875 0.11125000000000007
0 0.29562499999999997 0.4856250000000001 0.07125 0.08875000000000002
0 0.43187499999999995 0.46312499999999995 0.08875000000000002 0.12374999999999999
0 0.9668749999999999 0.42750000000000005 0.06624999999999996 0.11999999999999993
0 0.37 0.29875 0.05499999999999998 0.10249999999999995
0 0.8168749999999999 0.21625 0.1137500000000001 0.15000000000000002
0 0.1325 0.15187499999999998 0.045 0.05125000000000002
0 0.80625 0.109375 0.04500000000000002 0.04875000000000007
0 0.37875000000000003 0.04562500000000008 0.17 0.09125000000000016
0 0.079375 0.05125000000000002 0.08875 0.05499999999999994
0 0.5181250000000001 0.030000000000000082 0.05874999999999995 0.060000000000000164
0 0.01 0.028749999999999998 0.02 0.03749999999999998
0 0.84375 0.0006249999999999867 0.1325 0.0012499999999999734
