0 0.82875 0.01875 0.18 0.0375
0 0.17375000000000002 0.024375 0.11499999999999999 0.04875
0 0.024375 0.16124999999999998 0.04875 0.09999999999999998
0 0.9512499999999999 0.23687500000000003 0.09749999999999996 0.14125000000000001
0 0.10375000000000001 0.22625 0.052500000000000005 0.057499999999999975
0 0.9774999999999998 0.359375 0.04500000000000011 0.24125000000000002
0 0.7725000000000001 0.37875000000000003 0.23499999999999996 0.20750000000000002
0 0.929375 0.37 0.051249999999999754 0.08499999999999996
0 0.9324999999999999 0.505 0.13499999999999995 0.15999999999999998
0 0.30562500000000004 0.478125 0.028750000000000008 0.026250000000000016
0 0.215 0.5512499999999999 0.057499999999999996 0.057500000000000016
0 0.614375 0.6756249999999999 0.32125000000000004 0.24874999999999997
0 0.1275 0.6431250000000001 0.06500000000000002 0.06625000000000006
0 0.5125 0.8618750000000001 0.34500000000000003 0.27625
0 0.715625 0.8150000000000001 0.08125 0.08000000000000007
0 0.15437499999999998 0.9043749999999999 0.19624999999999998 0.18125
0 0.6575 0.8675 0.08250000000000002 0.07500000000000018
0 0.304375 0.9 0.11625 0.13000000000000006
0 0.96125 0.923125 0.07750000000000004 0.09624999999999986
0 0.913125 0.98125 0.08625000000000008 0.0375
0 0.274375 0.9887499999999999 0.13875 0.022499999999999964
