0 0.7250000000000001 0.090625 0.24749999999999997 0.18125
0 0.410625 0.048125 0.18375000000000002 0.09625
0 0.4706249999999999 0.08562499999999999 0.0012500000000000178 0.0012499999999999844
0 0.37875 0.210625 0.13249999999999992 0.23375000000000004
0 0.344375 0.36374999999999996 0.11375000000000002 0.05499999999999998
0 0.446875 0.3625 0.04874999999999998 0.047499999999999966
0 0.7181249999999999 0.38687499999999997 0.09625000000000003 0.04874999999999998
0 0.361875 0.4956250000000001 0.22874999999999987 0.19125000000000006
0 0.68625 0.47875000000000006 0.15250000000000002 0.10250000000000004
0 0.31812500000000005 0.528125 0.08874999999999997 0.07124999999999995
0 0.6112499999999998 0.610625 0.1374999999999999 0.18624999999999997
0 0.715625 0.6137499999999999 0.07874999999999996 0.15
0 0.45062499999999994 0.6431250000000001 0.09874999999999998 0.1437499999999999
0 0.5275 0.624375 0.054999999999999896 0.08875000000000002
0 0.29250000000000004 0.6893750000000001 0.12000000000000002 0.13875
0 0.516875 0.709375 0.07125000000000004 0.06374999999999993
0 0.24499999999999997 0.798125 0.020000000000000018 0.013750000000000106
0 0.271875 0.899375 0.19374999999999995 0.20125
0 0.5506249999999999 0.9256249999999999 0.34124999999999994 0.14875000000000008
