0 0.8524999999999998 0.990625 0.07999999999999989 0.01875
0 0.2856249999999999 0.97875 0.05625000000000004 0.04250000000000007
0 0.6025 0.9793750000000001 0.025 0.036250000000000074
0 0.1568750000000001 0.9024999999999999 0.07125000000000004 0.05250000000000003
0 0.03375000000000006 0.804375 0.06750000000000012 0.14875
0 0.5625 0.8256249999999999 0.040000000000000036 0.053750000000000055
0 0.9643750000000001 0.8018750000000001 0.07125000000000004 0.06624999999999996
0 0.15187499999999998 0.8025 0.14625000000000002 0.06499999999999995
0 0.3124999999999999 0.728125 0.24250000000000002 0.18125
0 0.878125 0.76625 0.05125000000000011 0.05249999999999995
0 0.023749999999999993 0.7106250000000001 0.04749999999999999 0.05125000000000002
0 0.8856249999999999 0.706875 0.03625000000000025 0.04124999999999997
0 0.6943750000000001 0.640625 0.1262500000000001 0.13125
0 0.9125 0.6143750000000001 0.1375 0.12374999999999999
0 0.04562500000000008 0.5962500000000001 0.09125000000000016 0.09500000000000001
0 0.48875 0.531875 0.07750000000000004 0.10375000000000005
0 0.6824999999999999 0.49437499999999995 0.10499999999999998 0.13874999999999993
0 0.563125 0.490625 0.12624999999999992 0.12375000000000007
0 0.963125 0.410625 0.07375000000000007 0.21875
0 0.1487500000000001 0.38875 0.11499999999999988 0.10750000000000001
0 0.18437499999999996 0.29 0.34375 0.07999999999999999
0 0.46062499999999995 0.21500000000000002 0.16625000000000006 0.13249999999999995
0 0.9625 0.17374999999999993 0.075 0.20750000000000002
0 0.9125 0.198125 0.08499999999999996 0.1087499999999999
0 0.62 0.17812500000000003 0.09000000000000004 0.04125000000000012
0 0.77875 0.13250000000000006 0.09500000000000011 0.07500000000000018
