0 0.650625 0.010625 0.02375000000000007 0.01875
0 0.405625 0.08499999999999999 0.04875000000000007 0.057499999999999996
0 0.51875 0.096875 0.05 0.03625000000000002
0 0.339375 0.193125 0.04375 0.03125
0 0.78125 0.333125 0.2 0.10125000000000002
0 0.21625 0.39374999999999993 0.01749999999999998 0.027499999999999948
0 0.74 0.4643750000000001 0.1400000000000002 0.16375
0 0.28375000000000006 0.440625 0.07749999999999999 0.07624999999999993
0 0.45875000000000005 0.47000000000000003 0.18500000000000005 0.11750000000000008
0 0.21125000000000002 0.43 0.02499999999999989 0.030000000000000072
0 0.23249999999999998 0.44000000000000006 0.022500000000000055 0.03500000000000005
0 0.509375 0.44750000000000006 0.036250000000000074 0.040000000000000036
0 0.61 0.45125000000000004 0.0375 0.032500000000000105
0 0.21125 0.48624999999999996 0.032500000000000084 0.04249999999999989
0 0.55625 0.5862499999999999 0.14749999999999996 0.1625
0 0.909375 0.605 0.18125 0.19749999999999995
0 0.14000000000000007 0.6893750000000001 0.04250000000000009 0.05625000000000009
0 0.665 0.704375 0.06499999999999986 0.043749999999999914
0 0.8756250000000001 0.7324999999999999 0.056250000000000175 0.04500000000000002
0 0.50875 0.756875 0.060000000000000143 0.04375000000000009
0 0.653125 0.783125 0.07374999999999998 0.09124999999999997
0 0.3 0.8793749999999999 0.5449999999999999 0.24124999999999996
0 0.40374999999999994 0.8481249999999999 0.1375000000000001 0.14125000000000004
0 0.54375 0.915625 0.11500000000000013 0.14874999999999988
0 0.9862500000000001 0.985625 0.027500000000000035 0.028750000000000143
0 0.61 0.985625 0.10499999999999998 0.028750000000000143
