0 0.71625 0.0925 0.24749999999999997 0.185
0 0.4018750000000001 0.05 0.18374999999999994 0.1
0 0.46187500000000004 0.089375 0.001249999999999929 0.0012499999999999955
0 0.37 0.21437499999999998 0.13250000000000012 0.23374999999999999
0 0.335625 0.36750000000000005 0.11374999999999993 0.05499999999999998
0 0.438125 0.3662500000000001 0.04875000000000007 0.04750000000000001
0 0.709375 0.390625 0.09625000000000013 0.04874999999999994
0 0.353125 0.49937499999999996 0.22875000000000006 0.19124999999999998
0 0.6775 0.48249999999999993 0.15249999999999994 0.10249999999999995
0 0.309375 0.531875 0.08874999999999997 0.07124999999999995
0 0.6025 0.6143750000000001 0.1375 0.18624999999999997
0 0.7068749999999999 0.6174999999999999 0.07875000000000006 0.15
0 0.4418749999999999 0.646875 0.09874999999999998 0.14375
0 0.51875 0.628125 0.05500000000000007 0.08874999999999993
0 0.28375 0.693125 0.12000000000000002 0.13874999999999993
0 0.508125 0.713125 0.07124999999999995 0.06375000000000001
0 0.23624999999999993 0.8018750000000001 0.020000000000000018 0.013750000000000017
0 0.26312499999999994 0.9012499999999999 0.19374999999999995 0.19749999999999995
0 0.5418749999999999 0.9275 0.34125000000000005 0.14499999999999993
