0 0.19287109375 0.96923828125 0.0576171875 0.0615234375
0 0.3212890625 0.93505859375 0.14453125 0.1298828125
0 0.630859375 0.93701171875 0.25 0.1259765625
0 0.92333984375 0.9814453125 0.0341796875 0.037109375
0 0.2177734375 0.89697265625 0.09765625 0.0947265625
0 0.32958984375 0.76708984375 0.2568359375 0.1904296875
0 0.591796875 0.78466796875 0.080078125 0.1455078125
0 0.4150390625 0.61865234375 0.138671875 0.1357421875
0 0.58984375 0.5537109375 0.177734375 0.240234375
0 0.80810546875 0.55859375 0.1533203125 0.166015625
0 0.3115234375 0.53662109375 0.087890625 0.1181640625
0 0.46435546875 0.4580078125 0.1123046875 0.119140625
0 0.638671875 0.29931640625 0.109375 0.1904296875
0 0.51025390625 0.31884765625 0.1142578125 0.1494140625
0 0.408203125 0.29345703125 0.166015625 0.1572265625
0 0.25634765625 0.3017578125 0.1201171875 0.119140625
0 0.92529296875 0.271484375 0.1201171875 0.130859375
0 0.1376953125 0.26708984375 0.0546875 0.0966796875
0 0.052734375 0.2548828125 0.10546875 0.076171875
0 0.07958984375 0.2734375 0.0419921875 0.03515625
0 0.3818359375 0.13818359375 0.201171875 0.2333984375
0 0.251953125 0.18310546875 0.0859375 0.1044921875
0 0.55078125 0.154296875 0.1328125 0.146484375
0 0.05224609375 0.07861328125 0.0478515625 0.0654296875
0 0.08544921875 0.01123046875 0.0283203125 0.0224609375
0 0.01904296875 0.0078125 0.0380859375 0.015625
