0 0.27937500000000004 0.010624999999999996 0.14625 0.02124999999999999
0 0.686875 0.128125 0.4387499999999999 0.25625
0 0.9475 0.20312500000000006 0.10500000000000007 0.19624999999999992
0 0.83625 0.318125 0.13500000000000015 0.13874999999999993
0 0.73875 0.3056249999999999 0.09250000000000007 0.10375000000000001
0 0.528125 0.2875 0.05625 0.05249999999999999
0 0.5237499999999999 0.4231249999999999 0.14000000000000004 0.23625000000000002
0 0.9393750000000001 0.41437500000000005 0.12125000000000004 0.14874999999999994
0 0.311875 0.49625 0.3012499999999999 0.20749999999999993
0 0.440625 0.5506249999999999 0.15374999999999997 0.13875
0 0.6212500000000001 0.500625 0.047500000000000056 0.03125
0 0.5893750000000001 0.5737500000000001 0.061249999999999985 0.06749999999999998
0 0.460625 0.715625 0.14124999999999996 0.14624999999999994
0 0.325625 0.791875 0.17375 0.16624999999999995
0 0.08437500000000009 0.7637499999999999 0.07874999999999988 0.08500000000000005
0 0.613125 0.885 0.16375000000000012 0.13000000000000006
0 0.67375 0.9275 0.285 0.14499999999999993
0 0.42374999999999996 0.915625 0.09499999999999997 0.08374999999999985
0 0.828125 0.9600000000000002 0.08125 0.07999999999999989
0 0.5237499999999999 0.9706250000000001 0.18000000000000008 0.05875000000000004
0 0.965625 0.9731249999999999 0.06875 0.053749999999999964
0 0.8862499999999999 0.9912500000000002 0.08000000000000007 0.017499999999999894
