0 0.5425 0.619375 0.16999999999999993 0.18125
0 0.7825000000000001 0.525 0.1325 0.125
0 0.383125 0.37374999999999997 0.053750000000000096 0.05500000000000007
0 0.8193750000000002 0.328125 0.06375000000000011 0.07374999999999998
0 0.95625 0.258125 0.04750000000000014 0.06375000000000011
0 0.634375 0.20999999999999996 0.14375 0.15500000000000005
0 0.8006250000000001 0.21687500000000007 0.1012500000000001 0.13625
0 0.915625 0.2575 0.038750000000000104 0.049999999999999954
0 0.8806249999999999 0.2375 0.038750000000000104 0.06750000000000003
0 0.740625 0.1712499999999999 0.023749999999999983 0.022499999999999964
0 0.4 0.1437500000000001 0.05 0.04249999999999987
0 0.346875 0.12937500000000002 0.04874999999999994 0.043749999999999734
0 0.708125 0.13624999999999998 0.013750000000000106 0.012499999999999734
0 0.56125 0.05625000000000002 0.2975 0.11250000000000004
0 0.651875 0.04874999999999996 0.0887500000000001 0.09749999999999992
0 0.20250000000000004 0.07187500000000002 0.04499999999999995 0.043749999999999956
0 0.025624999999999953 0.027500000000000024 0.05124999999999991 0.05500000000000005
0 0.143125 0.010624999999999996 0.03874999999999995 0.02124999999999999
0 0.8474999999999999 0.005625000000000047 0.0375 0.011250000000000093
