0 0.531875 0.96125 0.14624999999999994 0.07750000000000004
0 0.6325000000000001 0.9356250000000002 0.10750000000000011 0.12624999999999992
0 0.145625 0.9075 0.12874999999999992 0.09749999999999996
0 0.529375 0.851875 0.22874999999999995 0.1937500000000001
0 0.39249999999999996 0.9056249999999999 0.07749999999999999 0.08375000000000003
0 0.7068749999999999 0.8543749999999999 0.11124999999999999 0.13874999999999985
0 0.890625 0.7818750000000001 0.21875 0.20875000000000005
0 0.35124999999999995 0.8 0.125 0.1450000000000001
0 0.06937500000000008 0.781875 0.13875000000000015 0.14875
0 0.20687499999999998 0.7775 0.12125 0.15250000000000002
0 0.665625 0.5912499999999999 0.19375 0.1900000000000001
0 0.5662499999999999 0.635 0.06750000000000007 0.09750000000000014
0 0.418125 0.5824999999999999 0.06375000000000001 0.09249999999999999
0 0.04812499999999992 0.465625 0.09624999999999984 0.13625000000000007
0 0.375 0.48 0.07249999999999997 0.1049999999999999
0 0.256875 0.434375 0.11124999999999999 0.11875
0 0.7731250000000001 0.35625 0.2887500000000001 0.24499999999999994
0 0.14000000000000007 0.31375000000000003 0.1899999999999998 0.19250000000000003
0 0.279375 0.336875 0.05874999999999995 0.07625000000000001
0 0.963125 0.275 0.07375000000000007 0.09250000000000003
0 0.9168749999999999 0.24500000000000002 0.10374999999999997 0.10499999999999984
0 0.365625 0.174375 0.10125000000000002 0.13625000000000012
0 0.47125000000000006 0.135625 0.17 0.20875
0 0.6693749999999999 0.07562499999999994 0.25875000000000004 0.15124999999999988
0 0.5581250000000001 0.14187499999999992 0.0012500000000000178 0.0012499999999998623
0 0.9425000000000001 0.0625 0.11500000000000003 0.125
0 0.8300000000000001 0.050624999999999976 0.10500000000000016 0.10124999999999995
0 0.358125 0.036250000000000004 0.1437500000000001 0.07250000000000001
0 0.47624999999999995 0.007500000000000007 0.07250000000000005 0.015000000000000013
