0 0.399375 0.969375 0.09874999999999998 0.06125000000000007
0 0.73125 0.9824999999999999 0.06500000000000003 0.03499999999999996
0 0.07 0.9375 0.12750000000000006 0.05500000000000007
0 0.9324999999999999 0.903125 0.0700000000000001 0.05874999999999986
0 0.756875 0.9012499999999999 0.04875000000000007 0.05
0 0.47874999999999995 0.8731250000000002 0.07250000000000005 0.06374999999999993
0 0.780625 0.8662500000000002 0.01875 0.017499999999999894
0 0.41875 0.8524999999999998 0.0875 0.04500000000000011
0 0.815625 0.826875 0.02624999999999993 0.03624999999999989
0 0.46187500000000004 0.765625 0.11124999999999999 0.10124999999999992
0 0.6012500000000001 0.39125 0.7975 0.7825
0 0.14000000000000007 0.651875 0.1050000000000001 0.23125
0 0.10000000000000005 0.49250000000000005 0.06499999999999984 0.057500000000000016
0 0.03249999999999992 0.319375 0.06499999999999984 0.13875
0 0.09062499999999996 0.304375 0.06625000000000014 0.07625000000000007
0 0.9075 0.14874999999999994 0.18500000000000014 0.19500000000000003
0 0.815625 0.09000000000000002 0.28874999999999995 0.18000000000000005
0 0.07625000000000004 0.05499999999999999 0.15250000000000008 0.10999999999999999
0 0.914375 0.050624999999999976 0.17125000000000004 0.10124999999999995
0 0.09500000000000003 0.04562500000000008 0.03500000000000003 0.033749999999999836
