0 0.69287109375 0.97900390625 0.0263671875 0.0419921875
0 0.56787109375 0.9560546875 0.0712890625 0.076171875
0 0.1650390625 0.962890625 0.064453125 0.03515625
0 0.220703125 0.955078125 0.0234375 0.0234375
0 0.03173828125 0.921875 0.0634765625 0.0859375
0 0.396484375 0.89306640625 0.041015625 0.0458984375
0 0.64208984375 0.81689453125 0.1748046875 0.1943359375
0 0.15625 0.857421875 0.09765625 0.099609375
0 0.76904296875 0.884765625 0.0302734375 0.0390625
0 0.8427734375 0.88037109375 0.02734375 0.0302734375
0 0.0615234375 0.81982421875 0.091796875 0.0986328125
0 0.87744140625 0.83642578125 0.0556640625 0.0478515625
0 0.30810546875 0.7919921875 0.0751953125 0.0703125
0 0.2109375 0.76318359375 0.08984375 0.0888671875
0 0.7275390625 0.7060546875 0.06640625 0.05859375
0 0.35400390625 0.68505859375 0.0888671875 0.0986328125
0 0.84130859375 0.70849609375 0.0283203125 0.0400390625
0 0.10693359375 0.68408203125 0.0537109375 0.0517578125
0 0.8564453125 0.658203125 0.0234375 0.03515625
0 0.5087890625 0.61962890625 0.109375 0.0986328125
0 0.10009765625 0.63818359375 0.0537109375 0.0380859375
0 0.7509765625 0.60498046875 0.091796875 0.0927734375
0 0.078125 0.5517578125 0.09375 0.11328125
0 0.35888671875 0.556640625 0.0966796875 0.0859375
0 0.64990234375 0.55810546875 0.0771484375 0.0732421875
0 0.89697265625 0.54052734375 0.0556640625 0.0615234375
0 0.80517578125 0.4951171875 0.0458984375 0.03125
0 0.3388671875 0.4765625 0.03125 0.02734375
0 0.94921875 0.4423828125 0.087890625 0.083984375
0 0.09375 0.470703125 0.021484375 0.017578125
0 0.55078125 0.4453125 0.04296875 0.0390625
0 0.12109375 0.45166015625 0.01953125 0.0224609375
0 0.80126953125 0.39794921875 0.0693359375 0.0849609375
0 0.7119140625 0.4052734375 0.0234375 0.02734375
0 0.306640625 0.39501953125 0.05078125 0.0478515625
0 0.49755859375 0.40185546875 0.0302734375 0.0322265625
0 0.0908203125 0.3388671875 0.125 0.123046875
0 0.533203125 0.3720703125 0.037109375 0.033203125
0 0.947265625 0.3291015625 0.10546875 0.111328125
0 0.24072265625 0.34423828125 0.0732421875 0.0439453125
0 0.470703125 0.35693359375 0.01953125 0.0166015625
0 0.861328125 0.34814453125 0.0234375 0.0283203125
0 0.00732421875 0.34033203125 0.0146484375 0.0224609375
0 0.23046875 0.24072265625 0.13671875 0.1806640625
0 0.1376953125 0.22216796875 0.125 0.1455078125
0 0.3544921875 0.15966796875 0.2265625 0.2587890625
0 0.552734375 0.25634765625 0.052734375 0.0537109375
0 0.533203125 0.1904296875 0.109375 0.173828125
0 0.02685546875 0.1767578125 0.0537109375 0.123046875
0 0.7099609375 0.2158203125 0.013671875 0.017578125
0 0.8896484375 0.17431640625 0.060546875 0.0556640625
0 0.6064453125 0.1337890625 0.076171875 0.08203125
0 0.3935546875 0.095703125 0.068359375 0.080078125
0 0.96435546875 0.10595703125 0.0341796875 0.0283203125
0 0.6650390625 0.09765625 0.0625 0.03125
0 0.052734375 0.05224609375 0.072265625 0.1044921875
0 0.158203125 0.0390625 0.1328125 0.078125
0 0.82177734375 0.056640625 0.0478515625 0.03515625
0 0.861328125 0.0458984375 0.01171875 0.017578125
0 0.955078125 0.0234375 0.080078125 0.046875
0 0.3349609375 0.0107421875 0.037109375 0.021484375
