0 0.7168750000000002 0.999375 0.08125000000000009 0.001249999999999929
0 0.29625 0.9412499999999999 0.09749999999999992 0.09750000000000014
0 0.275 0.8256249999999999 0.07000000000000006 0.05625
0 0.04937500000000006 0.7481249999999999 0.09875000000000012 0.13625000000000007
0 0.3681249999999999 0.739375 0.09625000000000003 0.09625000000000003
0 0.27625 0.771875 0.040000000000000036 0.03125
0 0.631875 0.759375 0.05124999999999993 0.04125000000000005
0 0.13937500000000008 0.72125 0.06125000000000014 0.0625
0 0.24562499999999998 0.734375 0.04375 0.033749999999999857
0 0.0068750000000000755 0.6375 0.013750000000000151 0.15249999999999994
0 0.6831250000000001 0.570625 0.21125000000000008 0.22875000000000006
0 0.08687499999999992 0.6075000000000002 0.17374999999999985 0.1374999999999999
0 0.38 0.593125 0.15999999999999992 0.13624999999999998
0 0.523125 0.61375 0.08875000000000002 0.0825000000000001
0 0.999375 0.56125 0.001249999999999929 0.10000000000000009
0 0.86875 0.51875 0.15249999999999994 0.15249999999999994
0 0.2562499999999999 0.375 0.2725000000000001 0.13999999999999985
0 0.07437499999999991 0.380625 0.07874999999999999 0.10624999999999991
0 0.46312499999999995 0.359375 0.09624999999999995 0.11624999999999996
0 0.608125 0.3475 0.17874999999999996 0.13000000000000003
0 0.7581249999999999 0.345 0.11124999999999989 0.11250000000000009
0 0.6174999999999999 0.21000000000000005 0.1625 0.13249999999999998
0 0.06687499999999996 0.17 0.06874999999999998 0.06749999999999987
0 0.813125 0.16687500000000005 0.033749999999999857 0.028749999999999942
0 0.32187499999999997 0.006249999999999978 0.05874999999999995 0.012499999999999956
