0 0.410625 0.9912500000000002 0.09875000000000003 0.017499999999999894
0 0.9275 0.9706250000000001 0.13000000000000006 0.05875000000000004
0 0.74 0.976875 0.12749999999999995 0.046250000000000034
0 0.053125 0.945 0.04875 0.04999999999999982
0 0.33125 0.9168749999999999 0.07250000000000001 0.06375000000000011
0 0.029375000000000002 0.9099999999999999 0.01875 0.01750000000000007
0 0.39125 0.89625 0.0875 0.04499999999999993
0 0.00375 0.8706250000000001 0.0075 0.036250000000000074
0 0.34812499999999996 0.809375 0.11124999999999999 0.10124999999999992
0 0.30375 0.4131250000000001 0.6075 0.8262500000000002
0 0.6700000000000002 0.695625 0.10499999999999998 0.2312500000000001
0 0.9881249999999999 0.5375 0.02375000000000007 0.06500000000000013
0 0.7100000000000001 0.5362500000000001 0.06500000000000003 0.057499999999999926
0 0.9331250000000001 0.5206250000000001 0.05625 0.05125000000000002
0 0.8712500000000001 0.446875 0.1 0.06125000000000007
0 0.7943749999999999 0.363125 0.09874999999999998 0.13875000000000007
0 0.719375 0.348125 0.06624999999999988 0.07624999999999993
0 0.069375 0.11187499999999999 0.13875 0.22374999999999998
0 0.97875 0.14187499999999992 0.04250000000000007 0.06374999999999986
0 0.7749999999999999 0.07687500000000008 0.23499999999999996 0.15375000000000016
0 0.889375 0.07937499999999992 0.06125000000000007 0.06125000000000014
0 0.7150000000000001 0.08937499999999998 0.03500000000000005 0.03374999999999995
