0 0.94375 0.030625000000000003 0.1125 0.061250000000000006
0 0.1375 0.061250000000000006 0.1475000000000001 0.12250000000000001
0 0.43000000000000005 0.08375 0.05249999999999995 0.06500000000000002
0 0.750625 0.13125 0.06125000000000007 0.05249999999999999
0 0.4887499999999999 0.11875 0.02999999999999998 0.01749999999999998
0 0.9481250000000001 0.17875000000000002 0.06875 0.10250000000000004
0 0.9974999999999999 0.189375 0.005000000000000071 0.09375
0 0.1524999999999999 0.18624999999999997 0.04749999999999999 0.07750000000000001
0 0.46125000000000005 0.22125 0.0750000000000001 0.08250000000000002
0 0.8724999999999999 0.4306249999999999 0.21000000000000005 0.32875
0 0.016874999999999918 0.403125 0.033749999999999836 0.14875
0 0.10812499999999999 0.42374999999999996 0.17625000000000013 0.16499999999999998
0 0.32687499999999997 0.421875 0.07625000000000007 0.10625
0 0.9981249999999999 0.48937500000000006 0.0037499999999999643 0.1687499999999999
0 0.12437500000000005 0.735 0.2212499999999998 0.4425
0 0.960625 0.625625 0.07874999999999996 0.10625
0 0.011875000000000024 0.6431250000000001 0.02375000000000005 0.12625000000000003
0 0.751875 0.6875 0.14625000000000005 0.125
0 0.358125 0.70625 0.09624999999999995 0.11750000000000008
0 0.9724999999999999 0.7387499999999999 0.05500000000000007 0.11000000000000006
0 0.89 0.7393750000000001 0.03499999999999979 0.043749999999999914
0 0.73125 0.7799999999999999 0.06750000000000007 0.06999999999999984
0 0.295 0.8231249999999999 0.04500000000000002 0.1012500000000001
0 0.24500000000000002 0.840625 0.04499999999999993 0.08374999999999995
0 0.006249999999999978 0.8731249999999999 0.012499999999999956 0.14124999999999996
0 0.98375 0.85 0.03249999999999993 0.075
0 0.234375 0.905 0.026250000000000107 0.05250000000000003
0 0.22062500000000007 0.9643750000000001 0.043749999999999976 0.07125000000000004
0 0.295625 0.99875 0.09375 0.002499999999999858
