0 0.40750000000000003 0.9512499999999999 0.13499999999999995 0.09749999999999996
0 0.5287499999999999 0.97625 0.15499999999999997 0.047499999999999966
0 0.34875 0.88375 0.22750000000000004 0.20999999999999988
0 0.265625 0.790625 0.19625 0.16875
0 0.524375 0.73375 0.03125 0.04249999999999998
0 0.47125000000000006 0.634375 0.05500000000000007 0.13125
0 0.0225 0.65125 0.045 0.06500000000000003
0 0.27 0.555625 0.09499999999999997 0.08624999999999998
0 0.991875 0.48562500000000003 0.016249999999999966 0.06624999999999996
0 0.571875 0.39312500000000006 0.08624999999999998 0.12374999999999994
0 0.8637499999999999 0.21625 0.27249999999999996 0.4325
0 0.48937500000000006 0.35437500000000005 0.12625000000000003 0.15125000000000002
0 0.040625 0.3525 0.05625 0.04500000000000002
0 0.39187500000000003 0.291875 0.08125 0.09375
0 0.670625 0.2925 0.028750000000000053 0.0700000000000001
0 0.6068749999999999 0.25312500000000004 0.12625000000000003 0.10375000000000005
0 0.7037500000000001 0.176875 0.047499999999999966 0.06624999999999992
0 0.635 0.15750000000000003 0.07499999999999991 0.07750000000000001
0 0.2475 0.1481249999999999 0.05 0.05625000000000002
0 0.30562500000000004 0.10437500000000006 0.05624999999999995 0.12374999999999992
0 0.18812500000000001 0.08375000000000005 0.08625000000000001 0.1449999999999999
0 0.703125 0.1143749999999999 0.06875 0.036250000000000115
0 0.059375 0.07999999999999996 0.03874999999999999 0.03499999999999992
0 0.11187499999999999 0.03749999999999998 0.09374999999999999 0.07499999999999996
0 0.6231249999999999 0.04562499999999997 0.04874999999999998 0.05874999999999997
