0 0.8112499999999999 0.121875 0.2425 0.24375
0 0.834375 0.29874999999999996 0.18625000000000008 0.19499999999999998
0 0.4106249999999999 0.375 0.08624999999999998 0.11500000000000003
0 0.8612499999999998 0.538125 0.16749999999999998 0.29875
0 0.76875 0.6075000000000002 0.13999999999999996 0.15750000000000003
0 0.6356249999999999 0.640625 0.1687499999999999 0.14125000000000015
0 0.49375 0.60625 0.040000000000000036 0.047499999999999966
0 0.49812500000000004 0.6875 0.07874999999999996 0.09250000000000007
0 0.616875 0.7849999999999999 0.15625 0.21749999999999997
0 0.05375 0.7581249999999999 0.1075 0.11624999999999996
0 0.27999999999999997 0.8418749999999999 0.12250000000000001 0.14875
0 0.42437499999999995 0.8925000000000001 0.21624999999999997 0.21499999999999994
0 0.9237500000000001 0.9012499999999999 0.15250000000000002 0.14250000000000007
0 0.734375 0.9724999999999999 0.12125000000000004 0.05500000000000007
