0 0.3603515625 0.9736328125 0.11328125 0.052734375
0 0.69140625 0.828125 0.189453125 0.34375
0 0.9765625 0.85693359375 0.03515625 0.0478515625
0 0.91357421875 0.82080078125 0.0693359375 0.0830078125
0 0.96142578125 0.8271484375 0.0341796875 0.04296875
0 0.70947265625 0.61328125 0.1455078125 0.15234375
0 0.37841796875 0.5537109375 0.0673828125 0.08984375
0 0.0205078125 0.49560546875 0.041015625 0.1533203125
0 0.73046875 0.42626953125 0.130859375 0.2333984375
0 0.658203125 0.3720703125 0.109375 0.123046875
0 0.55419921875 0.34619140625 0.1318359375 0.1103515625
0 0.443359375 0.373046875 0.03125 0.037109375
0 0.44677734375 0.3095703125 0.0615234375 0.072265625
0 0.53955078125 0.2333984375 0.1220703125 0.169921875
0 0.0966796875 0.25439453125 0.08984375 0.0908203125
0 0.2763671875 0.18896484375 0.095703125 0.1162109375
0 0.38916015625 0.12939453125 0.1689453125 0.2080078125
0 0.79150390625 0.142578125 0.1435546875 0.111328125
0 0.63134765625 0.06201171875 0.0947265625 0.0927734375
0 0.611328125 0.015625 0.125 0.03125
