0 0.28375 0.04375 0.14750000000000005 0.0875
0 0.57625 0.04875 0.05250000000000003 0.065
0 0.896875 0.09625000000000002 0.06125000000000007 0.052500000000000005
0 0.635 0.08375 0.02999999999999998 0.017500000000000005
0 0.29874999999999996 0.15125 0.04750000000000001 0.07749999999999999
0 0.6075000000000002 0.18624999999999997 0.07499999999999991 0.08249999999999999
0 0.9568750000000001 0.395625 0.0862499999999999 0.32875000000000004
0 0.13187500000000002 0.368125 0.09625000000000006 0.14875
0 0.254375 0.38875000000000004 0.17625000000000002 0.16500000000000004
0 0.473125 0.386875 0.07624999999999993 0.10625000000000004
0 0.270625 0.7 0.22125000000000009 0.44250000000000006
0 0.125 0.608125 0.0900000000000003 0.12625000000000003
0 0.898125 0.6525 0.14624999999999985 0.125
0 0.504375 0.67125 0.09625000000000003 0.11749999999999998
0 0.8775000000000001 0.745 0.06750000000000007 0.0700000000000001
0 0.44125 0.788125 0.04500000000000002 0.10124999999999992
0 0.39125 0.805625 0.04499999999999993 0.08374999999999995
0 0.10437499999999993 0.838125 0.10874999999999979 0.14124999999999988
0 0.38062500000000005 0.8699999999999999 0.026249999999999975 0.05250000000000003
0 0.366875 0.946875 0.043750000000000046 0.10625
0 0.070625 0.969375 0.07874999999999999 0.06125000000000007
0 0.441875 0.98125 0.09375 0.0375
0 0.8025 0.9962500000000001 0.047500000000000056 0.007499999999999929
