0 0.684375 0.055625000000000036 0.11125000000000007 0.10124999999999984
0 0.7125 0.45375 0.575 0.8300000000000001
0 0.36250000000000004 0.16937499999999994 0.10499999999999998 0.23124999999999996
0 0.03250000000000003 0.32749999999999996 0.04749999999999999 0.06500000000000003
0 0.3225 0.32875 0.06499999999999995 0.057499999999999885
0 0.09937499999999994 0.344375 0.0562499999999998 0.05125000000000002
0 0.16124999999999995 0.41812499999999997 0.10000000000000023 0.06125000000000003
0 0.23812499999999998 0.5018750000000001 0.09875000000000003 0.13875
0 0.313125 0.516875 0.06624999999999992 0.07625000000000011
0 0.946875 0.804375 0.10625 0.3262500000000001
0 0.04874999999999996 0.723125 0.05249999999999999 0.06374999999999993
0 0.2575 0.815625 0.23499999999999996 0.20875000000000005
0 0.14312499999999995 0.7856249999999999 0.061249999999999805 0.061249999999999985
0 0.3175 0.775625 0.03499999999999992 0.03374999999999995
0 0.625 0.9331250000000001 0.29499999999999993 0.13375000000000004
0 0.15749999999999997 0.9393750000000001 0.23999999999999994 0.12125000000000004
0 0.8387499999999999 0.959375 0.21749999999999997 0.08125
0 0.365 0.97625 0.08749999999999991 0.047499999999999966
