0 0.07500000000000001 0.030625000000000003 0.15000000000000002 0.061250000000000006
0 0.18062499999999998 0.011875 0.16125 0.02375
0 0.9287500000000002 0.095 0.1424999999999999 0.19
0 0.3675 0.01625 0.022500000000000096 0.022500000000000003
0 0.03437499999999999 0.061875 0.06874999999999998 0.10374999999999998
0 0.18312499999999998 0.159375 0.13624999999999998 0.18624999999999997
0 0.3025 0.188125 0.15999999999999986 0.20875
0 0.05937500000000001 0.19 0.11875000000000002 0.1575
0 0.43875000000000003 0.203125 0.015000000000000036 0.016249999999999966
0 0.008749999999999925 0.30125 0.01749999999999985 0.18250000000000002
0 0.320625 0.36124999999999996 0.1862499999999999 0.1125
0 0.503125 0.344375 0.028749999999999963 0.026249999999999975
0 0.11624999999999996 0.40499999999999997 0.20750000000000002 0.13499999999999995
0 0.03187499999999999 0.5025000000000001 0.06374999999999997 0.18749999999999992
0 0.355625 0.516875 0.28625000000000006 0.18624999999999997
0 0.13062499999999994 0.5050000000000001 0.09625000000000006 0.09249999999999999
0 0.17749999999999994 0.6168750000000001 0.16 0.15875000000000003
0 0.43624999999999997 0.651875 0.08499999999999992 0.07125000000000004
0 0.0831249999999999 0.675 0.08874999999999988 0.07250000000000005
0 0.05312499999999998 0.7418750000000001 0.10624999999999996 0.16875000000000018
0 0.021250000000000047 0.835625 0.04250000000000009 0.2562499999999999
0 0.40750000000000003 0.74 0.05500000000000007 0.06000000000000005
0 0.22125000000000003 0.965625 0.13249999999999998 0.06875
