0 0.73875 0.9675 0.24749999999999997 0.06499999999999986
0 0.3925 0.8943750000000001 0.1325 0.21124999999999988
0 0.358125 0.7525000000000001 0.11375000000000002 0.05500000000000007
0 0.460625 0.7537499999999999 0.04874999999999989 0.047499999999999966
0 0.731875 0.7293750000000001 0.09625000000000003 0.04874999999999998
0 0.375625 0.6206250000000001 0.22875000000000006 0.19125000000000006
0 0.7 0.6375 0.15249999999999994 0.10250000000000004
0 0.331875 0.588125 0.08874999999999997 0.07125000000000004
0 0.625 0.505625 0.1375 0.18624999999999997
0 0.7293749999999999 0.5025000000000001 0.07875000000000006 0.15
0 0.4643750000000001 0.473125 0.09874999999999998 0.14375
0 0.54125 0.49187499999999995 0.05499999999999998 0.08875000000000002
0 0.30624999999999997 0.426875 0.12000000000000002 0.13874999999999993
0 0.530625 0.406875 0.07124999999999995 0.06374999999999993
0 0.25875000000000004 0.318125 0.020000000000000018 0.013749999999999929
0 0.2856249999999999 0.1775 0.19374999999999995 0.27999999999999997
0 0.564375 0.1325 0.34124999999999994 0.265
0 0.216875 0.05874999999999991 0.10124999999999998 0.10499999999999987
0 0.9881249999999999 0.018125000000000058 0.02375000000000007 0.036250000000000115
0 0.9643750000000001 0.016249999999999987 0.04124999999999997 0.03249999999999997
