0 0.49000000000000005 0.963125 0.32250000000000006 0.07375000000000007
0 0.73 0.999375 0.10000000000000017 0.001249999999999929
0 0.03875000000000001 0.9556250000000001 0.07750000000000001 0.08874999999999993
0 0.150625 0.86875 0.28875 0.21000000000000005
0 0.630625 0.7899999999999999 0.32875 0.2999999999999998
0 0.08375000000000005 0.7575000000000001 0.1675000000000001 0.22249999999999998
0 0.46375 0.63125 0.29000000000000004 0.21749999999999997
0 0.890625 0.66875 0.10875000000000004 0.13249999999999992
0 0.198125 0.624375 0.22875 0.12375000000000007
0 0.693125 0.558125 0.11624999999999996 0.17375000000000007
0 0.9256250000000001 0.505625 0.14874999999999988 0.14875
0 0.009999999999999953 0.46625000000000005 0.019999999999999907 0.20750000000000007
0 0.6775 0.32875 0.615 0.395
0 0.8818750000000002 0.41375 0.14124999999999996 0.1700000000000001
0 0.290625 0.366875 0.20625000000000004 0.18375000000000002
0 0.11562500000000009 0.36062500000000003 0.14124999999999988 0.1962500000000001
0 0.03562500000000002 0.271875 0.07125000000000004 0.16125000000000012
0 0.390625 0.12687500000000002 0.22874999999999995 0.19874999999999984
0 0.95375 0.085625 0.09250000000000007 0.17125
0 0.878125 0.016249999999999987 0.24375 0.03249999999999997
0 0.234375 0.006249999999999978 0.21875 0.012499999999999956
