0 0.025390625 0.9697265625 0.05078125 0.060546875
0 0.0244140625 0.72265625 0.048828125 0.0625
0 0.0146484375 0.3056640625 0.01953125 0.04296875
0 0.05078125 0.27978515625 0.033203125 0.0439453125
0 0.05029296875 0.52734375 0.0283203125 0.01953125
0 0.08056640625 0.01953125 0.0634765625 0.0390625
0 0.1103515625 0.17919921875 0.041015625 0.0556640625
0 0.18701171875 0.0546875 0.1162109375 0.109375
0 0.15087890625 0.90380859375 0.0361328125 0.0244140625
0 0.17041015625 0.49609375 0.0419921875 0.03125
0 0.18896484375 0.81884765625 0.0517578125 0.0732421875
0 0.1884765625 0.17529296875 0.05078125 0.1142578125
0 0.24658203125 0.30078125 0.1416015625 0.189453125
0 0.20849609375 0.87939453125 0.0244140625 0.0263671875
0 0.216796875 0.74267578125 0.041015625 0.0400390625
0 0.26025390625 0.0654296875 0.0400390625 0.056640625
0 0.265625 0.87255859375 0.044921875 0.0380859375
0 0.26318359375 0.74853515625 0.0322265625 0.0283203125
0 0.31494140625 0.59912109375 0.1025390625 0.0986328125
0 0.33544921875 0.76953125 0.0966796875 0.107421875
0 0.34912109375 0.93603515625 0.1025390625 0.1201171875
0 0.33203125 0.01123046875 0.056640625 0.0224609375
0 0.349609375 0.08056640625 0.07421875 0.0947265625
0 0.39990234375 0.4384765625 0.0810546875 0.060546875
0 0.42919921875 0.58984375 0.1083984375 0.08203125
0 0.43212890625 0.49658203125 0.0966796875 0.0986328125
0 0.49462890625 0.845703125 0.1708984375 0.130859375
0 0.51171875 0.1728515625 0.083984375 0.08984375
0 0.5888671875 0.20068359375 0.0625 0.2685546875
0 0.6474609375 0.41650390625 0.103515625 0.1298828125
0 0.6796875 0.87744140625 0.162109375 0.1962890625
0 0.66064453125 0.76953125 0.0849609375 0.06640625
0 0.67626953125 0.541015625 0.0322265625 0.0703125
0 0.7119140625 0.6650390625 0.05859375 0.07421875
0 0.7099609375 0.9921875 0.0390625 0.015625
0 0.9580078125 0.099609375 0.083984375 0.19921875
