0 0.96875 0.51375 0.0625 0.125
0 0.936875 0.6231250000000002 0.09375 0.11375000000000002
0 0.9800000000000001 0.678125 0.040000000000000036 0.09375
0 0.03437499999999999 0.766875 0.06874999999999998 0.17874999999999996
0 0.9037499999999999 0.803125 0.19250000000000006 0.23125
0 0.168125 0.83375 0.26125 0.20500000000000007
0 0.7943749999999999 0.8412499999999999 0.11875 0.15
0 0.35062499999999996 0.905625 0.14625000000000005 0.16374999999999992
0 0.7 0.905 0.12750000000000003 0.1375
0 0.8712500000000001 0.9525 0.15500000000000008 0.09499999999999993
0 0.730625 0.9824999999999999 0.10374999999999997 0.03499999999999996
