0 0.8675 0.11000000000000001 0.24749999999999997 0.22000000000000003
0 0.553125 0.0675 0.18374999999999994 0.135
0 0.6131249999999999 0.12437499999999999 0.0012500000000000178 0.0012499999999999955
0 0.52125 0.24937500000000004 0.1325 0.23374999999999999
0 0.48687500000000006 0.4025 0.11374999999999993 0.05499999999999998
0 0.5893750000000001 0.40125 0.04874999999999998 0.04750000000000001
0 0.860625 0.425625 0.09624999999999986 0.04874999999999998
0 0.504375 0.534375 0.22874999999999995 0.19125000000000006
0 0.82875 0.5175 0.15250000000000014 0.10250000000000004
0 0.46062499999999995 0.566875 0.08875000000000002 0.07125000000000004
0 0.7537499999999999 0.649375 0.1374999999999999 0.18625000000000008
0 0.858125 0.6525000000000001 0.07874999999999996 0.15
0 0.593125 0.681875 0.09875000000000007 0.1437500000000001
0 0.67 0.663125 0.054999999999999896 0.08875000000000002
0 0.43499999999999994 0.728125 0.12000000000000002 0.13875
0 0.659375 0.7481250000000002 0.07125000000000004 0.06375000000000001
0 0.38749999999999996 0.8368749999999998 0.020000000000000018 0.013750000000000106
0 0.414375 0.91875 0.19375 0.1625
0 0.693125 0.945 0.3412499999999999 0.10999999999999996
