0 0.05375 0.7575 0.1075 0.18
0 0.059375 0.10250000000000004 0.11875 0.11499999999999977
0 0.30687499999999995 0.915625 0.14125000000000001 0.16875
0 0.29625 0.03250000000000003 0.057499999999999975 0.0525000000000001
0 0.429375 0.9418749999999999 0.24124999999999996 0.11624999999999996
0 0.44875 0.70125 0.20750000000000007 0.23499999999999996
0 0.44000000000000006 0.858125 0.085 0.05125000000000011
0 0.575 0.88125 0.16000000000000006 0.175
0 0.5481250000000001 0.234375 0.026250000000000016 0.028750000000000053
0 0.6212500000000001 0.14375 0.057499999999999926 0.057499999999999996
0 0.7456249999999999 0.5431250000000001 0.24874999999999997 0.3212499999999999
0 0.713125 0.05624999999999997 0.06624999999999988 0.06499999999999984
0 0.896875 0.44125000000000003 0.20625 0.345
0 0.885 0.6443749999999999 0.08000000000000007 0.08125000000000009
0 0.9418749999999999 0.09062500000000001 0.11624999999999996 0.18125000000000002
0 0.9375 0.5862499999999999 0.075 0.08249999999999993
0 0.9525 0.23312500000000003 0.09499999999999993 0.11624999999999996
0 0.95375 0.9981249999999999 0.09250000000000007 0.0037499999999999643
0 0.9724999999999999 0.9087500000000001 0.05500000000000007 0.11500000000000021
0 0.9981249999999999 0.97625 0.0037499999999999643 0.047499999999999966
