0 0.9956250000000001 0.005 0.008750000000000036 0.01
0 0.8868750000000001 0.07875 0.22624999999999992 0.1575
0 0.438125 0.140625 0.32875000000000004 0.28125
0 0.9506249999999999 0.16375 0.09875000000000007 0.2225
0 0.6050000000000001 0.29 0.2899999999999999 0.21749999999999997
0 0.178125 0.2525 0.10875000000000001 0.1325
0 0.8706250000000001 0.296875 0.22874999999999995 0.12375000000000007
0 0.375625 0.36312500000000003 0.11625000000000005 0.17375
0 0.12874999999999998 0.415625 0.1775 0.14875000000000002
0 0.39125 0.5925 0.615 0.395
0 0.186875 0.5075000000000001 0.14125000000000001 0.1700000000000001
0 0.778125 0.5543750000000001 0.20625 0.18375000000000002
0 0.9412499999999999 0.5606249999999999 0.11750000000000008 0.19624999999999995
0 0.015 0.6 0.03 0.26499999999999996
0 0.99875 0.649375 0.002499999999999858 0.16124999999999998
0 0.678125 0.7943749999999999 0.22875000000000006 0.19875000000000007
0 0.080625 0.869375 0.16125 0.23874999999999993
0 0.18062499999999998 0.9443750000000002 0.26375000000000004 0.11124999999999989
0 0.834375 0.954375 0.21875 0.09125000000000014
