0 0.1875 0.88375 0.375 0.2325
0 0.036875 0.7056250000000001 0.07375 0.13875
0 0.10375000000000001 0.718125 0.0925 0.10375000000000005
0 0.31437499999999996 0.73625 0.05625000000000004 0.05250000000000003
0 0.31875 0.600625 0.13999999999999999 0.23625
0 0.530625 0.5275000000000001 0.30125 0.20750000000000002
0 0.401875 0.473125 0.15374999999999997 0.13874999999999993
0 0.22125000000000003 0.5231250000000001 0.04750000000000001 0.03125
0 0.253125 0.45 0.061249999999999985 0.06750000000000007
0 0.3818750000000001 0.308125 0.14125000000000001 0.14625000000000005
0 0.516875 0.231875 0.17375 0.1662499999999999
0 0.7581249999999999 0.26 0.07874999999999996 0.08499999999999996
0 0.97 0.1275 0.060000000000000143 0.16249999999999998
0 0.22937500000000002 0.13875 0.16375000000000003 0.12999999999999987
0 0.16875 0.08437499999999998 0.28500000000000003 0.16874999999999996
0 0.41875 0.10812499999999999 0.09499999999999993 0.0837500000000001
0 0.027500000000000004 0.051875000000000004 0.05500000000000001 0.10375000000000001
0 0.92875 0.04625000000000001 0.09250000000000007 0.09250000000000003
0 0.31875 0.04124999999999995 0.18000000000000002 0.0824999999999999
0 0.8231249999999999 0.008124999999999993 0.06875000000000017 0.016249999999999987
0 0.013750000000000002 0.0006249999999999867 0.027500000000000004 0.0012499999999999734
