0 0.06312499999999999 0.32875 0.12624999999999997 0.18000000000000002
0 0.09875 0.951875 0.1975 0.09624999999999986
0 0.08999999999999991 0.61625 0.14500000000000013 0.16000000000000006
0 0.04249999999999987 0.750625 0.04499999999999993 0.06374999999999993
0 0.08812499999999995 0.8275 0.12624999999999986 0.12000000000000002
0 0.09687500000000004 0.08 0.12875000000000014 0.0875
0 0.11062499999999997 0.4774999999999999 0.07125000000000004 0.07750000000000004
0 0.22062500000000007 0.2475 0.22624999999999984 0.27999999999999997
0 0.16625 0.47874999999999995 0.04499999999999993 0.04249999999999998
0 0.248125 0.859375 0.18125000000000005 0.16875
0 0.22875000000000006 0.6668749999999999 0.07249999999999993 0.09125000000000005
0 0.288125 0.058750000000000004 0.1062500000000001 0.10500000000000001
0 0.32499999999999996 0.043125 0.14749999999999996 0.08625
0 0.31499999999999995 0.459375 0.08499999999999996 0.09375
0 0.40374999999999994 0.505625 0.075 0.07875000000000006
0 0.520625 0.26625 0.24375000000000005 0.34750000000000003
0 0.480625 0.6849999999999999 0.11375000000000002 0.13249999999999992
0 0.49312500000000004 0.88125 0.13375000000000004 0.10750000000000011
0 0.5625 0.678125 0.0375 0.04375
0 0.590625 0.8768750000000001 0.03375000000000004 0.03624999999999989
0 0.619375 0.65625 0.061249999999999985 0.0625
0 0.71 0.528125 0.1749999999999999 0.08874999999999993
0 0.7831250000000001 0.33562499999999995 0.3062500000000001 0.3437499999999999
0 0.7793749999999999 0.003125 0.10124999999999992 0.00625
0 0.884375 0.09 0.23125 0.18
0 0.8125 0.58625 0.04750000000000014 0.039999999999999945
0 0.8699999999999999 0.535625 0.12750000000000003 0.07874999999999996
0 0.86 0.14937499999999998 0.08249999999999993 0.04624999999999999
0 0.9625 0.48562500000000003 0.0700000000000001 0.06624999999999996
