0 0.29833984375 0.9658203125 0.1435546875 0.068359375
0 0.68359375 0.935546875 0.146484375 0.119140625
0 0.439453125 0.85888671875 0.13671875 0.2041015625
0 0.3212890625 0.8828125 0.041015625 0.10546875
0 0.24072265625 0.830078125 0.0751953125 0.080078125
0 0.5947265625 0.82275390625 0.080078125 0.0712890625
0 0.28515625 0.77001953125 0.076171875 0.0517578125
0 0.05078125 0.76953125 0.021484375 0.029296875
0 0.59765625 0.65576171875 0.43359375 0.2080078125
0 0.93994140625 0.67578125 0.0595703125 0.03515625
0 0.1953125 0.62744140625 0.095703125 0.0966796875
0 0.3310546875 0.61083984375 0.1015625 0.1064453125
0 0.875 0.55908203125 0.25 0.1748046875
0 0.5537109375 0.5576171875 0.052734375 0.0234375
0 0.19189453125 0.517578125 0.0791015625 0.0859375
0 0.61328125 0.52978515625 0.05078125 0.0341796875
0 0.28955078125 0.4873046875 0.0927734375 0.09375
0 0.79931640625 0.50341796875 0.0244140625 0.0224609375
0 0.78271484375 0.39697265625 0.0458984375 0.0439453125
0 0.27099609375 0.35791015625 0.0732421875 0.0908203125
0 0.69677734375 0.38232421875 0.0166015625 0.0400390625
0 0.3857421875 0.291015625 0.16015625 0.115234375
0 0.76806640625 0.328125 0.0205078125 0.0234375
0 0.14013671875 0.32470703125 0.0283203125 0.0166015625
0 0.96728515625 0.30126953125 0.0380859375 0.0302734375
0 0.14404296875 0.2734375 0.0517578125 0.0546875
0 0.8095703125 0.283203125 0.029296875 0.01953125
0 0.23828125 0.20166015625 0.169921875 0.1513671875
0 0.54736328125 0.22607421875 0.0458984375 0.0419921875
0 0.7861328125 0.23193359375 0.021484375 0.0263671875
0 0.451171875 0.19287109375 0.13671875 0.0771484375
0 0.1689453125 0.18017578125 0.025390625 0.0263671875
0 0.18798828125 0.16064453125 0.0302734375 0.0244140625
0 0.36181640625 0.140625 0.0615234375 0.046875
0 0.1435546875 0.12890625 0.029296875 0.046875
0 0.52099609375 0.08154296875 0.1748046875 0.1376953125
0 0.26123046875 0.05908203125 0.1220703125 0.1064453125
0 0.34619140625 0.03564453125 0.0126953125 0.0146484375
0 0.25927734375 0.01318359375 0.0439453125 0.0205078125
0 0.63671875 0.00634765625 0.046875 0.0126953125
