0 0.85125 0.008125 0.15250000000000002 0.01625
0 0.48562500000000003 0.024375 0.14625000000000005 0.04875
0 0.05937500000000001 0.005 0.11875000000000002 0.01
0 0.836875 0.141875 0.32624999999999993 0.28375
0 0.9875 0.34562499999999996 0.025 0.13874999999999993
0 0.945 0.333125 0.09250000000000007 0.10375000000000001
0 0.734375 0.31500000000000006 0.05625 0.05249999999999999
0 0.73 0.45062499999999994 0.14000000000000004 0.23625
0 0.5181250000000001 0.5237499999999999 0.3012499999999999 0.20749999999999993
0 0.646875 0.578125 0.1537499999999999 0.13874999999999993
0 0.8275 0.528125 0.04750000000000014 0.03125
0 0.795625 0.60125 0.06125000000000007 0.06749999999999998
0 0.666875 0.743125 0.14124999999999996 0.14624999999999994
0 0.531875 0.819375 0.17375000000000007 0.16625000000000006
0 0.290625 0.79125 0.07875000000000001 0.08499999999999996
0 0.05437500000000001 0.92125 0.10875000000000001 0.15749999999999992
0 0.819375 0.9125 0.16374999999999992 0.13000000000000006
0 0.86875 0.9412499999999999 0.2625 0.11750000000000008
0 0.6300000000000001 0.9431249999999999 0.09500000000000001 0.08375000000000003
0 0.996875 0.9737500000000001 0.00625 0.05250000000000003
0 0.12000000000000006 0.9793749999999999 0.09249999999999992 0.04124999999999997
0 0.7300000000000001 0.984375 0.18000000000000008 0.03125
