0 0.1075 0.30937500000000007 0.215 0.4387499999999999
0 0.161875 0.05062500000000003 0.19625 0.10125000000000006
0 0.276875 0.16000000000000003 0.13875 0.135
0 0.26437499999999997 0.25749999999999995 0.10374999999999997 0.09250000000000003
0 0.24625000000000002 0.468125 0.05249999999999999 0.05625
0 0.38187499999999996 0.4725 0.23625000000000002 0.13999999999999996
0 0.37312500000000004 0.05874999999999997 0.14874999999999994 0.11749999999999994
0 0.45499999999999996 0.684375 0.20749999999999993 0.30125
0 0.509375 0.5556249999999999 0.13874999999999993 0.15374999999999997
0 0.459375 0.375 0.03125 0.047499999999999876
0 0.5325000000000001 0.406875 0.06749999999999998 0.06125000000000003
0 0.6743750000000001 0.535625 0.14625000000000013 0.14124999999999996
0 0.750625 0.670625 0.16625000000000006 0.1737499999999999
0 0.7225 0.9118750000000002 0.08499999999999996 0.07874999999999996
0 0.84375 0.38312500000000005 0.1299999999999998 0.16375
0 0.906875 0.32249999999999995 0.18625000000000008 0.2850000000000001
0 0.8743749999999999 0.5725 0.08375000000000003 0.09500000000000001
0 0.931875 0.1681249999999999 0.10625 0.08125000000000016
0 0.95 0.47250000000000003 0.1 0.17999999999999994
0 0.9525 0.03249999999999992 0.09499999999999993 0.06499999999999984
0 0.9706250000000001 0.11000000000000006 0.05875000000000004 0.07999999999999996
0 0.983125 0.9712500000000001 0.033749999999999857 0.057499999999999926
0 0.990625 0.09062500000000001 0.01875 0.18125000000000002
