0 0.0025 0.691875 0.005 0.15374999999999997
0 0.03375 0.37625 0.0675 0.06499999999999995
0 0.063125 0.8412500000000002 0.12125000000000001 0.15250000000000002
0 0.065 0.6956249999999999 0.06999999999999999 0.09625000000000003
0 0.05687500000000001 0.03875000000000006 0.04625 0.040000000000000036
0 0.16687500000000002 0.389375 0.06624999999999999 0.061249999999999985
0 0.20375000000000001 0.16499999999999998 0.075 0.07749999999999999
0 0.2425 0.9981249999999999 0.07750000000000004 0.0037499999999999643
0 0.316875 0.09375 0.07374999999999998 0.06999999999999984
0 0.3662500000000001 0.59375 0.14000000000000004 0.15749999999999992
0 0.45062499999999994 0.750625 0.12124999999999994 0.11625000000000005
0 0.496875 0.35624999999999996 0.20374999999999996 0.16749999999999998
0 0.495 0.599375 0.13000000000000006 0.16375
0 0.48624999999999996 0.07937499999999997 0.07750000000000004 0.053749999999999964
0 0.713125 0.584375 0.3687499999999999 0.22374999999999998
0 0.625 0.21437499999999998 0.0625 0.053749999999999964
0 0.6912499999999999 0.945 0.12750000000000003 0.10999999999999996
0 0.8243750000000001 0.9887499999999999 0.14875000000000008 0.022499999999999964
0 0.8381250000000001 0.01749999999999996 0.06875000000000017 0.03499999999999992
0 0.8574999999999999 0.37687499999999996 0.08500000000000014 0.06374999999999997
0 0.889375 0.16375 0.07625000000000011 0.07999999999999993
0 0.95 0.350625 0.1 0.07625000000000001
0 0.9618749999999998 0.598125 0.07625000000000011 0.20124999999999993
0 0.963125 0.8618750000000001 0.07375000000000007 0.10124999999999992
0 0.9756250000000002 0.28375000000000006 0.04874999999999989 0.09249999999999994
0 0.9756250000000002 0.18187499999999995 0.04874999999999989 0.08874999999999997
0 0.9974999999999999 0.08250000000000013 0.005000000000000071 0.10749999999999993
