0 0.22000000000000003 0.943125 0.23499999999999996 0.11374999999999993
0 0.368125 0.9618749999999998 0.16124999999999998 0.07625000000000011
0 0.06062500000000004 0.8800000000000001 0.12125000000000008 0.12750000000000003
0 0.5549999999999999 0.93125 0.022499999999999964 0.022499999999999964
0 0.18312499999999998 0.8856249999999999 0.14625000000000002 0.10374999999999997
0 0.370625 0.7881250000000001 0.13624999999999993 0.1862499999999999
0 0.49000000000000005 0.759375 0.16000000000000006 0.20874999999999985
0 0.22312500000000002 0.7575 0.16624999999999998 0.15749999999999992
0 0.62625 0.744375 0.015000000000000036 0.016249999999999876
0 0.12562500000000001 0.64625 0.15874999999999997 0.1825000000000001
0 0.508125 0.58625 0.18625000000000008 0.1125
0 0.03749999999999998 0.571875 0.07499999999999996 0.10625
0 0.690625 0.603125 0.028750000000000053 0.02624999999999993
0 0.30374999999999996 0.5425 0.20749999999999996 0.13499999999999995
0 0.17437499999999995 0.445 0.15375000000000005 0.18750000000000017
0 0.5431250000000001 0.4306249999999999 0.28625000000000006 0.1862499999999999
0 0.318125 0.4425 0.09624999999999995 0.09250000000000003
0 0.365 0.33062500000000006 0.15999999999999986 0.15875000000000009
0 0.62375 0.295625 0.08499999999999996 0.07125000000000004
0 0.27062499999999995 0.27249999999999996 0.08875000000000002 0.07249999999999997
0 0.21249999999999997 0.20562500000000003 0.16249999999999998 0.16874999999999996
0 0.11499999999999999 0.12 0.22999999999999998 0.24
0 0.595 0.20750000000000002 0.05500000000000007 0.06000000000000005
0 0.40875000000000006 0.008124999999999993 0.13249999999999998 0.016249999999999987
