0 0.7006249999999999 0.99 0.09874999999999998 0.019999999999999928
0 0.6425 0.9 0.12249999999999997 0.13250000000000012
0 0.4375 0.8912500000000001 0.1 0.11500000000000003
0 0.24562499999999998 0.7787499999999999 0.12875 0.15
0 0.978125 0.691875 0.04375 0.2512500000000001
0 0.18562499999999998 0.67625 0.11625 0.10749999999999993
0 0.275625 0.5443749999999999 0.11375000000000002 0.13125
0 0.7887500000000001 0.48125 0.20250000000000004 0.22749999999999987
0 0.22125 0.291875 0.1825 0.19124999999999992
0 0.43875000000000003 0.3025 0.09000000000000004 0.13500000000000006
0 0.00375 0.26062500000000005 0.0075 0.08875000000000002
0 0.78875 0.17124999999999996 0.08749999999999991 0.0850000000000001
0 0.6699999999999999 0.09749999999999998 0.16000000000000006 0.19499999999999995
0 0.44749999999999995 0.1343749999999999 0.032500000000000015 0.046250000000000124
0 0.5262499999999999 0.13124999999999998 0.02999999999999998 0.03500000000000014
0 0.815625 0.04437499999999994 0.10874999999999994 0.08874999999999988
