0 0.18249999999999994 0.022500000000000075 0.06250000000000014 0.04500000000000015
0 0.3375 0.08250000000000002 0.18 0.10250000000000004
0 0.00187499999999996 0.16562500000000002 0.00374999999999992 0.14375000000000004
0 0.9731249999999999 0.169375 0.053749999999999964 0.03874999999999995
0 0.0025000000000000577 0.609375 0.0050000000000001155 0.19124999999999998
0 0.5606249999999999 0.6025 0.15624999999999992 0.14749999999999996
0 0.69375 0.55 0.04250000000000007 0.029999999999999895
0 0.9668749999999999 0.66875 0.053750000000000145 0.05999999999999996
0 0.6756249999999999 0.7006249999999999 0.06375000000000001 0.07625000000000001
0 0.5987500000000001 0.770625 0.22000000000000003 0.19124999999999998
0 0.13375000000000004 0.759375 0.2124999999999999 0.15874999999999986
0 0.020625000000000004 0.79875 0.04125000000000001 0.23499999999999996
0 0.755625 0.7575000000000001 0.10124999999999992 0.1424999999999999
0 0.6175 0.9324999999999999 0.2375 0.13499999999999995
0 0.0068750000000000755 0.9212499999999999 0.013750000000000151 0.040000000000000036
0 0.11875000000000002 0.954375 0.08999999999999986 0.09125000000000014
0 0.03437499999999999 0.953125 0.06874999999999998 0.08374999999999985
