0 0.09937500000000002 0.03375 0.13125 0.0675
0 0.6693749999999999 0.073125 0.19125000000000006 0.14625
0 0.8675 0.02375 0.06500000000000003 0.0475
0 0.9775 0.024375 0.04250000000000007 0.04875
0 0.93125 0.01625 0.025 0.022500000000000003
0 0.97625 0.071875 0.022499999999999964 0.023750000000000004
0 0.576875 0.14125000000000001 0.046250000000000034 0.032499999999999994
0 0.976875 0.195625 0.046250000000000034 0.09125000000000001
0 0.5768749999999999 0.18812500000000001 0.026250000000000016 0.026250000000000016
0 0.14250000000000002 0.24499999999999997 0.12000000000000002 0.13749999999999998
0 0.614375 0.221875 0.03125 0.028750000000000008
0 0.97 0.339375 0.060000000000000143 0.20125000000000007
0 0.6175 0.3 0.057500000000000016 0.06999999999999998
0 0.8099999999999999 0.285 0.022500000000000055 0.03750000000000005
0 0.869375 0.29375 0.036250000000000074 0.03500000000000001
0 0.5574999999999999 0.32 0.06000000000000005 0.047499999999999966
0 0.499375 0.330625 0.028750000000000053 0.03125
0 0.16375 0.371875 0.10749999999999997 0.11125000000000007
0 0.883125 0.5181250000000001 0.21624999999999997 0.11624999999999996
0 0.6681250000000001 0.541875 0.03874999999999993 0.038750000000000104
0 0.639375 0.5800000000000001 0.03374999999999995 0.039999999999999945
0 0.898125 0.605 0.061249999999999895 0.0700000000000001
0 0.7318749999999999 0.6181249999999999 0.046249999999999944 0.09124999999999997
0 0.38937499999999997 0.685625 0.04124999999999997 0.09375
0 0.3175 0.6799999999999999 0.07000000000000002 0.05999999999999996
0 0.9706250000000001 0.690625 0.04375 0.021249999999999946
0 0.23562500000000003 0.758125 0.09125000000000001 0.1312500000000001
0 0.780625 0.7887500000000001 0.07375000000000007 0.09749999999999996
0 0.9568750000000001 0.789375 0.053749999999999964 0.05625000000000009
0 0.5043749999999999 0.89375 0.51125 0.2125
0 0.928125 0.880625 0.10625 0.12375000000000007
0 0.9349999999999999 0.945625 0.13000000000000006 0.10375000000000015
0 0.85 0.9199999999999999 0.054999999999999896 0.05
0 0.80375 0.95625 0.125 0.0875
0 0.136875 0.963125 0.15125 0.07375000000000007
