0 0.005625000000000047 0.04875 0.011250000000000093 0.0975
0 0.34125000000000005 0.094375 0.32249999999999995 0.18875
0 0.58125 0.058125 0.1 0.11625
0 0.073125 0.24625 0.14625 0.21000000000000005
0 0.48187499999999994 0.325 0.32875000000000004 0.3
0 0.009375000000000022 0.35750000000000004 0.018750000000000044 0.2225
0 0.31500000000000006 0.48375 0.2899999999999998 0.21750000000000008
0 0.7418750000000001 0.44625000000000004 0.10875000000000004 0.1325
0 0.08187499999999998 0.490625 0.16374999999999995 0.12374999999999999
0 0.5443749999999999 0.556875 0.11625000000000005 0.17375000000000007
0 0.79125 0.609375 0.17750000000000005 0.14874999999999988
0 0.5287499999999999 0.7862500000000001 0.615 0.395
0 0.733125 0.7012499999999999 0.14124999999999996 0.17
0 0.14187499999999997 0.748125 0.2062500000000001 0.18375000000000002
0 0.01874999999999999 0.754375 0.03749999999999998 0.19625000000000004
0 0.945 0.79375 0.10999999999999996 0.26499999999999996
0 0.2418749999999999 0.9443750000000002 0.22875000000000015 0.11124999999999989
0 0.8793749999999999 0.971875 0.24124999999999996 0.05625
