0 0.8243750000000001 0.990625 0.03375000000000021 0.01875
0 0.6643749999999999 0.9649999999999999 0.09124999999999997 0.0700000000000001
0 0.14875 0.9824999999999999 0.08249999999999968 0.03499999999999996
0 0.21999999999999997 0.9775 0.02999999999999998 0.030000000000000072
0 0.009375000000000022 0.9350000000000002 0.018750000000000044 0.10999999999999996
0 0.44499999999999995 0.898125 0.05249999999999995 0.05875000000000004
0 0.759375 0.8006249999999999 0.22375000000000006 0.24874999999999997
0 0.13749999999999996 0.8525 0.125 0.12749999999999986
0 0.921875 0.8875 0.03874999999999993 0.05
0 0.999375 0.881875 0.001249999999999929 0.03874999999999993
0 0.03749999999999998 0.804375 0.07499999999999996 0.12624999999999992
0 0.331875 0.76875 0.09625000000000003 0.08999999999999994
0 0.20750000000000002 0.731875 0.11500000000000002 0.1137500000000001
0 0.86875 0.6587500000000001 0.08499999999999996 0.075
0 0.390625 0.6318750000000001 0.11374999999999998 0.1262500000000001
0 0.9981249999999999 0.661875 0.0037499999999999643 0.05125000000000002
0 0.07437500000000002 0.630625 0.06874999999999998 0.06625000000000014
0 0.5887499999999999 0.548125 0.13999999999999996 0.1262500000000001
0 0.06562499999999999 0.571875 0.06874999999999998 0.04875000000000007
0 0.89875 0.5293749999999999 0.1174999999999999 0.11875000000000009
0 0.04874999999999996 0.46125000000000005 0.09749999999999992 0.14500000000000002
0 0.396875 0.4675000000000001 0.12375000000000007 0.11000000000000006
0 0.7693749999999999 0.469375 0.09875000000000007 0.09375
0 0.968125 0.38875 0.05875000000000021 0.039999999999999945
0 0.37124999999999997 0.365 0.040000000000000036 0.03499999999999988
0 0.057499999999999996 0.3575 0.02750000000000008 0.022500000000000055
0 0.6425 0.325 0.054999999999999896 0.049999999999999954
0 0.09249999999999997 0.333125 0.025000000000000244 0.028750000000000053
0 0.959375 0.26437499999999997 0.08125 0.10875000000000004
0 0.8487500000000001 0.27375 0.029999999999999895 0.03500000000000001
0 0.32999999999999996 0.260625 0.06500000000000009 0.06125000000000003
0 0.574375 0.26937500000000003 0.038750000000000104 0.04125000000000001
0 0.06687500000000002 0.18874999999999997 0.13375000000000004 0.1575
0 0.62 0.23124999999999996 0.047499999999999966 0.04249999999999998
0 0.24562500000000004 0.19562500000000002 0.09374999999999989 0.05624999999999989
0 0.54 0.21187500000000004 0.025 0.021250000000000036
0 0.23249999999999993 0.08937499999999998 0.17500000000000002 0.17874999999999996
0 0.1137499999999999 0.06624999999999998 0.16000000000000014 0.13249999999999995
0 0.39125 0.0625 0.29000000000000004 0.125
0 0.645 0.08312499999999995 0.0674999999999999 0.0687500000000002
0 0.6199999999999999 0.05499999999999999 0.13999999999999996 0.10999999999999999
0 0.003124999999999989 0.030000000000000082 0.006249999999999978 0.060000000000000164
0 0.8462500000000001 0.03125 0.01750000000000007 0.022500000000000187
