0 0.043125000000000024 0.025625 0.08625000000000005 0.05125
0 0.46312499999999995 0.005625 0.02624999999999993 0.01125
0 0.8975 0.061875 0.11999999999999993 0.12375
0 0.42562500000000003 0.031875 0.03125 0.028749999999999998
0 0.04999999999999999 0.14937499999999998 0.09999999999999998 0.20125
0 0.42250000000000004 0.11000000000000001 0.057499999999999975 0.06999999999999999
0 0.22999999999999998 0.095 0.022499999999999964 0.0375
0 0.17062500000000003 0.10374999999999998 0.03624999999999989 0.034999999999999996
0 0.48250000000000004 0.13 0.05999999999999996 0.04750000000000001
0 0.540625 0.140625 0.028749999999999876 0.03125
0 0.87625 0.181875 0.10749999999999993 0.11125
0 0.15687499999999993 0.328125 0.2162500000000002 0.11624999999999996
0 0.0025000000000000577 0.29125 0.0050000000000001155 0.015000000000000036
0 0.371875 0.35187500000000005 0.03874999999999993 0.03875000000000002
0 0.011249999999999982 0.401875 0.022499999999999964 0.07125
0 0.40062499999999995 0.39 0.03374999999999995 0.039999999999999945
0 0.14187499999999992 0.41500000000000004 0.06125000000000014 0.07000000000000002
0 0.3081250000000001 0.428125 0.04624999999999999 0.09124999999999997
0 0.650625 0.495625 0.04125000000000005 0.09375
0 0.7225 0.49000000000000005 0.0700000000000001 0.05999999999999996
0 0.06937500000000008 0.500625 0.04375000000000018 0.021249999999999946
0 0.804375 0.568125 0.09124999999999997 0.1312500000000001
0 0.259375 0.59875 0.07374999999999998 0.09749999999999996
0 0.083125 0.599375 0.053749999999999964 0.05624999999999991
0 0.535625 0.7725 0.5112499999999999 0.3499999999999999
0 0.11187500000000006 0.690625 0.10624999999999996 0.12374999999999989
0 0.08500000000000008 0.755625 0.17000000000000015 0.10374999999999997
0 0.19 0.73 0.05500000000000005 0.05
0 0.2362499999999999 0.784375 0.12500000000000014 0.1237499999999998
0 0.903125 0.8237500000000001 0.15124999999999994 0.1750000000000001
