0 0.971875 0.030625000000000003 0.05625 0.061250000000000006
0 0.875625 0.04625 0.09375 0.0925
0 0.786875 0.024375 0.07624999999999993 0.04875
0 0.2124999999999999 0.0475 0.17000000000000012 0.095
0 0.915625 0.15812500000000002 0.16875 0.30874999999999997
0 0.61 0.11374999999999999 0.19249999999999998 0.20749999999999996
0 0.37 0.0875 0.14500000000000002 0.1325
0 0.159375 0.12875 0.16125 0.14
0 0.48562500000000003 0.21062499999999998 0.13375000000000004 0.21125
0 0.7268749999999999 0.16625 0.05625 0.0425
0 0.053750000000000075 0.27874999999999994 0.10750000000000015 0.21000000000000002
0 0.39812499999999995 0.22875 0.053750000000000055 0.05249999999999995
0 0.340625 0.25125000000000003 0.036250000000000025 0.057500000000000016
0 0.16375 0.278125 0.042500000000000315 0.08625000000000002
0 0.803125 0.349375 0.21124999999999988 0.18875000000000003
0 0.9087500000000001 0.288125 0.075 0.061249999999999985
0 0.573125 0.32749999999999996 0.13375000000000004 0.1275
0 0.4481250000000001 0.36312500000000003 0.18125000000000008 0.17875000000000005
0 0.24562500000000004 0.335625 0.09874999999999998 0.07874999999999996
0 0.6137499999999999 0.383125 0.09500000000000001 0.10374999999999997
0 0.340625 0.43562500000000004 0.15875000000000003 0.18125000000000005
0 0.20687499999999998 0.39125000000000004 0.12125 0.09000000000000008
0 0.97 0.4325 0.060000000000000143 0.16
0 0.01375000000000004 0.39 0.02750000000000008 0.0375
0 0.007500000000000007 0.42750000000000005 0.015000000000000013 0.07250000000000005
0 0.25125000000000003 0.540625 0.17249999999999996 0.24875000000000008
0 0.6362500000000001 0.553125 0.33999999999999997 0.26125
0 0.45375 0.500625 0.0625 0.06374999999999993
0 0.026249999999999885 0.49625 0.04499999999999993 0.03750000000000009
0 0.083125 0.6275000000000001 0.16625 0.225
0 0.85125 0.5587500000000001 0.03499999999999996 0.06500000000000003
0 0.44000000000000006 0.70375 0.2725000000000001 0.29000000000000015
0 0.05437500000000001 0.796875 0.10875000000000001 0.40625
0 0.943125 0.6581250000000001 0.05874999999999986 0.08624999999999998
0 0.805 0.71875 0.17499999999999982 0.2
0 0.99 0.6775 0.019999999999999928 0.07000000000000002
0 0.61 0.670625 0.09499999999999993 0.053749999999999964
0 0.20249999999999996 0.7025 0.14 0.11749999999999998
0 0.6112500000000001 0.7943749999999999 0.09999999999999991 0.16374999999999992
0 0.985 0.75625 0.030000000000000072 0.057500000000000016
0 0.318125 0.789375 0.08125000000000009 0.11875000000000009
0 0.951875 0.79625 0.04124999999999997 0.04499999999999993
0 0.743125 0.8262499999999999 0.018749999999999913 0.027500000000000035
0 0.9056249999999999 0.874375 0.1312499999999998 0.11125000000000007
0 0.16749999999999998 0.9125 0.2575000000000001 0.175
0 0.280625 0.884375 0.08624999999999994 0.11374999999999993
0 0.835625 0.8618750000000001 0.051249999999999754 0.036250000000000074
0 0.41999999999999993 0.9375 0.22499999999999992 0.125
0 0.8237500000000001 0.9175000000000001 0.07249999999999997 0.05250000000000003
0 0.7025 0.9393750000000001 0.08250000000000002 0.09625000000000003
0 0.6231249999999999 0.9193749999999999 0.06874999999999991 0.053750000000000145
0 0.6275000000000001 0.9875 0.18000000000000008 0.025
