0 0.37437499999999996 0.027500000000000004 0.09875000000000003 0.05500000000000001
0 0.43249999999999994 0.135 0.12250000000000005 0.1325
0 0.6375 0.14375 0.1 0.11500000000000003
0 0.829375 0.25625 0.12874999999999998 0.15
0 0.05937500000000001 0.343125 0.11875000000000002 0.25125000000000003
0 0.889375 0.35875 0.11624999999999996 0.10750000000000001
0 0.799375 0.490625 0.1137500000000001 0.13125
0 0.28625000000000006 0.55375 0.20249999999999976 0.22749999999999995
0 0.85375 0.7431249999999999 0.18249999999999994 0.19124999999999998
0 0.63625 0.7325 0.09000000000000004 0.13499999999999995
0 0.28625 0.8637499999999999 0.08749999999999991 0.08499999999999996
0 0.40499999999999997 0.9199999999999999 0.16 0.15999999999999998
0 0.6275000000000001 0.9006249999999998 0.03249999999999993 0.046250000000000034
0 0.54875 0.9037500000000002 0.029999999999999895 0.03499999999999996
0 0.259375 0.9731249999999999 0.10874999999999999 0.053749999999999964
