0 0.938125 0.921875 0.12375000000000007 0.15625
0 0.9568750000000001 0.813125 0.0862499999999999 0.16124999999999998
0 0.8712500000000001 0.06812500000000005 0.2474999999999999 0.1362500000000001
0 0.9212499999999999 0.62625 0.022499999999999964 0.022499999999999964
0 0.8756250000000001 0.9625 0.10374999999999997 0.075
0 0.778125 0.8106249999999999 0.18624999999999997 0.1362499999999999
0 0.749375 0.6912499999999999 0.20874999999999994 0.16000000000000006
0 0.7475 0.9375 0.1575000000000001 0.125
0 0.734375 0.5549999999999999 0.016249999999999785 0.015000000000000036
0 0.6362500000000001 0.9881249999999999 0.18250000000000002 0.02375000000000007
0 0.5762500000000002 0.673125 0.11250000000000009 0.18624999999999997
0 0.593125 0.490625 0.026250000000000016 0.028749999999999876
0 0.5325 0.8775000000000001 0.13500000000000006 0.20749999999999993
0 0.43499999999999994 0.9650000000000001 0.18749999999999992 0.06999999999999992
0 0.4206250000000001 0.6381249999999999 0.18624999999999997 0.28625
0 0.43249999999999994 0.8631249999999999 0.09249999999999999 0.09625000000000021
0 0.320625 0.8162499999999999 0.15875000000000003 0.16000000000000006
0 0.285625 0.5575 0.07125000000000004 0.08499999999999996
0 0.26249999999999996 0.9106249999999999 0.07250000000000005 0.08874999999999993
0 0.19562499999999994 0.94375 0.16875000000000018 0.1125
0 0.11499999999999999 0.9756250000000002 0.22999999999999998 0.04874999999999989
0 0.19750000000000006 0.5862499999999999 0.05999999999999994 0.05500000000000007
0 0.003124999999999989 0.7725 0.006249999999999978 0.13249999999999992
