0 0.9724999999999999 0.026250000000000002 0.05500000000000007 0.052500000000000005
0 0.599375 0.028125 0.13375000000000004 0.05625
0 0.11062499999999997 0.061875 0.22124999999999995 0.12375
0 0.4543750000000001 0.01 0.036249999999999984 0.02
0 0.27749999999999997 0.030625000000000003 0.04249999999999998 0.061250000000000006
0 0.905625 0.091875 0.18874999999999992 0.18375
0 0.9925 0.029374999999999995 0.015000000000000036 0.05874999999999999
0 0.686875 0.0675 0.13375000000000004 0.1275
0 0.561875 0.103125 0.18125000000000008 0.17875000000000002
0 0.359375 0.07562500000000001 0.0987499999999999 0.07875000000000001
0 0.7274999999999999 0.123125 0.09500000000000011 0.10375000000000001
0 0.45437500000000003 0.17562499999999998 0.15875000000000003 0.18124999999999997
0 0.320625 0.13125 0.12125 0.09
0 0.12124999999999997 0.12999999999999998 0.040000000000000036 0.03749999999999998
0 0.09437500000000004 0.16749999999999998 0.06874999999999976 0.07249999999999997
0 0.36500000000000005 0.280625 0.17249999999999996 0.24875000000000008
0 0.75 0.29312499999999997 0.34000000000000014 0.26125
0 0.5675 0.240625 0.0625 0.06375000000000001
0 0.14 0.23625 0.04499999999999993 0.0375
0 0.16062500000000002 0.3675 0.23875000000000002 0.225
0 0.9650000000000001 0.29874999999999996 0.03500000000000014 0.06500000000000003
0 0.55375 0.44375 0.27249999999999996 0.29
0 0.11125000000000003 0.5599999999999999 0.22250000000000006 0.4525
0 0.915625 0.45875000000000005 0.16875 0.1999999999999999
0 0.7237500000000001 0.410625 0.09500000000000001 0.053750000000000006
0 0.31625 0.4425 0.14000000000000004 0.11749999999999994
0 0.725 0.534375 0.1 0.16374999999999992
0 0.43187499999999995 0.5293749999999999 0.08125000000000009 0.11875000000000009
0 0.8568749999999999 0.5662499999999999 0.01875 0.027499999999999948
0 0.976875 0.614375 0.046250000000000034 0.11125000000000007
0 0.2812500000000001 0.6912499999999999 0.25749999999999995 0.2525000000000001
0 0.394375 0.624375 0.08625000000000008 0.11375000000000002
0 0.9493749999999999 0.601875 0.05125000000000011 0.036249999999999984
0 0.5337500000000001 0.74 0.225 0.25
0 0.9375 0.6575 0.07250000000000015 0.05249999999999995
0 0.8162500000000001 0.6793750000000001 0.0825000000000001 0.09625000000000003
0 0.7368750000000001 0.659375 0.06875 0.053750000000000145
0 0.74125 0.835 0.18 0.23999999999999994
0 0.621875 0.818125 0.09375 0.15124999999999994
0 0.93625 0.825 0.10999999999999996 0.1275000000000001
0 0.34875 0.9168749999999999 0.28250000000000003 0.16624999999999995
0 0.5525 0.9037500000000002 0.11499999999999995 0.07750000000000004
0 0.9949999999999999 0.9568749999999999 0.009999999999999964 0.08625000000000008
0 0.7206249999999998 0.9806250000000001 0.12374999999999999 0.03874999999999993
0 0.9631250000000001 0.97875 0.04124999999999997 0.030000000000000072
0 0.5475 0.9818749999999999 0.09250000000000007 0.036250000000000074
