0 0.745625 0.000625 0.03375000000000004 0.00125
0 0.585625 0.026250000000000002 0.09125000000000005 0.052500000000000005
0 0.07 0.00875 0.08249999999999968 0.0175
0 0.14125 0.01 0.030000000000000027 0.02
0 0.36624999999999996 0.084375 0.05250000000000003 0.05874999999999999
0 0.680625 0.181875 0.22374999999999998 0.24874999999999997
0 0.06062500000000004 0.13 0.12125000000000008 0.1275
0 0.843125 0.095 0.03874999999999993 0.04999999999999999
0 0.9375 0.100625 0.03499999999999979 0.03874999999999999
0 0.9731249999999999 0.15687500000000001 0.053749999999999964 0.061250000000000006
0 0.253125 0.21375000000000002 0.09625000000000003 0.09
0 0.12875000000000003 0.250625 0.11499999999999999 0.11375000000000002
0 0.79 0.32375 0.08499999999999988 0.07500000000000004
0 0.311875 0.350625 0.11375000000000002 0.12625000000000003
0 0.9356249999999999 0.320625 0.03624999999999989 0.05125000000000002
0 0.015000000000000013 0.351875 0.030000000000000027 0.06625
0 0.9549999999999998 0.38499999999999995 0.030000000000000072 0.04499999999999993
0 0.51 0.434375 0.14000000000000004 0.12624999999999992
0 0.010624999999999996 0.4106249999999999 0.02124999999999999 0.04874999999999998
0 0.82 0.453125 0.11749999999999998 0.11875
0 0.009375000000000022 0.52125 0.018750000000000044 0.14500000000000002
0 0.318125 0.515 0.12374999999999999 0.10999999999999988
0 0.690625 0.5131249999999999 0.09875000000000007 0.09375000000000008
0 0.985625 0.535625 0.028750000000000143 0.07874999999999996
0 0.889375 0.59375 0.05875000000000004 0.040000000000000036
0 0.2925 0.6174999999999999 0.040000000000000036 0.03499999999999996
0 0.56375 0.6575 0.05499999999999998 0.050000000000000086
0 0.013749999999999929 0.6493749999999999 0.02499999999999991 0.028749999999999963
0 0.884375 0.7181249999999999 0.08874999999999993 0.10875000000000004
0 0.77 0.70875 0.030000000000000072 0.03499999999999988
0 0.25125 0.721875 0.06499999999999995 0.061249999999999895
0 0.495625 0.713125 0.038750000000000104 0.04125000000000005
0 0.027500000000000024 0.79375 0.05500000000000005 0.1575000000000002
0 0.54125 0.75125 0.047500000000000056 0.04249999999999998
0 0.16687499999999994 0.786875 0.09375000000000014 0.05624999999999982
0 0.46125 0.770625 0.025 0.021250000000000036
0 0.96125 0.781875 0.029999999999999895 0.036249999999999984
0 0.15374999999999994 0.9018750000000001 0.17500000000000004 0.19625000000000004
0 0.057499999999999996 0.925 0.11499999999999999 0.15
0 0.31250000000000006 0.9287500000000002 0.2899999999999999 0.1424999999999999
0 0.5662499999999999 0.899375 0.06750000000000007 0.06875
0 0.54125 0.93625 0.14000000000000012 0.12749999999999986
0 0.7675000000000001 0.9512499999999999 0.01749999999999998 0.02250000000000014
0 0.9793749999999999 0.984375 0.04124999999999997 0.03125
