0 0.9375 0.0625 0.125 0.125
0 0.38 0.029375000000000002 0.040000000000000036 0.05375
0 0.006875000000000001 0.053125 0.013750000000000002 0.06624999999999999
0 0.790625 0.052500000000000005 0.14624999999999985 0.06500000000000002
0 0.63 0.126875 0.24249999999999988 0.18124999999999997
0 0.06437499999999999 0.08875000000000001 0.05125 0.05250000000000001
0 0.93125 0.144375 0.07250000000000015 0.05125000000000002
0 0.056874999999999995 0.148125 0.03625 0.04125000000000001
0 0.248125 0.21437499999999998 0.12625000000000003 0.13125000000000003
0 0.049375 0.240625 0.09875 0.12375
0 0.9931249999999998 0.23625 0.013750000000000106 0.07250000000000001
0 0.9118749999999999 0.25875 0.12125000000000004 0.09500000000000001
0 0.45375 0.323125 0.07750000000000004 0.10375000000000001
0 0.25999999999999995 0.36062500000000003 0.10500000000000002 0.13874999999999998
0 0.37937499999999996 0.364375 0.12625000000000003 0.12375000000000003
0 0.008125 0.44437499999999996 0.01625 0.21874999999999994
0 0.79375 0.46624999999999994 0.11499999999999995 0.10750000000000001
0 0.758125 0.5650000000000001 0.34375 0.07999999999999999
0 0.48187499999999994 0.64 0.16624999999999995 0.1325
0 0.00875 0.68125 0.0175 0.20750000000000002
0 0.03625 0.6568750000000001 0.0725 0.10875000000000004
0 0.3225 0.676875 0.08999999999999994 0.04124999999999997
0 0.16375 0.7224999999999999 0.09499999999999997 0.07499999999999991
0 0.8800000000000001 0.991875 0.24000000000000005 0.016249999999999966
