0 0.19287109375 0.03076171875 0.0576171875 0.0615234375
0 0.3212890625 0.06494140625 0.14453125 0.1298828125
0 0.630859375 0.06298828125 0.25 0.1259765625
0 0.92333984375 0.0185546875 0.0341796875 0.037109375
0 0.2177734375 0.10302734375 0.09765625 0.0947265625
0 0.32958984375 0.23291015625 0.2568359375 0.1904296875
0 0.591796875 0.21533203125 0.080078125 0.1455078125
0 0.4150390625 0.38134765625 0.138671875 0.1357421875
0 0.58984375 0.4462890625 0.177734375 0.240234375
0 0.80810546875 0.44140625 0.1533203125 0.166015625
0 0.3115234375 0.46337890625 0.087890625 0.1181640625
0 0.46435546875 0.5419921875 0.1123046875 0.119140625
0 0.638671875 0.70068359375 0.109375 0.1904296875
0 0.51025390625 0.68115234375 0.1142578125 0.1494140625
0 0.408203125 0.70654296875 0.166015625 0.1572265625
0 0.25634765625 0.6982421875 0.1201171875 0.119140625
0 0.92529296875 0.728515625 0.1201171875 0.130859375
0 0.1376953125 0.73291015625 0.0546875 0.0966796875
0 0.052734375 0.7451171875 0.10546875 0.076171875
0 0.07958984375 0.7265625 0.0419921875 0.03515625
0 0.3818359375 0.86181640625 0.201171875 0.2333984375
0 0.251953125 0.81689453125 0.0859375 0.1044921875
0 0.55078125 0.845703125 0.1328125 0.146484375
0 0.05224609375 0.92138671875 0.0478515625 0.0654296875
0 0.08544921875 0.98876953125 0.0283203125 0.0224609375
0 0.01904296875 0.9921875 0.0380859375 0.015625
