0 0.579375 0.03 0.16624999999999995 0.06
0 0.50625 0.19437500000000002 0.3425 0.23625
0 0.14375 0.15625 0.1375 0.14500000000000002
0 0.29937500000000006 0.255 0.08125000000000004 0.13999999999999999
0 0.18875 0.24500000000000002 0.1025 0.0875
0 0.70125 0.344375 0.0625 0.08125
0 0.22625 0.40374999999999994 0.10250000000000004 0.10750000000000001
0 0.01125 0.375625 0.0225 0.04375
0 0.01 0.438125 0.02 0.06374999999999993
0 0.715625 0.50625 0.1887500000000002 0.2
0 0.03375 0.6675 0.0675 0.37249999999999994
0 0.24500000000000002 0.5493750000000001 0.1475 0.11375000000000002
0 0.045 0.5887499999999999 0.09 0.09500000000000001
0 0.203125 0.588125 0.033750000000000016 0.05624999999999991
0 0.26687500000000003 0.6381249999999999 0.04624999999999999 0.03874999999999993
0 0.21875 0.6799999999999999 0.12000000000000002 0.10500000000000007
0 0.050624999999999996 0.716875 0.09625 0.10374999999999997
0 0.125625 0.72875 0.04624999999999999 0.04249999999999998
0 0.013750000000000002 0.7474999999999999 0.025 0.022500000000000055
