0 0.606875 0.005625 0.1137500000000001 0.01125
0 0.534375 0.968125 0.11374999999999993 0.06374999999999993
0 0.46312500000000006 0.914375 0.17875000000000002 0.16375000000000012
0 0.426875 0.046875 0.23124999999999996 0.09375
0 0.39625000000000005 0.733125 0.20500000000000013 0.26124999999999987
0 0.38875000000000004 0.10687500000000001 0.15000000000000005 0.11875
0 0.324375 0.5506249999999999 0.16374999999999992 0.14625000000000013
0 0.325 0.20125 0.13750000000000004 0.12750000000000003
0 0.23249999999999998 0.05375 0.18499999999999994 0.1075
0 0.20750000000000002 0.170625 0.11500000000000002 0.10375000000000001
0 0.11875000000000002 0.0075 0.18249999999999988 0.015
0 0.0918750000000001 0.14750000000000002 0.12624999999999986 0.11750000000000001
0 0.08937499999999998 0.263125 0.07374999999999998 0.07374999999999998
