0 0.2 0.03875 0.0850000000000001 0.0775
0 0.5125 0.11687500000000002 0.1625 0.23375000000000004
0 0.7106250000000001 0.12937500000000002 0.19875000000000007 0.20875000000000005
0 0.18374999999999997 0.143125 0.1725000000000001 0.17625
0 0.06374999999999992 0.078125 0.03249999999999986 0.03374999999999999
0 0.843125 0.125 0.03874999999999993 0.06499999999999999
0 0.89875 0.12562500000000001 0.0375 0.04874999999999998
0 0.401875 0.22625 0.20875000000000005 0.20250000000000004
0 0.8543749999999999 0.19375 0.05875000000000004 0.05
0 0.9881249999999999 0.20875 0.02375000000000007 0.05249999999999997
0 0.9118749999999999 0.21875 0.06624999999999996 0.047499999999999966
0 0.65 0.26375000000000004 0.09499999999999993 0.06249999999999996
0 0.98125 0.37124999999999997 0.0375 0.07999999999999999
0 0.40499999999999997 0.40125 0.0875 0.11999999999999997
0 0.961875 0.48187499999999994 0.07125000000000022 0.08875000000000002
0 0.8256249999999999 0.504375 0.08874999999999993 0.12375000000000007
0 0.2625 0.54 0.12249999999999997 0.12000000000000002
0 0.18875000000000003 0.561875 0.07999999999999996 0.11125000000000007
0 0.07937500000000014 0.589375 0.03874999999999995 0.09625000000000003
0 0.8875 0.66875 0.05500000000000007 0.10249999999999986
0 0.16187499999999994 0.735625 0.12875 0.16625000000000006
0 0.440625 0.7512500000000001 0.11375000000000002 0.15000000000000008
0 0.45124999999999993 0.858125 0.04500000000000002 0.04874999999999989
0 0.8787499999999999 0.938125 0.16999999999999993 0.12375000000000007
0 0.739375 0.9525 0.05875000000000004 0.09000000000000022
0 0.41375 0.983125 0.13249999999999992 0.033749999999999857
0 0.95875 0.99 0.08249999999999993 0.019999999999999928
