0 0.1625 0.991875 0.025 0.016249999999999966
0 0.464375 0.9668749999999999 0.1137500000000001 0.06624999999999996
0 0.7762499999999999 0.8625 0.06249999999999991 0.05500000000000007
0 0.6212500000000001 0.7975000000000001 0.18000000000000008 0.10250000000000004
0 0.9774999999999998 0.7143750000000001 0.04500000000000011 0.1437499999999999
0 0.00625 0.710625 0.0125 0.03875000000000002
0 0.976875 0.270625 0.046250000000000034 0.19124999999999992
0 0.398125 0.27749999999999997 0.15625 0.14749999999999996
0 0.265 0.32999999999999996 0.04249999999999998 0.030000000000000027
0 0.009375 0.21125 0.01875 0.05999999999999994
0 0.28312499999999996 0.179375 0.06375000000000001 0.07625000000000004
0 0.36 0.10937500000000007 0.21999999999999992 0.19124999999999984
0 0.825 0.12062499999999998 0.2125 0.15874999999999995
0 0.95875 0.09937500000000005 0.08249999999999993 0.1987500000000001
0 0.203125 0.12249999999999994 0.10124999999999998 0.14250000000000007
0 0.34125000000000005 0.007500000000000007 0.23750000000000004 0.015000000000000013
