0 0.07 0.39375 0.14 0.175
0 0.023125 0.24250000000000008 0.04625 0.05249999999999999
0 0.04875 0.13937500000000008 0.0975 0.09624999999999984
0 0.055625000000000015 0.5925 0.09125000000000003 0.10250000000000004
0 0.123125 0.19624999999999998 0.06625 0.09750000000000006
0 0.26937500000000003 0.5962500000000001 0.26625000000000004 0.555
0 0.24375 0.9981249999999999 0.04499999999999997 0.0037499999999999643
0 0.305625 0.08124999999999988 0.12374999999999999 0.12249999999999994
0 0.32687499999999997 0.2549999999999999 0.13625000000000004 0.1300000000000001
0 0.393125 0.8956250000000001 0.22374999999999998 0.20875000000000005
0 0.39499999999999996 0.54 0.02999999999999998 0.06749999999999998
0 0.4462499999999999 0.07687499999999986 0.10999999999999996 0.10124999999999995
0 0.43062500000000004 0.61625 0.04375 0.06499999999999986
0 0.485 0.2018749999999999 0.12000000000000002 0.11875000000000013
0 0.464375 0.8543749999999999 0.028749999999999963 0.03125
0 0.600625 0.8331250000000001 0.05625000000000009 0.05875000000000004
0 0.650625 0.178125 0.11624999999999996 0.09375000000000003
0 0.619375 0.723125 0.05125000000000002 0.021250000000000036
0 0.7362500000000001 0.32500000000000007 0.14750000000000013 0.205
0 0.68875 0.8143750000000001 0.02999999999999998 0.026250000000000107
0 0.693125 0.014375000000000082 0.021249999999999946 0.028750000000000164
0 0.75875 0.024374999999999925 0.07000000000000002 0.04874999999999985
0 0.7462500000000001 0.8675 0.025 0.0375
0 0.850625 0.13625000000000004 0.19374999999999992 0.21749999999999994
0 0.819375 0.5318750000000001 0.053749999999999874 0.05875000000000004
0 0.811875 0.8375 0.03374999999999995 0.027500000000000035
0 0.8618750000000001 0.40875000000000006 0.09875000000000007 0.1749999999999999
0 0.878125 0.04749999999999999 0.03375000000000004 0.03249999999999997
0 0.903125 0.07187500000000008 0.03125 0.03875000000000017
0 0.9287500000000002 0.29437499999999994 0.05999999999999996 0.07875000000000001
0 0.94375 0.016874999999999918 0.060000000000000143 0.033749999999999836
0 0.9581250000000001 0.49812499999999993 0.08375000000000003 0.22374999999999998
0 0.9824999999999999 0.165625 0.03499999999999996 0.15624999999999997
