0 0.005625 0.351875 0.01125 0.046250000000000034
0 0.04187500000000001 0.351875 0.026250000000000002 0.026249999999999975
0 0.09875 0.78625 0.1375 0.11999999999999975
0 0.075625 0.31437499999999996 0.028749999999999987 0.03125
0 0.15375 0.31124999999999997 0.06999999999999999 0.057499999999999975
0 0.13874999999999998 0.11875000000000013 0.0375 0.022499999999999964
0 0.14750000000000002 0.05937500000000001 0.03500000000000001 0.036250000000000004
0 0.17375000000000002 0.37125 0.04750000000000001 0.05999999999999996
0 0.184375 0.429375 0.03125 0.028749999999999963
0 0.22562500000000002 0.7649999999999999 0.11124999999999999 0.10750000000000011
0 0.371875 0.07687500000000008 0.11625 0.15375000000000016
0 0.395625 0.260625 0.03874999999999997 0.03875000000000006
0 0.43375 0.289375 0.039999999999999945 0.03375000000000004
0 0.45875000000000005 0.030625000000000013 0.07000000000000002 0.06125000000000003
0 0.471875 0.1968749999999999 0.09124999999999997 0.046250000000000124
0 0.539375 0.5393749999999999 0.09375000000000008 0.04124999999999997
0 0.5337500000000001 0.6112500000000001 0.05999999999999987 0.07000000000000002
0 0.6118750000000001 0.693125 0.13125 0.09125000000000005
0 0.6425000000000001 0.148125 0.09750000000000006 0.07375000000000032
0 0.8162499999999999 0.42437499999999995 0.35 0.5112499999999999
0 0.734375 0.026874999999999982 0.12375000000000007 0.053749999999999964
0 0.7993750000000001 0.02937500000000004 0.10374999999999987 0.05875000000000008
0 0.77375 0.07874999999999993 0.04999999999999991 0.05500000000000005
0 0.828125 0.125 0.12375000000000007 0.125
0 0.8675 0.7918749999999999 0.17499999999999982 0.15124999999999983
