0 0.024375 0.7387499999999999 0.04875 0.09750000000000006
0 0.115625 0.76 0.05625 0.07000000000000002
0 0.193125 0.968125 0.13624999999999998 0.06374999999999993
0 0.20187499999999997 0.6668749999999999 0.09624999999999999 0.09624999999999995
0 0.169375 0.75875 0.03125 0.040000000000000036
0 0.181875 0.403125 0.04125000000000003 0.05125000000000011
0 0.21999999999999997 0.8956250000000001 0.06249999999999998 0.061249999999999895
0 0.20687499999999998 0.789375 0.03374999999999999 0.04375000000000009
0 0.370625 0.351875 0.22874999999999995 0.21125000000000008
0 0.33375000000000005 0.9306249999999998 0.1375 0.1387500000000001
0 0.348125 0.655 0.13624999999999993 0.15999999999999998
0 0.3275 0.5118750000000001 0.08250000000000002 0.08874999999999993
0 0.38 0.018125000000000058 0.09999999999999995 0.036250000000000115
0 0.42250000000000004 0.16625 0.15250000000000008 0.15249999999999986
0 0.509375 0.0012499999999999178 0.07875000000000006 0.0024999999999998357
0 0.5662499999999999 0.7787499999999999 0.13999999999999996 0.2725000000000001
0 0.5606249999999999 0.960625 0.1062500000000001 0.07874999999999996
0 0.581875 0.571875 0.11624999999999996 0.09624999999999995
0 0.59375 0.426875 0.1299999999999999 0.17874999999999996
0 0.5962500000000001 0.276875 0.1124999999999999 0.11125000000000007
0 0.73125 0.4175 0.13249999999999992 0.16250000000000014
0 0.77125 0.9668749999999999 0.06750000000000007 0.06624999999999996
0 0.7743749999999999 0.221875 0.028749999999999963 0.03375000000000004
0 0.9643750000000001 0.713125 0.07125000000000004 0.05875000000000012
