0 0.23125 0.14875 0.18000000000000005 0.12
0 0.8862500000000001 0.15812500000000002 0.11500000000000003 0.12375000000000003
0 0.07874999999999999 0.40812499999999996 0.15749999999999997 0.14124999999999996
0 0.95625 0.3975 0.05250000000000021 0.057500000000000016
0 0.05250000000000005 0.530625 0.1050000000000001 0.24125000000000005
0 0.2875000000000001 0.55 0.23499999999999993 0.2075000000000001
0 0.13062500000000005 0.54125 0.05124999999999991 0.08499999999999996
0 0.10749999999999993 0.6762499999999999 0.17500000000000004 0.16000000000000006
0 0.754375 0.649375 0.028749999999999963 0.026250000000000016
0 0.845 0.7224999999999999 0.05750000000000011 0.057499999999999926
0 0.44562500000000005 0.846875 0.3212499999999999 0.2487499999999998
0 0.9324999999999999 0.8143750000000001 0.06500000000000003 0.06624999999999996
0 0.5475 0.9475 0.3449999999999999 0.10500000000000007
0 0.344375 0.9731249999999999 0.08125000000000004 0.053749999999999964
0 0.9037499999999999 0.9925 0.19250000000000006 0.015000000000000036
