0 0.012500000000000011 0.021874999999999978 0.025000000000000022 0.043749999999999956
0 0.1343749999999999 0.0050000000000000044 0.11124999999999985 0.010000000000000009
0 0.440625 0.083125 0.06875 0.053749999999999964
0 0.395 0.23499999999999996 0.20750000000000007 0.22249999999999992
0 0.25625 0.198125 0.09999999999999995 0.10125000000000006
0 0.2156250000000001 0.35312499999999997 0.1087499999999999 0.11625000000000005
0 0.9262499999999999 0.6312500000000001 0.14749999999999996 0.3575000000000001
0 0.47062499999999996 0.515625 0.07874999999999996 0.07625000000000001
0 0.273125 0.5774999999999999 0.13875000000000007 0.15
0 0.72875 0.694375 0.24750000000000005 0.22875000000000006
0 0.15437500000000004 0.68625 0.0887500000000001 0.09249999999999999
0 0.0012499999999999178 0.71375 0.0024999999999998357 0.13499999999999995
0 0.45499999999999996 0.7324999999999999 0.09000000000000004 0.10750000000000001
0 0.525625 0.70375 0.03374999999999995 0.03249999999999993
0 0.5068750000000001 0.835625 0.15875000000000003 0.16124999999999998
0 0.725 0.8368749999999998 0.05499999999999998 0.06624999999999996
0 0.648125 0.840625 0.08374999999999995 0.06375000000000011
0 0.6206250000000001 0.9268750000000001 0.08875000000000002 0.12125000000000004
