0 0.9949999999999999 0.725625 0.009999999999999964 0.09375
0 0.909375 0.7318749999999999 0.16125000000000006 0.1662499999999998
0 0.694375 0.65875 0.23625 0.3424999999999999
0 0.7324999999999999 0.29625 0.14499999999999993 0.1375
0 0.7693749999999999 0.00625 0.05125000000000002 0.0125
0 0.713125 0.005625 0.046250000000000124 0.01125
0 0.6337499999999999 0.45187499999999997 0.14000000000000004 0.08125
0 0.64375 0.34125 0.0875 0.10250000000000004
0 0.626875 0.01875 0.09124999999999997 0.0375
0 0.5443749999999999 0.85375 0.08125000000000009 0.0625
0 0.5325 0.048125 0.07749999999999994 0.08625
0 0.48500000000000004 0.37875000000000003 0.10750000000000011 0.10249999999999995
0 0.5131249999999999 0.151875 0.04375 0.04624999999999999
0 0.480625 0.020625 0.05624999999999991 0.04125
0 0.45062499999999994 0.138125 0.06375000000000001 0.06875
0 0.3825 0.868125 0.20000000000000004 0.18874999999999992
0 0.446875 0.052500000000000005 0.06374999999999993 0.08499999999999999
0 0.375625 0.0375 0.06374999999999993 0.05249999999999999
0 0.22124999999999995 0.11000000000000001 0.3725 0.22000000000000003
0 0.37375 0.10500000000000001 0.06000000000000005 0.03500000000000001
0 0.356875 0.061875 0.08875000000000002 0.05874999999999999
0 0.339375 0.3975 0.11375000000000002 0.14750000000000005
0 0.3 0.19624999999999998 0.09500000000000011 0.09249999999999999
0 0.300625 0.355625 0.05625 0.03374999999999999
0 0.250625 0.41937499999999994 0.03875000000000006 0.04624999999999999
0 0.20875 0.37125 0.10499999999999998 0.11999999999999997
0 0.17187499999999994 0.203125 0.10375000000000009 0.09624999999999997
0 0.1600000000000001 0.278125 0.04249999999999987 0.046250000000000034
0 0.140625 0.110625 0.05624999999999991 0.048750000000000016
0 0.1412500000000001 0.16625 0.022499999999999964 0.024999999999999977
0 0.050624999999999976 0.04 0.036250000000000004 0.06999999999999999
0 0.007500000000000007 0.043125 0.015000000000000013 0.08625
