0 0.960625 0.650625 0.07874999999999996 0.11125000000000007
0 0.5737499999999999 0.6956249999999999 0.8300000000000001 0.60875
0 0.858125 0.32875 0.23125000000000018 0.10499999999999998
0 0.7 0.011249999999999982 0.06499999999999995 0.022499999999999964
0 0.69875 0.28875 0.05750000000000011 0.06500000000000003
0 0.683125 0.06562499999999999 0.05125000000000011 0.05625000000000002
0 0.609375 0.1275 0.06125000000000007 0.09999999999999998
0 0.525625 0.20437500000000003 0.13874999999999993 0.09875000000000003
0 0.510625 0.279375 0.07624999999999993 0.06625000000000006
0 0.22312500000000007 0.93 0.3262499999999998 0.14000000000000004
0 0.304375 0.020625000000000004 0.06375000000000011 0.04125000000000001
0 0.21187500000000012 0.22374999999999998 0.2087499999999999 0.2350000000000001
0 0.241875 0.109375 0.061249999999999895 0.06125000000000003
0 0.25187499999999996 0.28375 0.03375000000000008 0.03500000000000005
0 0.08062500000000006 0.5912499999999999 0.16125000000000012 0.29500000000000004
0 0.07437500000000002 0.12374999999999996 0.14875000000000005 0.24000000000000007
0 0.05437500000000001 0.805 0.10875000000000001 0.21750000000000008
0 0.03749999999999998 0.33125 0.07499999999999996 0.0875
