0 0.7737499999999999 0.9875 0.029999999999999895 0.025
0 0.2750000000000001 0.923125 0.17999999999999983 0.15375000000000014
0 0.925 0.8806249999999999 0.15 0.21124999999999988
0 0.5625 0.8825 0.15999999999999998 0.14499999999999974
0 0.696875 0.93 0.06374999999999993 0.04500000000000011
0 0.77375 0.884375 0.12000000000000002 0.12624999999999992
0 0.03500000000000003 0.875625 0.07000000000000006 0.12874999999999978
0 0.42374999999999996 0.8618750000000001 0.07749999999999999 0.07124999999999986
0 0.19374999999999998 0.751875 0.28 0.22625000000000012
0 0.425 0.80625 0.04249999999999998 0.04500000000000002
0 0.805625 0.724375 0.1687500000000001 0.18124999999999983
0 0.6131249999999999 0.74375 0.09124999999999997 0.07250000000000005
0 0.028749999999999942 0.684375 0.057499999999999885 0.10625
0 0.016249999999999987 0.6475 0.03249999999999997 0.14749999999999996
0 0.996875 0.639375 0.00625 0.12625000000000003
0 0.405625 0.6575 0.09375 0.08499999999999996
0 0.4518750000000001 0.56875 0.07875000000000006 0.075
0 0.21249999999999997 0.45187499999999997 0.34750000000000003 0.24375
0 0.63125 0.491875 0.1325 0.11374999999999993
0 0.8275 0.479375 0.10749999999999993 0.13375000000000004
0 0.624375 0.41 0.04375 0.0375
0 0.8231250000000001 0.3818750000000001 0.036250000000000074 0.03375000000000008
0 0.6025 0.353125 0.0625 0.06125000000000003
0 0.47437499999999994 0.2625 0.0887500000000001 0.17499999999999996
0 0.281875 0.18937500000000007 0.34375 0.3062499999999999
0 0.06312499999999999 0.10187499999999998 0.12624999999999997 0.20374999999999996
0 0.5325 0.1600000000000001 0.040000000000000036 0.04749999999999999
0 0.48187499999999994 0.1025 0.07875000000000006 0.12750000000000006
0 0.09562500000000002 0.11250000000000009 0.04625000000000001 0.08250000000000013
0 0.43187499999999995 0.022500000000000075 0.0662500000000001 0.04500000000000015
