0 0.6767578125 0.017578125 0.119140625 0.03515625
0 0.5693359375 0.00830078125 0.052734375 0.0166015625
0 0.39111328125 0.0302734375 0.1142578125 0.060546875
0 0.056640625 0.01513671875 0.095703125 0.0302734375
0 0.70947265625 0.126953125 0.3427734375 0.234375
0 0.93603515625 0.20263671875 0.1279296875 0.1533203125
0 0.826171875 0.29248046875 0.10546875 0.1083984375
0 0.75 0.28271484375 0.072265625 0.0810546875
0 0.58544921875 0.2685546875 0.0439453125 0.041015625
0 0.58203125 0.37451171875 0.109375 0.1845703125
0 0.9296875 0.36767578125 0.140625 0.1162109375
0 0.41650390625 0.431640625 0.2353515625 0.162109375
0 0.51708984375 0.47412109375 0.1201171875 0.1083984375
0 0.658203125 0.43505859375 0.037109375 0.0244140625
0 0.63330078125 0.4921875 0.0478515625 0.052734375
0 0.53271484375 0.60302734375 0.1103515625 0.1142578125
0 0.42724609375 0.66259765625 0.1357421875 0.1298828125
0 0.23876953125 0.640625 0.0615234375 0.06640625
0 0.04833984375 0.744140625 0.0966796875 0.126953125
0 0.65185546875 0.7353515625 0.1279296875 0.1015625
0 0.69921875 0.85595703125 0.22265625 0.2880859375
0 0.50390625 0.75927734375 0.07421875 0.0654296875
0 0.81982421875 0.80419921875 0.0634765625 0.0830078125
0 0.10546875 0.83349609375 0.072265625 0.1240234375
0 0.58203125 0.8388671875 0.140625 0.119140625
0 0.9501953125 0.861328125 0.099609375 0.15625
0 0.865234375 0.837890625 0.0625 0.052734375
0 0.18798828125 0.8486328125 0.0537109375 0.03515625
0 0.90185546875 0.92138671875 0.1845703125 0.1572265625
0 0.529296875 0.9169921875 0.091796875 0.1171875
0 0.1513671875 0.890625 0.046875 0.0390625
