0 0.2975 0.011875 0.11750000000000002 0.02375
0 0.39187500000000003 0.05375 0.14625000000000005 0.1075
0 0.29124999999999995 0.094375 0.10749999999999997 0.12625
0 0.9662499999999999 0.113125 0.06750000000000007 0.11124999999999999
0 0.778125 0.12250000000000001 0.12875000000000006 0.09750000000000002
0 0.39437500000000003 0.178125 0.22875 0.19375
0 0.53125 0.12437500000000001 0.07749999999999994 0.08375
0 0.216875 0.175625 0.11125 0.13875
0 0.07125 0.248125 0.1425 0.20875
0 0.5725 0.22999999999999998 0.125 0.145
0 0.8925000000000001 0.248125 0.21499999999999994 0.14875000000000002
0 0.7168749999999999 0.2525 0.12124999999999994 0.15249999999999997
0 0.258125 0.4387499999999999 0.19374999999999998 0.18999999999999995
0 0.3575 0.395 0.06749999999999998 0.0975
0 0.505625 0.44749999999999995 0.06375000000000001 0.09249999999999999
0 0.8787500000000001 0.564375 0.10250000000000004 0.1362499999999999
0 0.54875 0.55 0.07249999999999997 0.10500000000000007
0 0.666875 0.5956250000000001 0.11125000000000007 0.11875000000000009
0 0.15062499999999998 0.6737500000000001 0.28874999999999995 0.24500000000000002
0 0.996875 0.7481249999999999 0.00625 0.27375
0 0.78375 0.7162499999999999 0.19000000000000003 0.19249999999999998
0 0.6443749999999999 0.693125 0.05874999999999995 0.07624999999999993
0 0.029374999999999995 0.7849999999999999 0.05874999999999999 0.10499999999999998
0 0.558125 0.8556249999999999 0.1012500000000001 0.1362499999999999
0 0.4525 0.8943750000000001 0.17 0.20875000000000005
0 0.254375 0.9393750000000001 0.25875 0.12125000000000004
0 0.365625 0.8881250000000002 0.0012500000000000178 0.0012500000000001065
0 0.019375 0.9525 0.03875 0.09499999999999993
0 0.09375 0.9643750000000001 0.10499999999999998 0.07125000000000004
0 0.565625 0.97875 0.14375 0.04250000000000007
