0 0.813125 0.039375 0.22375000000000006 0.07875
0 0.07 0.006875000000000001 0.11749999999999983 0.013750000000000002
0 0.385625 0.015625 0.09624999999999995 0.03125
0 0.26125 0.04 0.11500000000000003 0.08
0 0.9225000000000001 0.09625 0.08499999999999996 0.07500000000000002
0 0.44437499999999996 0.123125 0.11374999999999998 0.12625000000000003
0 0.128125 0.12437499999999999 0.06874999999999998 0.06625
0 0.6425 0.206875 0.14000000000000004 0.12625000000000003
0 0.11937500000000005 0.18312499999999998 0.0687500000000002 0.04874999999999998
0 0.946875 0.22562499999999996 0.10625 0.11874999999999995
0 0.09124999999999994 0.29375 0.11999999999999988 0.14500000000000002
0 0.45062499999999994 0.2875 0.12374999999999999 0.11000000000000001
0 0.8231249999999999 0.285625 0.09875000000000025 0.09375000000000004
0 0.9962500000000001 0.36624999999999996 0.007499999999999929 0.039999999999999994
0 0.425 0.38999999999999996 0.039999999999999855 0.03499999999999992
0 0.11124999999999996 0.3975 0.02750000000000008 0.022500000000000055
0 0.69625 0.43000000000000005 0.05499999999999998 0.04999999999999991
0 0.14624999999999994 0.421875 0.0249999999999998 0.028750000000000143
0 0.9862500000000001 0.490625 0.027500000000000035 0.10874999999999994
0 0.9025000000000001 0.48125 0.030000000000000072 0.03500000000000005
0 0.3837499999999999 0.49437499999999995 0.06500000000000003 0.061249999999999985
0 0.628125 0.48562500000000003 0.03874999999999993 0.04124999999999997
0 0.10750000000000004 0.5662499999999999 0.15999999999999992 0.15750000000000003
0 0.67375 0.5237499999999999 0.047499999999999966 0.04250000000000007
0 0.29937499999999995 0.559375 0.09375 0.05625
0 0.59375 0.543125 0.025 0.021250000000000036
0 0.0050000000000000044 0.564375 0.010000000000000009 0.028749999999999963
0 0.28625000000000006 0.6918749999999999 0.17499999999999993 0.2312499999999999
0 0.16750000000000004 0.715625 0.16000000000000003 0.18624999999999997
0 0.445 0.795625 0.29 0.3312500000000001
0 0.69875 0.671875 0.0674999999999999 0.06875
0 0.67375 0.75625 0.14000000000000004 0.22250000000000006
0 0.030000000000000082 0.7737499999999999 0.060000000000000164 0.1575000000000001
0 0.9 0.72375 0.017499999999999894 0.022499999999999964
0 0.7675 0.82875 0.09749999999999996 0.10499999999999998
0 0.4950000000000001 0.8775000000000001 0.08750000000000009 0.10249999999999986
0 0.8425 0.875 0.08000000000000007 0.039999999999999855
0 0.058750000000000024 0.9331250000000001 0.09250000000000014 0.13375000000000004
0 0.19375000000000003 0.95 0.17000000000000004 0.1
0 0.42000000000000004 0.9862500000000001 0.04750000000000001 0.027500000000000035
