0 0.89375 0.9675 0.0625 0.06499999999999986
0 0.9793749999999999 0.9324999999999999 0.04124999999999997 0.125
0 0.27937500000000004 0.96125 0.018750000000000044 0.05750000000000011
0 0.9100000000000001 0.8850000000000001 0.10999999999999996 0.12750000000000003
0 0.148125 0.915 0.051249999999999685 0.0375
0 0.20500000000000002 0.8162499999999999 0.07499999999999984 0.09750000000000006
0 0.07624999999999998 0.7393750000000001 0.11250000000000016 0.1437500000000001
0 0.246875 0.74125 0.08625000000000008 0.08499999999999996
0 0.6118750000000001 0.4600000000000001 0.06875 0.13249999999999998
0 0.5137499999999999 0.47375000000000006 0.08750000000000009 0.08749999999999991
0 0.2612499999999999 0.3975000000000001 0.17000000000000004 0.20250000000000004
0 0.788125 0.46312499999999995 0.036249999999999984 0.028750000000000053
0 0.10187500000000012 0.370625 0.14624999999999988 0.16875
0 0.51625 0.36250000000000004 0.15000000000000008 0.11499999999999995
0 0.7993750000000001 0.38875000000000004 0.02375000000000007 0.05249999999999999
0 0.85 0.35750000000000004 0.0375 0.030000000000000027
0 0.804375 0.33062500000000006 0.016249999999999966 0.03375000000000008
0 0.6300000000000001 0.275625 0.08749999999999991 0.10624999999999991
0 0.5199999999999999 0.23249999999999998 0.08500000000000005 0.07500000000000007
0 0.8025 0.251875 0.020000000000000018 0.036249999999999984
0 0.30875 0.19062500000000004 0.0875 0.10874999999999993
0 0.42374999999999996 0.19750000000000006 0.05500000000000003 0.05999999999999994
0 0.17500000000000004 0.14812499999999995 0.1349999999999998 0.1362500000000002
0 0.915625 0.17187499999999994 0.07625000000000011 0.08625000000000002
0 0.63375 0.15500000000000003 0.08999999999999994 0.0925
0 0.3193750000000001 0.08374999999999994 0.16374999999999998 0.1349999999999999
0 0.41 0.09999999999999998 0.08250000000000002 0.08999999999999986
0 0.9625 0.12250000000000001 0.075 0.04250000000000009
0 0.525 0.08937500000000004 0.1299999999999999 0.05625000000000002
0 0.027500000000000024 0.051875000000000004 0.05500000000000005 0.10375000000000001
0 0.15062499999999995 0.04124999999999995 0.22624999999999992 0.0824999999999999
0 0.568125 0.05312499999999998 0.04125000000000005 0.05874999999999986
0 0.6625 0.00187499999999996 0.01749999999999998 0.00374999999999992
