0 0.9181249999999999 0.9243750000000001 0.16375000000000012 0.15124999999999994
0 0.615 0.971875 0.1924999999999999 0.05625
0 0.164375 0.98125 0.16125000000000003 0.0375
0 0.490625 0.9225 0.13375000000000004 0.15500000000000008
0 0.7318749999999999 0.9868750000000001 0.05625 0.02624999999999993
0 0.05625000000000002 0.8825 0.11250000000000004 0.21000000000000005
0 0.403125 0.9324999999999999 0.053750000000000096 0.05250000000000003
0 0.345625 0.9099999999999999 0.036249999999999984 0.057499999999999926
0 0.1687499999999999 0.883125 0.04249999999999987 0.0862499999999999
0 0.8081250000000001 0.811875 0.21125000000000008 0.18874999999999992
0 0.91375 0.8731250000000002 0.07500000000000018 0.06125000000000007
0 0.578125 0.83375 0.13375000000000004 0.12749999999999995
0 0.453125 0.798125 0.18124999999999997 0.17874999999999996
0 0.25062500000000004 0.8256249999999999 0.09875000000000003 0.07875000000000006
0 0.61875 0.778125 0.09500000000000001 0.10374999999999979
0 0.34562499999999996 0.725625 0.15875000000000003 0.18125
0 0.21187499999999995 0.7699999999999999 0.12125000000000008 0.08999999999999986
0 0.9724999999999999 0.72875 0.05500000000000007 0.16000000000000014
0 0.016249999999999987 0.77125 0.03249999999999997 0.03750000000000009
0 0.009999999999999953 0.73375 0.019999999999999907 0.07250000000000005
0 0.2562500000000001 0.620625 0.17249999999999988 0.24875000000000008
0 0.64125 0.608125 0.34000000000000014 0.26125
0 0.45875000000000005 0.6606249999999999 0.0625 0.06375000000000001
0 0.03125 0.665 0.04499999999999993 0.0375
0 0.085625 0.5337500000000001 0.17125 0.225
0 0.85625 0.6025 0.03500000000000014 0.06499999999999986
0 0.44499999999999995 0.4575 0.2725000000000001 0.29000000000000004
0 0.05687499999999995 0.34124999999999994 0.1137499999999999 0.4525
0 0.9481249999999999 0.503125 0.05875000000000004 0.08625000000000008
0 0.8099999999999999 0.4425 0.175 0.19999999999999996
0 0.9925 0.48375 0.015000000000000036 0.07000000000000002
0 0.615 0.490625 0.09500000000000001 0.053749999999999964
0 0.20749999999999993 0.45875000000000005 0.13999999999999999 0.11749999999999998
0 0.61625 0.366875 0.1 0.16374999999999992
0 0.9875 0.40499999999999997 0.025 0.057499999999999975
0 0.323125 0.371875 0.08125000000000004 0.11875
0 0.9568750000000001 0.365 0.04124999999999997 0.04499999999999993
0 0.7481250000000002 0.335 0.01875000000000009 0.027499999999999948
0 0.9106249999999999 0.286875 0.13125 0.11125000000000007
0 0.1725 0.21000000000000005 0.25750000000000006 0.25250000000000006
0 0.285625 0.276875 0.0862499999999999 0.11375000000000002
0 0.840625 0.299375 0.05125000000000011 0.036249999999999984
0 0.425 0.16125000000000006 0.225 0.24999999999999986
0 0.82875 0.24375 0.07250000000000005 0.05249999999999999
0 0.7075 0.2218749999999999 0.0825000000000001 0.09625000000000017
0 0.628125 0.241875 0.06875 0.053750000000000096
0 0.6325 0.09312500000000001 0.18 0.18625000000000003
0 0.5131249999999999 0.0831249999999999 0.09374999999999992 0.15124999999999988
0 0.8275 0.07624999999999998 0.11000000000000014 0.12750000000000006
0 0.24000000000000005 0.03375000000000006 0.28249999999999986 0.06750000000000012
0 0.44375 0.018125000000000058 0.11499999999999995 0.036250000000000115
