0 0.77875 0.05 0.1674999999999999 0.1
0 0.12250000000000001 0.05750000000000001 0.11750000000000005 0.11500000000000002
0 0.725 0.08499999999999999 0.1325 0.12
0 0.76 0.15750000000000003 0.11750000000000008 0.09000000000000004
0 0.665625 0.224375 0.14624999999999994 0.12374999999999999
0 0.7662500000000001 0.273125 0.10750000000000011 0.12624999999999997
0 0.07874999999999999 0.291875 0.09250000000000003 0.11124999999999999
0 0.279375 0.30125 0.12875000000000006 0.0975
0 0.663125 0.35687499999999994 0.22874999999999995 0.19374999999999995
0 0.52625 0.303125 0.07750000000000004 0.08374999999999999
0 0.840625 0.354375 0.11124999999999999 0.13875
0 0.9574999999999999 0.426875 0.08499999999999996 0.20875
0 0.485 0.40875000000000006 0.125 0.14500000000000002
0 0.16499999999999992 0.426875 0.21500000000000008 0.14874999999999994
0 0.340625 0.43125 0.12125 0.15249999999999994
0 0.022499999999999964 0.401875 0.04249999999999998 0.05125000000000006
0 0.021250000000000047 0.4725 0.04250000000000009 0.075
0 0.7993750000000001 0.6174999999999999 0.19375 0.19000000000000003
0 0.7 0.5737500000000001 0.06750000000000007 0.09750000000000006
0 0.009375000000000022 0.650625 0.018750000000000044 0.15874999999999995
0 0.5518750000000001 0.62625 0.06375000000000001 0.09249999999999999
0 0.1787499999999999 0.743125 0.10250000000000015 0.13625000000000007
0 0.50875 0.72875 0.07249999999999997 0.10499999999999998
0 0.390625 0.774375 0.11125000000000007 0.11875000000000009
0 0.88125 0.8525 0.2375 0.24500000000000002
0 0.03187499999999999 0.8949999999999999 0.06374999999999997 0.20999999999999996
0 0.27375 0.8949999999999999 0.19000000000000003 0.19249999999999998
0 0.41312499999999996 0.871875 0.05874999999999995 0.07624999999999993
0 0.999375 0.9556250000000001 0.001249999999999929 0.08874999999999993
0 0.499375 0.983125 0.10125000000000002 0.033749999999999857
0 0.605 0.984375 0.16999999999999993 0.03125
