0 0.99 0.499375 0.019999999999999928 0.11375000000000002
0 0.9087500000000001 0.1875 0.05500000000000007 0.0625
0 0.84375 0.34249999999999997 0.10249999999999995 0.18000000000000008
0 0.7606249999999999 0.004375000000000018 0.14375 0.008750000000000036
0 0.756875 0.9756250000000002 0.03875000000000002 0.04874999999999989
0 0.31687499999999996 0.0050000000000000044 0.19125000000000006 0.010000000000000009
0 0.32375 0.565625 0.14749999999999996 0.15625
0 0.37625 0.69875 0.02999999999999998 0.04249999999999989
0 0.2575 0.971875 0.05999999999999996 0.053750000000000145
0 0.22562500000000002 0.6806249999999999 0.07625000000000001 0.06375000000000011
0 0.15562500000000007 0.60375 0.1912499999999998 0.22000000000000003
0 0.16687499999999997 0.13874999999999998 0.15874999999999992 0.21250000000000005
0 0.1275 0.023125000000000007 0.23500000000000001 0.04625000000000001
0 0.16874999999999996 0.760625 0.14250000000000007 0.1012500000000001
0 0.030625000000000013 0.6224999999999999 0.06125000000000003 0.2375
0 0.012500000000000011 0.009375000000000022 0.025000000000000022 0.018750000000000044
0 0.008749999999999925 0.12374999999999999 0.01749999999999985 0.08999999999999997
0 0.007500000000000007 0.03687500000000005 0.015000000000000013 0.0737500000000001
