0 0.15499999999999994 0.05625 0.1800000000000002 0.1125
0 0.8099999999999999 0.061875 0.11499999999999995 0.12375
0 0.9675 0.23625 0.06499999999999986 0.09999999999999998
0 0.04062500000000002 0.311875 0.08125000000000004 0.14125000000000001
0 0.8800000000000001 0.30125 0.05250000000000003 0.057500000000000016
0 0.014375000000000082 0.434375 0.028750000000000164 0.2412500000000001
0 0.21125 0.45375 0.23499999999999996 0.20750000000000002
0 0.05437500000000001 0.445 0.051249999999999685 0.08499999999999996
0 0.05937500000000001 0.5800000000000001 0.11875000000000002 0.16000000000000006
0 0.678125 0.553125 0.028749999999999876 0.026250000000000016
0 0.76875 0.6262500000000001 0.057499999999999926 0.057500000000000016
0 0.36937500000000006 0.750625 0.3212500000000001 0.24875000000000008
0 0.85625 0.718125 0.06500000000000003 0.06624999999999988
0 0.47125000000000006 0.899375 0.34500000000000003 0.20125
0 0.268125 0.89 0.0812499999999999 0.08000000000000007
0 0.829375 0.9443750000000002 0.19625000000000004 0.11124999999999989
0 0.32625000000000004 0.9425000000000001 0.08250000000000002 0.075
0 0.6793750000000001 0.9550000000000001 0.11624999999999996 0.09000000000000004
0 0.030625000000000013 0.975 0.06125000000000003 0.05
