0 0.030625000000000003 0.276875 0.061250000000000006 0.24375
0 0.08374999999999999 0.3125 0.125 0.125
0 0.146875 0.421875 0.09375 0.11374999999999998
0 0.07250000000000001 0.47687500000000005 0.1025 0.09375000000000008
0 0.17750000000000002 0.601875 0.1975 0.2312500000000001
0 0.8925000000000001 0.6325000000000001 0.21499999999999994 0.2049999999999999
0 0.289375 0.6399999999999999 0.11874999999999995 0.15
0 0.733125 0.704375 0.14624999999999994 0.16374999999999992
0 0.38375 0.70375 0.12749999999999995 0.1375
0 0.02125 0.7268749999999999 0.0425 0.11124999999999989
0 0.2125 0.79625 0.15499999999999997 0.18500000000000014
0 0.353125 0.82125 0.10375000000000005 0.11499999999999995
0 0.09875 0.909375 0.1975 0.18125
0 0.13874999999999998 0.8556249999999999 0.07749999999999999 0.053749999999999964
0 0.32999999999999996 0.936875 0.11749999999999998 0.12624999999999992
0 0.44562500000000005 0.9393750000000001 0.07374999999999998 0.0737499999999999
