0 0.9643750000000001 0.685625 0.07125000000000004 0.15374999999999997
0 0.9868750000000001 0.255625 0.02624999999999993 0.14124999999999996
0 0.8600000000000001 0.44812499999999994 0.05750000000000011 0.01875000000000009
0 0.81375 0.316875 0.03749999999999991 0.05125000000000002
0 0.7150000000000001 0.37374999999999997 0.09750000000000006 0.075
0 0.69875 0.1075 0.047499999999999966 0.03500000000000001
0 0.6381249999999999 0.24500000000000002 0.14375 0.11250000000000002
0 0.64 0.415625 0.08500000000000005 0.08625000000000002
0 0.529375 0.15375 0.03125 0.017500000000000005
0 0.35875 0.7806249999999999 0.1325 0.06874999999999991
0 0.37249999999999994 0.6824999999999999 0.0875 0.08749999999999991
0 0.29624999999999996 0.43 0.20250000000000004 0.17000000000000007
0 0.36187500000000006 0.9568749999999999 0.02874999999999992 0.036250000000000074
0 0.2693750000000001 0.270625 0.16874999999999984 0.14625
0 0.21624999999999997 0.05437499999999999 0.20500000000000007 0.10874999999999999
0 0.26125 0.6849999999999999 0.11500000000000003 0.15
0 0.2875 0.968125 0.05249999999999999 0.02375000000000007
0 0.22937499999999997 0.9731249999999999 0.03374999999999995 0.016249999999999966
0 0.17437500000000006 0.7987500000000001 0.10624999999999996 0.08750000000000009
0 0.13124999999999998 0.68875 0.07499999999999996 0.08499999999999996
0 0.15062499999999995 0.9712500000000001 0.036250000000000004 0.019999999999999928
0 0.08937499999999998 0.47750000000000004 0.10875000000000012 0.0875
0 0.09624999999999995 0.5925 0.06000000000000005 0.05500000000000007
0 0.057499999999999996 0.34375 0.11499999999999999 0.13499999999999995
0 0.053749999999999964 0.8024999999999999 0.09250000000000003 0.09000000000000004
0 0.04124999999999995 0.028125 0.0824999999999999 0.05625
0 0.025000000000000022 0.488125 0.050000000000000044 0.16374999999999992
0 0.021874999999999978 0.57875 0.043749999999999956 0.08250000000000002
0 0.008124999999999993 0.69375 0.016249999999999987 0.12999999999999998
0 0.0012499999999999178 0.1575 0.0024999999999998357 0.13249999999999998
