0 0.3 0.013125000000000001 0.1525 0.026250000000000002
0 0.4375 0.00125 0.06750000000000007 0.0025
0 0.665625 0.029374999999999995 0.14624999999999994 0.05874999999999999
0 0.258125 0.146875 0.4387499999999999 0.29375
0 0.025 0.240625 0.05 0.19625000000000004
0 0.10874999999999999 0.35562499999999997 0.13499999999999998 0.13875
0 0.20625 0.343125 0.09249999999999999 0.10375000000000001
0 0.416875 0.325 0.05625000000000004 0.05249999999999999
0 0.42125 0.460625 0.14000000000000004 0.23624999999999993
0 0.033125 0.45187499999999997 0.06625 0.14875000000000002
0 0.6331249999999999 0.5337500000000001 0.3012499999999999 0.20750000000000002
0 0.504375 0.588125 0.15374999999999997 0.13874999999999993
0 0.32375 0.538125 0.047499999999999966 0.03125
0 0.35562499999999997 0.6112500000000001 0.061249999999999985 0.06749999999999998
0 0.484375 0.753125 0.14125000000000004 0.14625000000000005
0 0.619375 0.829375 0.17375000000000007 0.16625000000000006
0 0.860625 0.8012499999999999 0.07874999999999996 0.08499999999999996
0 0.33187500000000003 0.9225000000000001 0.16375 0.1299999999999999
0 0.27125000000000005 0.9462499999999998 0.28500000000000003 0.10750000000000011
0 0.52125 0.953125 0.09500000000000001 0.08374999999999985
0 0.11687499999999999 0.97875 0.08125 0.04250000000000007
0 0.9925 0.984375 0.015000000000000036 0.03125
0 0.42125 0.9893750000000001 0.18 0.021250000000000036
0 0.006875000000000001 0.991875 0.013750000000000002 0.016249999999999966
