0 0.06625 0.2825 0.1325 0.14749999999999996
0 0.09375 0.575 0.06499999999999999 0.05250000000000012
0 0.14125000000000001 0.8956250000000001 0.05249999999999999 0.061249999999999895
0 0.12875 0.6337499999999999 0.017500000000000005 0.029999999999999895
0 0.19624999999999998 0.29750000000000004 0.07749999999999997 0.047499999999999966
0 0.23125 0.60625 0.08250000000000002 0.075
0 0.440625 0.95625 0.32875 0.0875
0 0.41312499999999996 0.13062499999999994 0.14875 0.09625000000000006
0 0.43375 0.25312500000000004 0.16499999999999995 0.17625000000000002
0 0.43187499999999995 0.471875 0.10625 0.07625000000000001
0 0.7450000000000001 0.2693749999999999 0.44250000000000006 0.2212500000000001
0 0.653125 0.12374999999999999 0.1262500000000001 0.08999999999999997
0 0.6975 0.896875 0.125 0.14624999999999985
0 0.7162499999999999 0.503125 0.11750000000000008 0.09625000000000003
0 0.79 0.87625 0.07000000000000002 0.0674999999999999
0 0.8331250000000001 0.44000000000000006 0.1012500000000001 0.04500000000000002
0 0.850625 0.39 0.08374999999999985 0.04499999999999993
0 0.883125 0.10312499999999991 0.14124999999999996 0.10875000000000012
0 0.915 0.37937499999999996 0.05249999999999986 0.026250000000000016
0 0.969375 0.365625 0.06125000000000007 0.043749999999999956
0 0.991875 0.06937500000000002 0.016249999999999966 0.07874999999999999
