0 0.7375 0.028750000000000005 0.11750000000000008 0.05750000000000001
0 0.6431250000000001 0.079375 0.14624999999999994 0.12374999999999999
0 0.74375 0.128125 0.10750000000000001 0.12625000000000003
0 0.05625000000000002 0.14687500000000003 0.09250000000000003 0.11125000000000003
0 0.2568750000000001 0.15625 0.12874999999999992 0.09749999999999999
0 0.640625 0.21187500000000004 0.22874999999999995 0.19375000000000003
0 0.5037499999999999 0.15812500000000002 0.07750000000000004 0.08374999999999999
0 0.818125 0.209375 0.11125000000000007 0.13874999999999998
0 0.9462499999999998 0.281875 0.10750000000000011 0.20875
0 0.4625 0.26375000000000004 0.125 0.14499999999999996
0 0.14249999999999996 0.281875 0.21500000000000008 0.14875000000000002
0 0.318125 0.28625 0.12125000000000012 0.1525
0 0.010624999999999996 0.25687499999999996 0.02124999999999999 0.051249999999999976
0 0.009999999999999953 0.3275 0.019999999999999907 0.075
0 0.776875 0.4725 0.19375000000000017 0.19
0 0.6775 0.42874999999999996 0.0674999999999999 0.09749999999999996
0 0.5293750000000002 0.48125 0.06375000000000001 0.09249999999999999
0 0.15625000000000006 0.598125 0.10249999999999992 0.1362499999999999
0 0.48625000000000007 0.58375 0.07250000000000005 0.10499999999999998
0 0.368125 0.6293749999999999 0.11124999999999999 0.11875
0 0.8699999999999999 0.7074999999999999 0.25999999999999995 0.24499999999999994
0 0.020625000000000004 0.781875 0.04125000000000001 0.27375
0 0.25125 0.75 0.18999999999999995 0.1924999999999998
0 0.390625 0.7268749999999999 0.05875000000000004 0.07625000000000011
0 0.9881249999999999 0.81875 0.02375000000000007 0.10500000000000007
0 0.47687500000000005 0.889375 0.10125000000000002 0.1362499999999999
0 0.5825 0.911875 0.16999999999999993 0.17624999999999993
0 0.780625 0.95625 0.2587499999999999 0.0875
0 0.6693749999999999 0.921875 0.001249999999999929 0.001249999999999929
0 0.9981249999999999 0.969375 0.0037499999999999643 0.06125000000000007
0 0.9412500000000001 0.98125 0.1049999999999999 0.0375
0 0.469375 0.9956250000000001 0.14375 0.008750000000000036
