0 0.125 0.8825 0.24749999999999997 0.23499999999999996
0 0.43937499999999996 0.925 0.18375000000000002 0.15
0 0.37937499999999996 0.860625 0.0012500000000000178 0.001249999999999929
0 0.47125000000000006 0.735625 0.13249999999999992 0.23375000000000004
0 0.505625 0.5824999999999999 0.11375000000000002 0.05500000000000007
0 0.403125 0.58375 0.04875000000000007 0.047499999999999966
0 0.131875 0.559375 0.09624999999999997 0.04875000000000007
0 0.48812500000000003 0.45062499999999994 0.22875 0.19125000000000006
0 0.16375 0.46749999999999997 0.1525 0.10250000000000004
0 0.531875 0.41812499999999997 0.08875000000000002 0.07125000000000004
0 0.23875000000000002 0.335625 0.1375 0.1862499999999999
0 0.134375 0.3324999999999999 0.07874999999999999 0.15
0 0.399375 0.303125 0.09874999999999998 0.14375000000000004
0 0.32249999999999995 0.32187499999999997 0.05500000000000003 0.08875000000000002
0 0.5575 0.256875 0.1200000000000001 0.13875
0 0.333125 0.23687500000000003 0.07125000000000004 0.06375000000000006
0 0.605 0.148125 0.020000000000000108 0.01375000000000004
0 0.578125 0.07374999999999998 0.19375 0.14749999999999996
0 0.29937499999999995 0.04749999999999999 0.34124999999999994 0.09499999999999997
