0 0.14125 0.065625 0.135 0.13125
0 0.2625 0.040625 0.15500000000000003 0.08125
0 0.098125 0.15 0.19625 0.20999999999999996
0 0.04875 0.24312500000000004 0.0975 0.16875000000000004
0 0.258125 0.3 0.03125 0.04249999999999998
0 0.93125 0.349375 0.0375 0.053749999999999964
0 0.205 0.39937500000000004 0.05500000000000003 0.13125000000000003
0 0.025625 0.478125 0.05125 0.08625000000000008
0 0.8231250000000001 0.56375 0.09875000000000007 0.12749999999999995
0 0.7418750000000001 0.548125 0.04874999999999989 0.06624999999999996
0 0.305625 0.640625 0.08624999999999998 0.12375000000000007
0 0.659375 0.8006249999999999 0.3962500000000001 0.39875000000000005
0 0.22312500000000002 0.679375 0.12624999999999997 0.15125000000000002
0 0.12562500000000001 0.741875 0.08125 0.09375
0 0.40437500000000004 0.74125 0.028749999999999963 0.07000000000000002
0 0.340625 0.7806249999999999 0.12624999999999992 0.10374999999999997
0 0.4375 0.8568750000000002 0.047499999999999966 0.06624999999999996
0 0.36875 0.87625 0.075 0.07750000000000004
0 0.003125 0.8856249999999999 0.00625 0.05624999999999982
0 0.03937500000000001 0.929375 0.05625 0.12374999999999989
0 0.436875 0.9193749999999999 0.06875 0.036250000000000074
0 0.356875 0.9793749999999999 0.04874999999999998 0.04124999999999997
0 0.95 0.9956250000000001 0.1 0.008750000000000036
