0 0.95625 0.526875 0.057499999999999926 0.01875
0 0.9099999999999999 0.6581250000000001 0.0375 0.05124999999999993
0 0.81125 0.60125 0.09749999999999996 0.075
0 0.795 0.8675 0.047499999999999966 0.03499999999999996
0 0.734375 0.7300000000000001 0.14375 0.1124999999999999
0 0.7362500000000001 0.559375 0.08500000000000005 0.08625000000000008
0 0.625625 0.8212499999999998 0.03125 0.017499999999999894
0 0.45500000000000007 0.19437499999999996 0.1325 0.06875000000000009
0 0.46875 0.2925000000000001 0.0875 0.08750000000000005
0 0.39249999999999996 0.5449999999999999 0.20249999999999999 0.17
0 0.45812500000000006 0.018125000000000058 0.028750000000000053 0.036250000000000115
0 0.365625 0.704375 0.16875 0.14624999999999994
0 0.3125 0.9331250000000001 0.20500000000000007 0.13375000000000004
0 0.35750000000000004 0.2899999999999999 0.11499999999999999 0.15000000000000005
0 0.38375000000000004 0.009375000000000022 0.05250000000000003 0.018750000000000044
0 0.32562499999999994 0.0050000000000000044 0.03375000000000008 0.010000000000000009
0 0.270625 0.17624999999999996 0.10624999999999996 0.08750000000000002
0 0.22749999999999995 0.28625 0.0750000000000002 0.08499999999999996
0 0.246875 0.0068750000000000755 0.036250000000000025 0.013750000000000151
0 0.18562499999999998 0.49749999999999994 0.10875000000000001 0.0875
0 0.19250000000000003 0.3825 0.060000000000000074 0.05500000000000007
0 0.143125 0.63125 0.13625000000000012 0.13500000000000006
0 0.15000000000000002 0.17249999999999993 0.09250000000000003 0.09000000000000019
0 0.1125 0.959375 0.13249999999999995 0.08125
0 0.07875000000000004 0.48687500000000006 0.1349999999999999 0.16374999999999992
0 0.09500000000000003 0.39625 0.08999999999999997 0.08250000000000002
0 0.08437500000000003 0.28125 0.05625000000000002 0.1299999999999999
0 0.04937500000000006 0.8175000000000001 0.09875000000000012 0.13250000000000012
0 0.03875000000000001 0.655625 0.07750000000000001 0.22625
0 0.04812500000000003 0.23812500000000006 0.05874999999999997 0.04125000000000001
0 0.034999999999999976 0.940625 0.06999999999999995 0.07624999999999993
