0 0.42625 0.376875 0.16999999999999998 0.18125000000000008
0 0.18624999999999997 0.47125000000000006 0.1325 0.12499999999999992
0 0.585625 0.6224999999999999 0.053750000000000055 0.05500000000000007
0 0.14937499999999998 0.6681250000000001 0.06375000000000001 0.07374999999999998
0 0.018125 0.7381249999999999 0.03625 0.06375000000000001
0 0.334375 0.78625 0.14375 0.1549999999999999
0 0.168125 0.779375 0.10125000000000002 0.1362499999999999
0 0.053125 0.73875 0.03874999999999999 0.05
0 0.088125 0.75875 0.03874999999999999 0.06749999999999998
0 0.228125 0.825 0.023749999999999983 0.02250000000000014
0 0.56875 0.8525 0.05 0.04250000000000007
0 0.621875 0.866875 0.04874999999999998 0.04375000000000018
0 0.260625 0.86 0.013750000000000063 0.0125
0 0.40750000000000003 0.9418749999999999 0.2975 0.11624999999999996
0 0.316875 0.9493750000000001 0.08875000000000002 0.10124999999999992
0 0.76625 0.9243750000000001 0.04499999999999993 0.04375
0 0.9881249999999999 0.9668749999999999 0.02375000000000007 0.06624999999999996
0 0.9568750000000001 0.9706250000000001 0.07874999999999996 0.05875000000000004
0 0.8256249999999999 0.9875 0.03874999999999993 0.025
0 0.12125 0.9925 0.03750000000000002 0.015000000000000036
