0 0.070625 0.775625 0.14125 0.4387499999999999
0 0.093125 0.991875 0.18625 0.016249999999999966
0 0.203125 0.925 0.13874999999999998 0.13499999999999995
0 0.190625 0.8275 0.10374999999999997 0.09250000000000007
0 0.17250000000000001 0.6168750000000001 0.05250000000000001 0.05625
0 0.308125 0.6125 0.23625000000000002 0.14000000000000004
0 0.29937500000000006 0.98375 0.14875000000000002 0.03249999999999993
0 0.38125 0.40062499999999995 0.20749999999999993 0.30125
0 0.43562500000000004 0.529375 0.13874999999999998 0.15374999999999997
0 0.385625 0.7100000000000001 0.03125 0.047499999999999966
0 0.45875000000000005 0.678125 0.06749999999999998 0.06125000000000007
0 0.600625 0.5493750000000001 0.14625000000000005 0.14125000000000004
0 0.676875 0.414375 0.16624999999999995 0.1737499999999999
0 0.64875 0.17312500000000003 0.08500000000000005 0.07874999999999996
0 0.7699999999999999 0.701875 0.12999999999999998 0.16374999999999992
0 0.8699999999999999 0.7625 0.25999999999999995 0.28500000000000003
0 0.8006250000000001 0.5125 0.08375000000000003 0.09500000000000001
0 0.858125 0.9168749999999999 0.10625 0.08125
0 0.8956250000000001 0.024374999999999925 0.15875000000000003 0.04874999999999985
0 0.9025000000000001 0.6125 0.15249999999999986 0.18
0 0.9012500000000001 0.9675 0.06750000000000007 0.06499999999999986
0 0.9149999999999998 0.10812499999999999 0.04500000000000011 0.06874999999999976
0 0.95375 0.951875 0.09250000000000007 0.09624999999999986
0 0.9637499999999999 0.5449999999999999 0.07249999999999997 0.11749999999999998
0 0.96875 0.06125000000000008 0.05 0.060000000000000164
