0 0.9974999999999999 0.609375 0.005000000000000071 0.11374999999999993
0 0.034999999999999976 0.681875 0.06999999999999995 0.11375000000000002
0 0.09187499999999993 0.753125 0.16374999999999984 0.17875000000000013
0 0.95625 0.789375 0.0875 0.2312500000000001
0 0.27312499999999995 0.82 0.2612500000000002 0.2049999999999999
0 0.899375 0.8275 0.11875 0.15000000000000008
0 0.45562499999999995 0.8918750000000001 0.14625000000000005 0.16374999999999992
0 0.805 0.89125 0.12750000000000003 0.1375
0 0.9493749999999999 0.945625 0.1012500000000001 0.10875000000000004
0 0.835625 0.9756250000000002 0.10375000000000005 0.04874999999999989
