0 0.011249999999999982 0.598125 0.022499999999999964 0.1137500000000001
0 0.09375 0.28625 0.05500000000000016 0.0625
0 0.15875000000000006 0.44125 0.10249999999999981 0.18000000000000008
0 0.24187500000000006 0.053750000000000075 0.14374999999999982 0.10750000000000015
0 0.39 0.022500000000000075 0.04750000000000014 0.04500000000000015
0 0.5325 0.008749999999999925 0.0875 0.01749999999999985
0 0.6856249999999999 0.05437500000000001 0.19125000000000006 0.10875000000000001
0 0.67875 0.6643749999999999 0.14749999999999996 0.15625
0 0.62625 0.7975 0.02999999999999998 0.04249999999999998
0 0.7768749999999999 0.7793750000000002 0.07624999999999985 0.06375000000000001
0 0.846875 0.7025 0.19125000000000014 0.21999999999999992
0 0.835625 0.2375 0.15875000000000003 0.2125
0 0.875 0.07249999999999995 0.23500000000000015 0.1449999999999999
0 0.83375 0.859375 0.14250000000000007 0.10124999999999992
0 0.9706250000000001 0.7212500000000001 0.05875000000000004 0.2375
0 0.9887499999999999 0.09562500000000007 0.022499999999999964 0.043749999999999956
0 0.9925 0.22249999999999998 0.015000000000000036 0.09
0 0.99375 0.13499999999999995 0.0125 0.07500000000000007
