0 0.05029296875 0.85791015625 0.1005859375 0.1025390625
0 0.02099609375 0.5576171875 0.0341796875 0.068359375
0 0.08349609375 0.41259765625 0.1572265625 0.1494140625
0 0.01953125 0.16259765625 0.029296875 0.0380859375
0 0.0634765625 0.2578125 0.04296875 0.05078125
0 0.06640625 0.171875 0.0390625 0.033203125
0 0.060546875 0.2080078125 0.017578125 0.01953125
0 0.10400390625 0.1728515625 0.0185546875 0.017578125
0 0.158203125 0.48486328125 0.025390625 0.0361328125
0 0.20068359375 0.14794921875 0.0712890625 0.0849609375
0 0.19482421875 0.48486328125 0.0205078125 0.0205078125
0 0.2392578125 0.82421875 0.107421875 0.09375
0 0.22119140625 0.45556640625 0.0224609375 0.0244140625
0 0.31298828125 0.13671875 0.1572265625 0.12890625
0 0.2822265625 0.453125 0.0546875 0.044921875
0 0.2705078125 0.302734375 0.029296875 0.017578125
0 0.27734375 0.25634765625 0.02734375 0.0283203125
0 0.2978515625 0.5 0.037109375 0.046875
0 0.30615234375 0.54541015625 0.0244140625 0.0224609375
0 0.33837890625 0.8076171875 0.0869140625 0.083984375
0 0.45263671875 0.24560546875 0.0908203125 0.1689453125
0 0.43115234375 0.05712890625 0.0478515625 0.0244140625
0 0.423828125 0.1201171875 0.01171875 0.013671875
0 0.4365234375 0.09521484375 0.017578125 0.0205078125
0 0.47119140625 0.41357421875 0.0302734375 0.0302734375
0 0.4873046875 0.05322265625 0.033203125 0.0419921875
0 0.51025390625 0.11474609375 0.0556640625 0.0517578125
0 0.5009765625 0.43603515625 0.03125 0.0263671875
0 0.5205078125 0.23388671875 0.0546875 0.0478515625
0 0.53076171875 0.36376953125 0.0712890625 0.0361328125
0 0.546875 0.052734375 0.078125 0.05859375
0 0.58349609375 0.63134765625 0.0732421875 0.0322265625
0 0.5791015625 0.6875 0.046875 0.0546875
0 0.58740234375 0.17724609375 0.0166015625 0.0341796875
0 0.64013671875 0.75146484375 0.1025390625 0.0712890625
0 0.6640625 0.32568359375 0.076171875 0.0576171875
0 0.66455078125 0.18798828125 0.0439453125 0.0419921875
0 0.7998046875 0.54150390625 0.2734375 0.3994140625
0 0.73583984375 0.21044921875 0.0966796875 0.0830078125
0 0.73974609375 0.04736328125 0.0185546875 0.0224609375
0 0.76220703125 0.0869140625 0.0439453125 0.033203125
0 0.78662109375 0.18212890625 0.0810546875 0.1474609375
0 0.7666015625 0.271484375 0.0390625 0.04296875
0 0.80908203125 0.3076171875 0.0966796875 0.09765625
0 0.83984375 0.82861328125 0.13671875 0.1181640625
