0 0.84375 0.026875 0.1875 0.05375
0 0.53125 0.103125 0.175 0.20625
0 0.38 0.05625 0.05249999999999999 0.1125
0 0.276875 0.1125 0.09624999999999995 0.10250000000000001
0 0.73 0.121875 0.10250000000000004 0.09125000000000001
0 0.33375 0.18937500000000002 0.09749999999999988 0.06625
0 0.03374999999999995 0.19 0.02750000000000008 0.03749999999999998
0 0.728125 0.335625 0.54375 0.26625
0 0.21875 0.371875 0.12250000000000005 0.12375000000000003
0 0.3925 0.393125 0.12999999999999998 0.13624999999999998
0 0.9643750000000001 0.459375 0.07125000000000004 0.22375000000000006
0 0.6775 0.46125 0.0674999999999999 0.030000000000000072
0 0.21437499999999998 0.5125 0.10125000000000009 0.10999999999999996
0 0.7537499999999999 0.496875 0.06500000000000003 0.04375
0 0.3393750000000001 0.55125 0.11875000000000005 0.11999999999999993
0 0.9881249999999999 0.530625 0.02375000000000007 0.028750000000000053
0 0.9706250000000001 0.6668749999999999 0.05875000000000004 0.05624999999999991
0 0.31562500000000004 0.7168749999999999 0.09375 0.11625000000000005
0 0.860625 0.6856250000000002 0.021250000000000036 0.05125000000000002
0 0.4625 0.8024999999999999 0.20500000000000007 0.14749999999999996
0 0.951875 0.7550000000000001 0.026250000000000107 0.02999999999999998
0 0.14812500000000006 0.759375 0.03624999999999989 0.021249999999999946
0 0.15312499999999996 0.825 0.06625000000000014 0.06999999999999992
0 0.9931249999999998 0.8125 0.013750000000000106 0.025
0 0.27375 0.9099999999999999 0.2174999999999999 0.18000000000000008
0 0.6693749999999999 0.8856249999999999 0.05874999999999995 0.053749999999999964
0 0.975 0.878125 0.027499999999999858 0.03375000000000004
0 0.54625 0.928125 0.175 0.09875000000000007
0 0.185 0.9443750000000002 0.032500000000000064 0.03375000000000004
0 0.20937499999999992 0.969375 0.03875000000000017 0.03125
0 0.43187499999999995 0.9824999999999999 0.07874999999999996 0.03499999999999996
0 0.15250000000000002 0.99 0.03749999999999998 0.019999999999999928
0 0.6356249999999999 0.9912500000000002 0.22375000000000017 0.017499999999999894
