0 0.08812499999999995 0.005625 0.1762499999999999 0.01125
0 0.9418749999999999 0.07 0.11624999999999996 0.14
0 0.04749999999999999 0.031875 0.09499999999999997 0.06375
0 0.20937499999999995 0.10937500000000003 0.13624999999999995 0.18625000000000003
0 0.32875 0.138125 0.15999999999999992 0.20875
0 0.07249999999999995 0.13999999999999999 0.1449999999999999 0.1575
0 0.465 0.153125 0.015000000000000036 0.016250000000000007
0 0.021874999999999978 0.25125000000000003 0.043749999999999956 0.18250000000000002
0 0.346875 0.31124999999999997 0.1862499999999999 0.1125
0 0.529375 0.294375 0.028749999999999963 0.026250000000000016
0 0.14249999999999993 0.355 0.20750000000000002 0.13499999999999995
0 0.04500000000000004 0.4525 0.09000000000000008 0.1875
0 0.381875 0.46687500000000004 0.28625 0.18625000000000003
0 0.15687500000000001 0.45499999999999996 0.09624999999999997 0.09249999999999989
0 0.20374999999999996 0.566875 0.15999999999999992 0.15875000000000003
0 0.4625 0.601875 0.08499999999999996 0.07124999999999995
0 0.109375 0.625 0.08875000000000033 0.07249999999999997
0 0.06624999999999998 0.691875 0.13249999999999995 0.16875
0 0.03437499999999999 0.7856249999999999 0.06874999999999998 0.25625
0 0.43375 0.6900000000000001 0.05500000000000007 0.05999999999999987
0 0.2475 0.940625 0.13249999999999995 0.11875
