0 0.9675 0.026875 0.06499999999999986 0.05375
0 0.928125 0.5581250000000001 0.14375 0.19125000000000006
0 0.9774999999999998 0.75625 0.04500000000000011 0.06499999999999995
0 0.976875 0.86625 0.046250000000000034 0.04250000000000007
0 0.9862500000000001 0.82 0.02250000000000014 0.025
0 0.930625 0.8649999999999999 0.02375000000000007 0.022499999999999964
0 0.8612499999999998 0.465625 0.03249999999999993 0.046250000000000034
0 0.806875 0.896875 0.09125000000000005 0.10875000000000004
0 0.8143750000000001 0.465625 0.026250000000000107 0.02624999999999993
0 0.7575000000000001 0.045625 0.13750000000000018 0.09125
0 0.780625 0.503125 0.028750000000000053 0.03125
0 0.663125 0.9112500000000001 0.20125 0.16500000000000004
0 0.7025 0.50625 0.07000000000000002 0.05750000000000011
0 0.7175 0.69875 0.03750000000000009 0.022499999999999964
0 0.70875 0.758125 0.03500000000000014 0.036249999999999984
0 0.6824999999999999 0.44625000000000004 0.047500000000000056 0.06000000000000005
0 0.671875 0.38812500000000005 0.03125 0.028750000000000008
0 0.630625 0.053125 0.11125000000000007 0.10625
0 0.484375 0.771875 0.11624999999999996 0.21625000000000014
0 0.5118750000000001 0.99875 0.061249999999999985 0.002499999999999858
0 0.52125 0.9324999999999999 0.014999999999999947 0.01750000000000007
0 0.505 0.9643750000000001 0.022499999999999964 0.02624999999999993
0 0.460625 0.556875 0.03874999999999993 0.03875000000000002
0 0.44000000000000006 0.9956250000000001 0.04250000000000007 0.008750000000000036
0 0.410625 0.9393750000000001 0.07125000000000004 0.06624999999999996
0 0.4225 0.528125 0.040000000000000036 0.03375000000000004
0 0.3975000000000001 0.786875 0.06999999999999998 0.06125000000000007
0 0.384375 0.6206250000000001 0.09125000000000005 0.046249999999999944
0 0.3637499999999999 0.990625 0.09999999999999995 0.01875
0 0.316875 0.278125 0.09375 0.04125000000000001
0 0.3225 0.20625 0.06000000000000005 0.06999999999999999
0 0.311875 0.859375 0.02124999999999999 0.04375
0 0.244375 0.12437500000000001 0.1312500000000001 0.09125000000000003
0 0.21375000000000002 0.6693749999999999 0.09749999999999992 0.07375000000000007
0 0.21312500000000006 0.8456250000000001 0.0562499999999998 0.053750000000000145
0 0.10749999999999997 0.39312500000000006 0.21499999999999994 0.5112500000000001
0 0.12187500000000014 0.8168749999999999 0.12374999999999992 0.10624999999999991
0 0.08812500000000006 0.975 0.0562499999999998 0.04250000000000007
0 0.056875000000000064 0.853125 0.1037499999999999 0.18874999999999992
0 0.08250000000000002 0.73875 0.050000000000000266 0.054999999999999896
0 0.04500000000000004 0.6925 0.09000000000000008 0.125
0 0.038125000000000075 0.05062500000000001 0.07625000000000015 0.10125000000000002
