0 0.378125 0.015625 0.06625 0.03125
0 0.9875 0.069375 0.025 0.13875
0 0.7050000000000001 0.1475 0.16249999999999992 0.295
0 0.8637499999999999 0.03375 0.0375 0.032499999999999994
0 0.506875 0.190625 0.19875000000000007 0.20875
0 0.9737500000000001 0.20437500000000003 0.05250000000000003 0.17624999999999996
0 0.374375 0.18625 0.03875000000000002 0.06499999999999999
0 0.31875 0.18687499999999999 0.0375 0.04874999999999998
0 0.166875 0.19624999999999998 0.04375 0.04750000000000003
0 0.815625 0.2875 0.20875000000000005 0.20249999999999996
0 0.36312500000000003 0.255 0.05875000000000004 0.05
0 0.21375000000000002 0.27 0.05500000000000001 0.05250000000000003
0 0.30562500000000004 0.27999999999999997 0.06625 0.04750000000000001
0 0.5675000000000001 0.325 0.09500000000000001 0.0625
0 0.228125 0.4325 0.053749999999999964 0.07999999999999993
0 0.8125 0.4625 0.0875 0.11999999999999993
0 0.014375000000000002 0.514375 0.028750000000000005 0.11124999999999989
0 0.25562500000000005 0.5431250000000001 0.07125 0.08874999999999993
0 0.39187500000000003 0.565625 0.0887500000000001 0.12374999999999989
0 0.946875 0.60125 0.10625 0.12000000000000002
0 0.994375 0.6231249999999999 0.01125000000000007 0.11124999999999999
0 0.32999999999999996 0.73 0.05499999999999998 0.10250000000000004
0 0.9956250000000001 0.796875 0.008750000000000036 0.16625000000000006
0 0.776875 0.8125 0.1137500000000001 0.15
0 0.0925 0.8768750000000001 0.045000000000000005 0.05125000000000011
0 0.76625 0.9193749999999999 0.04499999999999993 0.04875000000000007
0 0.33875 0.96875 0.17 0.0625
0 0.041875 0.975 0.08375 0.05
0 0.478125 0.984375 0.05874999999999995 0.03125
