0 0.5725 0.263125 0.16999999999999993 0.18125000000000002
0 0.8125 0.35750000000000004 0.13249999999999992 0.12500000000000006
0 0.41312499999999996 0.50875 0.053749999999999964 0.05499999999999998
0 0.849375 0.5543750000000001 0.06374999999999993 0.07375000000000007
0 0.98125 0.624375 0.0375 0.06374999999999993
0 0.664375 0.6725 0.14375 0.15500000000000008
0 0.8306250000000001 0.665625 0.10124999999999992 0.13624999999999998
0 0.945625 0.625 0.038750000000000104 0.05
0 0.9106249999999999 0.6449999999999999 0.03874999999999993 0.06749999999999998
0 0.770625 0.71125 0.023749999999999893 0.022500000000000055
0 0.43000000000000005 0.73875 0.04999999999999991 0.04249999999999989
0 0.376875 0.753125 0.04874999999999998 0.04375
0 0.7381249999999999 0.7462500000000001 0.013750000000000017 0.01249999999999991
0 0.5912499999999999 0.885 0.29750000000000004 0.22999999999999998
0 0.681875 0.8418750000000002 0.0887500000000001 0.11375000000000002
0 0.23249999999999998 0.8106249999999999 0.04500000000000002 0.04375
0 0.011249999999999982 0.8993749999999998 0.022499999999999964 0.15875000000000003
0 0.04187499999999994 0.8643750000000001 0.07875000000000021 0.0737499999999999
0 0.17312500000000014 0.881875 0.03874999999999995 0.04125000000000014
0 0.8775000000000001 0.9 0.0375 0.057499999999999926
