0 0.250625 0.00375 0.1537500000000002 0.0075
0 0.488125 0.07625 0.01875000000000009 0.05750000000000001
0 0.619375 0.12249999999999998 0.05125000000000002 0.0375
0 0.5625 0.22125 0.075 0.09750000000000003
0 0.82875 0.2375 0.03499999999999979 0.047499999999999966
0 0.6912499999999999 0.29812500000000003 0.11250000000000009 0.14375
0 0.520625 0.29625 0.0862499999999999 0.08500000000000005
0 0.7825 0.406875 0.01750000000000007 0.03125
0 0.15562499999999996 0.5775 0.06874999999999976 0.1325
0 0.25375 0.56375 0.0875 0.0875
0 0.50625 0.6399999999999999 0.16999999999999993 0.20250000000000004
0 0.665625 0.6668749999999999 0.14624999999999994 0.1687499999999999
0 0.89625 0.72 0.1375 0.2049999999999999
0 0.25125 0.675 0.1500000000000001 0.11499999999999995
0 0.1375 0.761875 0.08750000000000002 0.10624999999999982
0 0.2475 0.805 0.08500000000000005 0.0750000000000001
0 0.45875000000000005 0.846875 0.0875 0.10874999999999994
0 0.34375 0.8400000000000001 0.054999999999999896 0.05999999999999979
0 0.5925 0.889375 0.13499999999999995 0.1362499999999999
0 0.13374999999999992 0.8825 0.09000000000000008 0.09249999999999989
0 0.9400000000000001 0.9199999999999999 0.11999999999999993 0.13249999999999992
0 0.448125 0.943125 0.16375000000000012 0.11374999999999993
0 0.35750000000000004 0.9375 0.08250000000000002 0.09000000000000022
0 0.2425 0.9481249999999999 0.13000000000000003 0.05624999999999982
0 0.7787499999999999 0.9668749999999999 0.13249999999999992 0.06624999999999996
0 0.616875 0.9774999999999998 0.22625 0.04500000000000011
0 0.19937499999999997 0.9774999999999998 0.04125000000000001 0.04500000000000011
0 0.9018749999999999 0.98125 0.07624999999999993 0.0375
