0 0.756875 0.066875 0.22374999999999998 0.13375
0 0.135 0.010625 0.125 0.02125
0 0.036250000000000004 0.034375 0.07250000000000001 0.06875
0 0.329375 0.043125 0.09624999999999995 0.08625
0 0.205 0.078125 0.11499999999999999 0.11375000000000002
0 0.86625 0.15125 0.08499999999999978 0.075
0 0.38812499999999994 0.178125 0.11374999999999988 0.12625
0 0.996875 0.148125 0.00625 0.051249999999999976
0 0.07187499999999997 0.179375 0.06874999999999998 0.06625
0 0.5862499999999999 0.26187499999999997 0.14000000000000004 0.12625
0 0.06312500000000004 0.238125 0.06874999999999976 0.04874999999999998
0 0.8962499999999999 0.280625 0.1174999999999999 0.11875000000000005
0 0.04749999999999999 0.34875 0.09499999999999997 0.14500000000000002
0 0.39437500000000003 0.34249999999999997 0.12374999999999999 0.11000000000000001
0 0.766875 0.340625 0.0987499999999999 0.09375
0 0.965625 0.42125 0.05874999999999986 0.039999999999999945
0 0.36875 0.445 0.040000000000000036 0.03499999999999996
0 0.05499999999999999 0.4525 0.02749999999999997 0.022500000000000055
0 0.64 0.485 0.05499999999999998 0.04999999999999991
0 0.09000000000000002 0.47687500000000005 0.025000000000000022 0.028750000000000053
0 0.9581250000000001 0.545625 0.08375000000000003 0.10874999999999994
0 0.8462499999999998 0.53625 0.029999999999999895 0.03499999999999996
0 0.3275 0.5493750000000001 0.06499999999999995 0.061249999999999985
0 0.571875 0.540625 0.03874999999999993 0.04125000000000005
0 0.06562499999999999 0.6212500000000001 0.13124999999999998 0.15750000000000003
0 0.6174999999999999 0.57875 0.047499999999999966 0.04249999999999998
0 0.24312500000000004 0.6143750000000001 0.09375 0.05624999999999991
0 0.5375 0.598125 0.025 0.021250000000000036
0 0.2299999999999999 0.746875 0.17500000000000013 0.23125
0 0.11124999999999996 0.770625 0.15999999999999992 0.1862499999999999
0 0.38875000000000004 0.8425 0.29000000000000004 0.31499999999999995
0 0.6425000000000001 0.7268749999999999 0.06749999999999998 0.06875
0 0.6174999999999999 0.81125 0.14000000000000004 0.22249999999999998
0 0.00187499999999996 0.82875 0.00374999999999992 0.15749999999999992
0 0.84375 0.7787499999999999 0.01750000000000007 0.022500000000000055
0 0.7112499999999999 0.88375 0.09749999999999996 0.10500000000000007
0 0.43875000000000003 0.9324999999999999 0.0875 0.10250000000000004
0 0.7862500000000001 0.93 0.08000000000000007 0.040000000000000036
0 0.024374999999999925 0.960625 0.04874999999999985 0.07874999999999996
0 0.1375 0.9774999999999998 0.17000000000000007 0.04500000000000011
0 0.978125 0.9800000000000001 0.04375 0.040000000000000036
