0 0.2468750000000001 0.01625 0.15374999999999983 0.0325
0 0.484375 0.10124999999999999 0.01875 0.05750000000000001
0 0.615625 0.14750000000000002 0.05124999999999993 0.0375
0 0.5587500000000001 0.24625 0.075 0.09749999999999996
0 0.825 0.2625 0.03500000000000014 0.04750000000000001
0 0.6875 0.323125 0.1125 0.14375000000000004
0 0.516875 0.32125000000000004 0.08624999999999998 0.085
0 0.7787499999999999 0.43187499999999995 0.01749999999999998 0.03125
0 0.15187500000000004 0.6025 0.06874999999999998 0.1325
0 0.25 0.5887499999999999 0.08749999999999991 0.08749999999999991
0 0.5025000000000001 0.6649999999999999 0.17 0.20250000000000004
0 0.661875 0.691875 0.14624999999999994 0.16875
0 0.8925000000000001 0.7449999999999999 0.1375 0.205
0 0.2475 0.7 0.15000000000000002 0.11499999999999995
0 0.13375000000000004 0.786875 0.08749999999999991 0.10625
0 0.24375 0.8300000000000001 0.08499999999999996 0.0750000000000001
0 0.45500000000000007 0.871875 0.08750000000000009 0.10874999999999986
0 0.34 0.8649999999999999 0.05500000000000007 0.05999999999999996
0 0.58875 0.914375 0.13499999999999995 0.13625000000000026
0 0.13 0.9075 0.09000000000000008 0.09250000000000007
0 0.938125 0.9393750000000001 0.12375000000000007 0.12125000000000004
0 0.4443750000000001 0.9556250000000001 0.16374999999999998 0.08874999999999993
0 0.35375 0.95875 0.08250000000000002 0.08249999999999993
0 0.23874999999999993 0.9724999999999999 0.13000000000000012 0.05500000000000007
0 0.7750000000000001 0.9793749999999999 0.13250000000000012 0.04124999999999997
0 0.613125 0.99 0.22625000000000012 0.019999999999999928
0 0.19562500000000005 0.99 0.04125000000000001 0.019999999999999928
0 0.898125 0.99375 0.07625000000000011 0.0125
