0 0.704375 0.063125 0.4387499999999999 0.12625
0 0.95625 0.085625 0.0875 0.17125
0 0.85375 0.18812500000000001 0.13500000000000006 0.13875
0 0.75625 0.175625 0.09250000000000007 0.10374999999999998
0 0.545625 0.1575 0.05625 0.05249999999999999
0 0.54125 0.29312499999999997 0.14000000000000012 0.23625
0 0.9481249999999999 0.284375 0.10374999999999997 0.14875000000000002
0 0.329375 0.36624999999999996 0.30125 0.20749999999999993
0 0.458125 0.4206250000000001 0.15374999999999997 0.13875
0 0.63875 0.370625 0.047499999999999966 0.03125
0 0.6068749999999999 0.44375 0.061249999999999985 0.06749999999999998
0 0.478125 0.585625 0.14125000000000004 0.14624999999999994
0 0.343125 0.661875 0.17375000000000007 0.16625000000000006
0 0.10187499999999998 0.63375 0.07874999999999999 0.08499999999999996
0 0.630625 0.7549999999999999 0.16375 0.12999999999999998
0 0.6912499999999999 0.8625 0.28500000000000003 0.275
0 0.44125000000000003 0.785625 0.09499999999999997 0.08375000000000003
0 0.8456250000000001 0.843125 0.08125000000000018 0.10625
0 0.54125 0.8875 0.18 0.15249999999999986
0 0.974375 0.9081250000000001 0.05124999999999993 0.18375000000000002
0 0.9037499999999999 0.8862500000000001 0.08000000000000007 0.06750000000000007
0 0.036874999999999936 0.9 0.0687500000000002 0.04500000000000011
0 0.91625 0.9462499999999998 0.16750000000000007 0.10750000000000011
0 0.47375 0.95625 0.1174999999999999 0.0875
0 0.009999999999999953 0.95375 0.019999999999999907 0.05
