0 0.185 0.063125 0.135 0.12625
0 0.30625 0.038125 0.15499999999999997 0.07625
0 0.12625 0.145 0.22749999999999998 0.21000000000000002
0 0.070625 0.238125 0.14125 0.16875
0 0.301875 0.295 0.03125 0.04249999999999998
0 0.975 0.344375 0.0375 0.053750000000000055
0 0.24874999999999997 0.39437500000000003 0.05500000000000003 0.1312500000000001
0 0.0475 0.4731249999999999 0.095 0.08624999999999998
0 0.866875 0.5587500000000001 0.0987499999999999 0.12750000000000003
0 0.7856250000000001 0.5431250000000001 0.04875000000000016 0.06625000000000006
0 0.34937500000000005 0.6356249999999999 0.08625000000000002 0.12374999999999999
0 0.703125 0.798125 0.39624999999999994 0.40375000000000005
0 0.26687500000000003 0.6743750000000001 0.12625000000000006 0.15125000000000002
0 0.169375 0.736875 0.08125 0.09375
0 0.448125 0.7362500000000001 0.028749999999999963 0.07000000000000002
0 0.384375 0.775625 0.12624999999999997 0.10375000000000005
0 0.48125 0.851875 0.047499999999999966 0.06624999999999996
0 0.4125 0.8712499999999999 0.075 0.07750000000000004
0 0.025 0.8806249999999999 0.05 0.05624999999999982
0 0.083125 0.9243749999999998 0.05625 0.12374999999999989
0 0.004375 0.93625 0.00875 0.12749999999999986
0 0.480625 0.914375 0.06875000000000009 0.03624999999999989
0 0.40062499999999995 0.976875 0.04875000000000003 0.046250000000000034
0 0.971875 0.9931249999999998 0.05625 0.013750000000000106
