0 0.679375 0.034375 0.14624999999999994 0.06875
0 0.78 0.059375 0.10749999999999993 0.11875
0 0.09250000000000008 0.074375 0.09250000000000014 0.11125
0 0.293125 0.08375000000000002 0.12875 0.0975
0 0.676875 0.13937499999999997 0.22874999999999995 0.19374999999999998
0 0.5399999999999999 0.08562499999999999 0.07750000000000004 0.08374999999999999
0 0.8543749999999999 0.136875 0.11124999999999999 0.13874999999999998
0 0.9643750000000001 0.209375 0.07125000000000004 0.20874999999999994
0 0.4987500000000001 0.19124999999999998 0.125 0.14499999999999996
0 0.17875000000000002 0.209375 0.21499999999999994 0.14875
0 0.354375 0.21375000000000002 0.12125000000000008 0.1525
0 0.03624999999999995 0.184375 0.04249999999999987 0.05125000000000002
0 0.02812500000000001 0.255 0.05625000000000002 0.075
0 0.813125 0.4 0.19374999999999992 0.19000000000000003
0 0.7137499999999999 0.35625000000000007 0.06750000000000016 0.09750000000000006
0 0.016249999999999987 0.433125 0.03249999999999997 0.15875
0 0.565625 0.40875000000000006 0.06374999999999993 0.09249999999999999
0 0.19249999999999998 0.525625 0.10250000000000001 0.13624999999999998
0 0.5225 0.51125 0.07250000000000005 0.1049999999999999
0 0.40437499999999993 0.556875 0.11124999999999999 0.11875
0 0.8881249999999999 0.635 0.22374999999999998 0.24499999999999994
0 0.03875000000000001 0.7093749999999999 0.07750000000000001 0.2737499999999999
0 0.2875 0.6775 0.1899999999999998 0.19250000000000006
0 0.426875 0.6543749999999999 0.05875000000000004 0.07625000000000001
0 0.5131249999999999 0.8168749999999999 0.10124999999999992 0.1362499999999999
0 0.61875 0.8556249999999999 0.16999999999999993 0.20875000000000005
0 0.8168749999999999 0.9199999999999999 0.25875000000000004 0.15999999999999998
0 0.7056250000000001 0.849375 0.001249999999999929 0.001249999999999929
0 0.9625 0.945 0.075 0.10999999999999996
0 0.505625 0.959375 0.1437500000000001 0.08125
0 0.62375 0.9881249999999999 0.07249999999999997 0.02375000000000007
0 0.03187499999999999 0.9931249999999998 0.06374999999999997 0.013750000000000106
