0 0.99267578125 0.021484375 0.0146484375 0.04296875
0 0.54296875 0.02978515625 0.076171875 0.0595703125
0 0.64794921875 0.01904296875 0.0302734375 0.0263671875
0 0.54931640625 0.06982421875 0.0185546875 0.0146484375
0 0.35791015625 0.1279296875 0.0380859375 0.044921875
0 0.4462890625 0.13720703125 0.0390625 0.0283203125
0 0.30615234375 0.21240234375 0.0341796875 0.0244140625
0 0.6513671875 0.32177734375 0.15625 0.0791015625
0 0.2099609375 0.369140625 0.013671875 0.021484375
0 0.619140625 0.42431640625 0.109375 0.1279296875
0 0.2626953125 0.40576171875 0.060546875 0.0595703125
0 0.3994140625 0.4287109375 0.14453125 0.091796875
0 0.2060546875 0.3974609375 0.01953125 0.0234375
0 0.22265625 0.4052734375 0.017578125 0.02734375
0 0.43896484375 0.4111328125 0.0283203125 0.03125
0 0.517578125 0.4140625 0.029296875 0.025390625
0 0.2060546875 0.44140625 0.025390625 0.033203125
0 0.4755859375 0.51953125 0.115234375 0.126953125
0 0.76123046875 0.5341796875 0.1611328125 0.154296875
0 0.8994140625 0.5673828125 0.033203125 0.025390625
0 0.150390625 0.60009765625 0.033203125 0.0439453125
0 0.560546875 0.61181640625 0.05078125 0.0341796875
0 0.87353515625 0.63623046875 0.0517578125 0.0576171875
0 0.72509765625 0.6337890625 0.0439453125 0.03515625
0 0.4384765625 0.65283203125 0.046875 0.0341796875
0 0.55126953125 0.67333984375 0.0576171875 0.0712890625
0 0.275390625 0.8271484375 0.42578125 0.345703125
0 0.89453125 0.71533203125 0.076171875 0.0947265625
0 0.3564453125 0.72412109375 0.107421875 0.1103515625
0 0.4658203125 0.77685546875 0.08984375 0.1162109375
0 0.9599609375 0.771484375 0.0390625 0.044921875
0 0.8798828125 0.81787109375 0.087890625 0.1181640625
0 0.82568359375 0.84423828125 0.0498046875 0.0478515625
0 0.517578125 0.86328125 0.08203125 0.0859375
0 0.8837890625 0.947265625 0.087890625 0.10546875
0 0.7841796875 0.91455078125 0.01953125 0.0185546875
0 0.5791015625 0.96728515625 0.046875 0.0498046875
0 0.0458984375 0.986328125 0.091796875 0.02734375
