0 0.65966796875 0.5234375 0.1416015625 0.1328125
0 0.5859375 0.3359375 0.09765625 0.103515625
0 0.4677734375 0.64794921875 0.04296875 0.0419921875
0 0.43212890625 0.30712890625 0.0576171875 0.0498046875
0 0.37744140625 0.2001953125 0.0498046875 0.037109375
0 0.33984375 0.45166015625 0.12109375 0.1123046875
0 0.34521484375 0.32177734375 0.1064453125 0.0791015625
0 0.376953125 0.23193359375 0.0390625 0.0302734375
0 0.361328125 0.25927734375 0.052734375 0.0302734375
0 0.3095703125 0.36865234375 0.017578125 0.0185546875
0 0.2880859375 0.634765625 0.033203125 0.0390625
0 0.27685546875 0.67626953125 0.0341796875 0.0380859375
0 0.2822265625 0.39404296875 0.009765625 0.0107421875
0 0.13623046875 0.5087890625 0.2548828125 0.232421875
0 0.20751953125 0.43798828125 0.0888671875 0.0693359375
0 0.23193359375 0.7890625 0.0341796875 0.03515625
0 0.16259765625 0.9765625 0.1240234375 0.046875
0 0.18994140625 0.93798828125 0.0576171875 0.0615234375
0 0.17626953125 0.83544921875 0.0322265625 0.0302734375
0 0.162109375 0.28515625 0.044921875 0.029296875
0 0.0361328125 0.98779296875 0.072265625 0.0244140625
