0 0.009999999999999953 0.0325 0.019999999999999907 0.065
0 0.365 0.036875 0.07250000000000005 0.07375
0 0.775625 0.071875 0.19625000000000004 0.13874999999999998
0 0.12125000000000008 0.018125000000000002 0.0625 0.03125
0 0.5518750000000001 0.048749999999999995 0.06375000000000001 0.075
0 0.45500000000000007 0.044375 0.03500000000000005 0.03874999999999999
0 0.2675 0.08 0.0750000000000001 0.1
0 0.184375 0.07875000000000001 0.07625000000000007 0.0875
0 0.6375 0.08374999999999999 0.08000000000000007 0.07499999999999998
0 0.875 0.12562500000000001 0.04250000000000007 0.06375
0 0.004375000000000018 0.37124999999999997 0.008750000000000036 0.13499999999999993
0 0.5393749999999999 0.35625 0.021250000000000036 0.020000000000000018
0 0.96875 0.43812500000000004 0.0625 0.15375
0 0.473125 0.428125 0.05875000000000004 0.05625
0 0.67625 0.49624999999999997 0.17750000000000005 0.17750000000000005
0 0.9256250000000001 0.671875 0.14874999999999988 0.41625000000000006
0 0.8418749999999999 0.4925 0.07874999999999996 0.04500000000000011
0 0.9824999999999999 0.5425 0.03499999999999996 0.09499999999999993
0 0.7118749999999999 0.6 0.06375000000000011 0.0625
0 0.64125 0.63375 0.06750000000000007 0.0750000000000001
0 0.015000000000000013 0.725 0.030000000000000027 0.15
0 0.661875 0.7068749999999999 0.061249999999999985 0.05874999999999995
0 0.793125 0.7793749999999999 0.10624999999999982 0.11124999999999999
0 0.673125 0.8174999999999999 0.15874999999999995 0.12999999999999998
0 0.5337500000000001 0.8287500000000001 0.09500000000000001 0.10999999999999996
0 0.700625 0.8899999999999999 0.0737499999999999 0.040000000000000036
0 0.95875 0.938125 0.08249999999999993 0.12375000000000007
0 0.8425 0.9412499999999999 0.14500000000000002 0.11750000000000008
0 0.5175 0.9568749999999999 0.1575000000000001 0.08625000000000008
