0 0.496875 0.013125000000000001 0.19125000000000006 0.026250000000000002
0 0.40437500000000004 0.021249999999999998 0.046250000000000034 0.0325
0 0.835625 0.075625 0.10875000000000004 0.09124999999999998
0 0.40437499999999993 0.068125 0.026250000000000016 0.026249999999999996
0 0.015 0.125 0.03 0.1375
0 0.441875 0.10187500000000001 0.03125 0.028750000000000008
0 0.85 0.21937500000000001 0.16499999999999995 0.20125
0 0.44499999999999995 0.18 0.057500000000000016 0.06999999999999999
0 0.6375 0.16499999999999998 0.02250000000000014 0.0375
0 0.696875 0.17375000000000002 0.036249999999999984 0.03500000000000001
0 0.38499999999999995 0.2 0.05999999999999996 0.04749999999999999
0 0.32687499999999997 0.210625 0.028750000000000008 0.03125
0 0.0225 0.251875 0.045 0.11125
0 0.7106250000000001 0.398125 0.21624999999999997 0.11624999999999996
0 0.951875 0.37062500000000004 0.03125 0.061249999999999985
0 0.8712500000000001 0.36124999999999996 0.01750000000000007 0.01499999999999999
0 0.903125 0.3775 0.02624999999999993 0.022499999999999964
0 0.4956250000000001 0.421875 0.03875000000000002 0.03874999999999993
0 0.9568750000000001 0.44250000000000006 0.053749999999999964 0.04249999999999998
0 0.878125 0.471875 0.06625000000000014 0.07124999999999986
0 0.46687500000000004 0.45999999999999996 0.03375000000000004 0.039999999999999945
0 0.725625 0.485 0.06125000000000007 0.07000000000000002
0 0.559375 0.49812500000000004 0.046250000000000034 0.09124999999999997
0 0.9574999999999999 0.51875 0.07499999999999982 0.1
0 0.216875 0.565625 0.04124999999999999 0.09375
0 0.145 0.5599999999999999 0.06999999999999998 0.05999999999999987
0 0.798125 0.570625 0.043749999999999914 0.021249999999999946
0 0.063125 0.6381249999999999 0.09124999999999998 0.13125
0 0.608125 0.66875 0.07374999999999998 0.09750000000000006
0 0.784375 0.6693749999999999 0.053750000000000145 0.05625
0 0.33187500000000003 0.83375 0.51125 0.3325
0 0.755625 0.7606249999999999 0.10625 0.12374999999999999
0 0.9643750000000001 0.765625 0.028749999999999963 0.023749999999999893
0 0.91375 0.7943749999999999 0.042500000000000246 0.05625
0 0.791875 0.8256249999999999 0.1887500000000001 0.10374999999999979
0 0.6775 0.8 0.05499999999999998 0.05
0 0.63125 0.8543749999999999 0.125 0.12374999999999999
0 0.02 0.89375 0.04 0.175
