0 0.63125 0.0225 0.18 0.045
0 0.9824999999999999 0.076875 0.03499999999999996 0.14375
0 0.01125 0.080625 0.0225 0.03874999999999999
0 0.9818749999999999 0.520625 0.036250000000000074 0.19124999999999998
0 0.40812499999999996 0.51375 0.15624999999999994 0.14749999999999996
0 0.275 0.46125 0.04250000000000007 0.030000000000000072
0 0.014375000000000002 0.58 0.028750000000000005 0.05999999999999996
0 0.29312499999999997 0.6118750000000001 0.06375000000000001 0.07625000000000001
0 0.37 0.681875 0.21999999999999997 0.19124999999999986
0 0.835 0.670625 0.2125 0.15874999999999995
0 0.9637499999999999 0.7100000000000001 0.07249999999999997 0.23499999999999996
0 0.21312499999999995 0.66875 0.10124999999999998 0.1425
0 0.35124999999999995 0.86875 0.2374999999999999 0.18500000000000005
0 0.976875 0.8324999999999999 0.04375000000000018 0.040000000000000036
0 0.85 0.8706250000000001 0.08999999999999986 0.1012500000000001
0 0.9375 0.8643750000000001 0.075 0.08375000000000003
0 0.9400000000000001 0.9756250000000002 0.11999999999999993 0.04874999999999989
0 0.36687499999999995 0.99 0.14374999999999996 0.019999999999999928
0 0.8099999999999999 0.990625 0.0875 0.01875
