0 0.974375 0.060625 0.05124999999999993 0.11625
0 0.96875 0.231875 0.0625 0.15375000000000003
0 0.999375 0.529375 0.001249999999999929 0.06375000000000011
0 0.9375 0.5475 0.125 0.06499999999999995
0 0.8793749999999999 0.08249999999999999 0.12124999999999986 0.1525
0 0.8775000000000001 0.228125 0.06999999999999992 0.09625000000000003
0 0.8856249999999999 0.8850000000000001 0.04624999999999986 0.040000000000000036
0 0.775625 0.534375 0.06625000000000014 0.061249999999999895
0 0.7387499999999999 0.7587499999999999 0.0750000000000001 0.07750000000000004
0 0.6681250000000001 0.983125 0.10874999999999994 0.033749999999999857
0 0.625625 0.8300000000000001 0.07374999999999998 0.07000000000000002
0 0.57625 0.32999999999999996 0.14000000000000004 0.15750000000000006
0 0.5493750000000001 0.9956250000000001 0.14375 0.008750000000000036
0 0.491875 0.17312500000000003 0.12125000000000004 0.11624999999999999
0 0.445625 0.5675000000000001 0.20374999999999996 0.16749999999999998
0 0.44749999999999995 0.32437499999999997 0.13000000000000006 0.16375
0 0.45625 0.8443750000000001 0.07750000000000004 0.053749999999999964
0 0.385625 0.99375 0.11874999999999991 0.0125
0 0.22937500000000002 0.339375 0.3687499999999998 0.22375000000000003
0 0.3175 0.709375 0.0625 0.053749999999999964
0 0.25125 0.016875 0.12749999999999995 0.03375
0 0.22437500000000007 0.996875 0.14124999999999985 0.00625
0 0.10437500000000006 0.9125 0.0687500000000002 0.047499999999999966
0 0.08499999999999996 0.546875 0.08499999999999974 0.06374999999999993
0 0.05312500000000009 0.76 0.07625000000000015 0.08000000000000007
0 0.021250000000000047 0.573125 0.04250000000000009 0.07624999999999993
0 0.009375000000000022 0.325625 0.018750000000000044 0.20125
0 0.008124999999999993 0.061875 0.016249999999999987 0.10124999999999999
