0 0.65125 0.114375 0.24249999999999988 0.22875
0 0.996875 0.00125 0.00625 0.0025
0 0.9356249999999999 0.035625 0.0887500000000001 0.07125
0 0.9875 0.01875 0.025 0.0375
0 0.6743750000000001 0.28375 0.18624999999999997 0.195
0 0.250625 0.36 0.08625000000000002 0.11499999999999999
0 0.7012500000000002 0.5231250000000001 0.16749999999999998 0.29874999999999996
0 0.6087499999999999 0.5925 0.14000000000000004 0.15750000000000003
0 0.47562499999999996 0.6256250000000001 0.1687500000000001 0.14124999999999996
0 0.33375 0.5912499999999999 0.040000000000000036 0.047500000000000056
0 0.338125 0.6725 0.07874999999999996 0.09250000000000007
0 0.456875 0.7699999999999999 0.15625000000000008 0.21749999999999997
0 0.12 0.8268749999999999 0.12250000000000001 0.14875
0 0.26437499999999997 0.885 0.21625 0.22999999999999998
0 0.779375 0.8862499999999999 0.18375000000000002 0.14250000000000007
0 0.5743750000000001 0.9650000000000001 0.12124999999999994 0.06999999999999992
