0 0.835 0.9481249999999999 0.15749999999999992 0.10374999999999997
0 0.713125 0.95 0.053749999999999964 0.1
0 0.03375000000000006 0.88375 0.06750000000000012 0.2325
0 0.43937500000000007 0.9675 0.07375000000000007 0.06499999999999986
0 0.5962500000000001 0.9506250000000002 0.09750000000000006 0.0737499999999999
0 0.6743750000000001 0.945625 0.026250000000000016 0.03125000000000018
0 0.48 0.9099999999999999 0.12750000000000003 0.1
0 0.8175000000000001 0.7975000000000001 0.14749999999999996 0.1825000000000001
0 0.525 0.7449999999999999 0.05249999999999995 0.06499999999999995
0 0.20437499999999992 0.6975 0.06125000000000012 0.05249999999999995
0 0.46624999999999994 0.71 0.02999999999999998 0.01750000000000007
0 0.020625000000000004 0.65 0.04125000000000001 0.10249999999999995
0 0.8025 0.6425 0.047500000000000056 0.07750000000000004
0 0.49375 0.6074999999999999 0.075 0.08249999999999993
0 0.09375 0.398125 0.1875 0.32875
0 0.960625 0.425625 0.07874999999999996 0.14875000000000008
0 0.846875 0.40499999999999997 0.1762500000000001 0.16499999999999998
0 0.628125 0.406875 0.07625000000000001 0.10624999999999996
0 0.8306249999999998 0.15749999999999997 0.22125000000000003 0.31499999999999995
0 0.016874999999999918 0.203125 0.033749999999999836 0.10624999999999998
0 0.965625 0.1856250000000001 0.06875 0.12624999999999986
0 0.20312500000000008 0.14124999999999996 0.1462499999999999 0.12499999999999997
0 0.596875 0.12250000000000001 0.09625000000000003 0.11750000000000005
0 0.0050000000000000044 0.08999999999999991 0.010000000000000009 0.10999999999999999
0 0.06499999999999995 0.08937499999999998 0.03499999999999992 0.043749999999999734
0 0.22374999999999995 0.04875000000000007 0.06750000000000023 0.06999999999999984
0 0.6599999999999999 0.02812500000000001 0.04500000000000002 0.05625000000000002
0 0.71 0.015000000000000013 0.04500000000000002 0.030000000000000027
0 0.9712500000000001 0.013124999999999942 0.057499999999999926 0.026249999999999885
