0 0.58125 0.031875 0.1450000000000001 0.06375
0 0.15750000000000008 0.21812500000000004 0.24249999999999994 0.4362500000000001
0 0.13437500000000002 0.49124999999999996 0.18625000000000003 0.195
0 0.5581250000000001 0.5675 0.08625000000000008 0.11500000000000003
0 0.9949999999999999 0.641875 0.009999999999999964 0.19625000000000004
0 0.10749999999999997 0.7306250000000001 0.16749999999999987 0.29875000000000007
0 0.2000000000000001 0.8 0.1399999999999999 0.15750000000000003
0 0.333125 0.8331250000000001 0.16874999999999996 0.14125000000000015
0 0.475 0.79875 0.040000000000000036 0.047499999999999966
0 0.47062499999999996 0.8800000000000001 0.07874999999999996 0.09249999999999989
0 0.35187500000000005 0.934375 0.15625 0.13125
0 0.91875 0.9462499999999998 0.11500000000000003 0.10750000000000011
0 0.68875 0.9800000000000001 0.12250000000000005 0.040000000000000036
0 0.544375 0.9887499999999999 0.21624999999999997 0.022499999999999964
