0 0.94921875 0.07080078125 0.064453125 0.0693359375
0 0.8671875 0.76953125 0.09375 0.140625
0 0.85986328125 0.2578125 0.0966796875 0.08984375
0 0.7236328125 0.099609375 0.078125 0.12109375
0 0.66455078125 0.89599609375 0.1103515625 0.1376953125
0 0.6728515625 0.203125 0.044921875 0.041015625
0 0.56884765625 0.93408203125 0.1884765625 0.1318359375
0 0.5537109375 0.7255859375 0.162109375 0.18359375
0 0.560546875 0.84814453125 0.06640625 0.0400390625
0 0.54833984375 0.01123046875 0.0615234375 0.0224609375
0 0.455078125 0.8662109375 0.125 0.13671875
0 0.47607421875 0.36083984375 0.0205078125 0.0224609375
0 0.4189453125 0.2900390625 0.044921875 0.044921875
0 0.38818359375 0.0712890625 0.0634765625 0.06640625
0 0.32177734375 0.60205078125 0.1943359375 0.2509765625
0 0.34716796875 0.2216796875 0.0517578125 0.05078125
0 0.26953125 0.0537109375 0.173828125 0.107421875
0 0.154296875 0.5224609375 0.259765625 0.26953125
0 0.23291015625 0.98681640625 0.0380859375 0.0263671875
0 0.212890625 0.68115234375 0.0625 0.0634765625
0 0.14306640625 0.24267578125 0.1416015625 0.1533203125
0 0.171875 0.6357421875 0.05859375 0.064453125
0 0.146484375 0.35986328125 0.1015625 0.0908203125
0 0.1435546875 0.97802734375 0.103515625 0.0439453125
0 0.12841796875 0.8876953125 0.0751953125 0.08984375
0 0.10693359375 0.943359375 0.0380859375 0.04296875
0 0.05126953125 0.83544921875 0.0927734375 0.0673828125
0 0.04296875 0.33642578125 0.0859375 0.1083984375
0 0.04541015625 0.9501953125 0.0771484375 0.08203125
0 0.029296875 0.21044921875 0.05859375 0.1591796875
0 0.02490234375 0.47705078125 0.0498046875 0.1494140625
