0 0.9193750000000002 0.9800000000000001 0.0737499999999999 0.040000000000000036
0 0.755 0.93625 0.18499999999999997 0.12749999999999986
0 0.35875 0.93875 0.31999999999999995 0.12250000000000014
0 0.003124999999999989 0.9956250000000001 0.006249999999999978 0.008750000000000036
0 0.8875 0.906875 0.125 0.12125000000000022
0 0.744375 0.740625 0.3287499999999999 0.24375
0 0.40875000000000006 0.7631249999999999 0.10249999999999995 0.18625000000000008
0 0.635 0.5506249999999999 0.17749999999999994 0.17375
0 0.41125 0.46749999999999997 0.22750000000000004 0.30750000000000005
0 0.1318749999999999 0.47375000000000006 0.19625000000000015 0.2124999999999999
0 0.7675 0.44562500000000005 0.11250000000000018 0.15125000000000002
0 0.571875 0.34500000000000003 0.14375 0.1525
0 0.34875 0.14187499999999997 0.13999999999999996 0.24375000000000008
0 0.5131249999999999 0.166875 0.14624999999999994 0.19124999999999992
0 0.64375 0.1343749999999999 0.2125 0.2012500000000001
0 0.838125 0.14499999999999996 0.15375000000000005 0.15249999999999997
0 0.02937500000000004 0.10624999999999991 0.05875000000000008 0.16749999999999987
0 0.9774999999999998 0.10062499999999996 0.04500000000000011 0.12375000000000003
0 0.6775 0.04249999999999998 0.2575 0.08499999999999996
0 0.84375 0.030000000000000082 0.10999999999999979 0.060000000000000164
0 0.46125 0.025000000000000022 0.17000000000000007 0.050000000000000044
