0 0.974609375 0.0302734375 0.05078125 0.060546875
0 0.9755859375 0.27734375 0.048828125 0.0625
0 0.9853515625 0.6943359375 0.01953125 0.04296875
0 0.94921875 0.72021484375 0.033203125 0.0439453125
0 0.94970703125 0.47265625 0.0283203125 0.01953125
0 0.91943359375 0.98046875 0.0634765625 0.0390625
0 0.8896484375 0.82080078125 0.041015625 0.0556640625
0 0.81298828125 0.9453125 0.1162109375 0.109375
0 0.84912109375 0.09619140625 0.0361328125 0.0244140625
0 0.82958984375 0.50390625 0.0419921875 0.03125
0 0.81103515625 0.18115234375 0.0517578125 0.0732421875
0 0.8115234375 0.82470703125 0.05078125 0.1142578125
0 0.75341796875 0.69921875 0.1416015625 0.189453125
0 0.79150390625 0.12060546875 0.0244140625 0.0263671875
0 0.783203125 0.25732421875 0.041015625 0.0400390625
0 0.73974609375 0.9345703125 0.0400390625 0.056640625
0 0.734375 0.12744140625 0.044921875 0.0380859375
0 0.73681640625 0.25146484375 0.0322265625 0.0283203125
0 0.68505859375 0.40087890625 0.1025390625 0.0986328125
0 0.66455078125 0.23046875 0.0966796875 0.107421875
0 0.65087890625 0.06396484375 0.1025390625 0.1201171875
0 0.66796875 0.98876953125 0.056640625 0.0224609375
0 0.650390625 0.91943359375 0.07421875 0.0947265625
0 0.60009765625 0.5615234375 0.0810546875 0.060546875
0 0.57080078125 0.41015625 0.1083984375 0.08203125
0 0.56787109375 0.50341796875 0.0966796875 0.0986328125
0 0.50537109375 0.154296875 0.1708984375 0.130859375
0 0.48828125 0.8271484375 0.083984375 0.08984375
0 0.4111328125 0.79931640625 0.0625 0.2685546875
0 0.3525390625 0.58349609375 0.103515625 0.1298828125
0 0.3203125 0.12255859375 0.162109375 0.1962890625
0 0.33935546875 0.23046875 0.0849609375 0.06640625
0 0.32373046875 0.458984375 0.0322265625 0.0703125
0 0.2880859375 0.3349609375 0.05859375 0.07421875
0 0.2900390625 0.0078125 0.0390625 0.015625
0 0.0419921875 0.900390625 0.083984375 0.19921875
