0 0.7449999999999999 0.056874999999999995 0.23500000000000004 0.11374999999999999
0 0.596875 0.038125 0.16125000000000006 0.07625
0 0.91375 0.12 0.14000000000000004 0.1275
0 0.41 0.06875 0.022500000000000055 0.0225
0 0.7818750000000001 0.114375 0.14625000000000005 0.10375000000000001
0 0.594375 0.21187499999999998 0.13624999999999998 0.18624999999999997
0 0.475 0.240625 0.16000000000000006 0.20874999999999994
0 0.741875 0.2425 0.16625000000000006 0.15749999999999997
0 0.33875 0.255625 0.01499999999999999 0.016249999999999966
0 0.8393750000000001 0.35375 0.15875000000000003 0.18250000000000002
0 0.456875 0.41374999999999995 0.18624999999999997 0.11249999999999996
0 0.928125 0.428125 0.07625000000000011 0.10625
0 0.27437500000000004 0.396875 0.028750000000000008 0.026249999999999975
0 0.6612500000000001 0.4575 0.20750000000000002 0.13499999999999995
0 0.790625 0.555 0.15375000000000005 0.18750000000000008
0 0.421875 0.569375 0.28624999999999995 0.18624999999999997
0 0.646875 0.5574999999999999 0.09624999999999995 0.09249999999999999
0 0.6 0.6693749999999999 0.16000000000000006 0.1587500000000001
0 0.9824999999999999 0.6856249999999999 0.03499999999999996 0.06874999999999991
0 0.34125 0.704375 0.08499999999999996 0.07125000000000004
0 0.694375 0.7275 0.08875000000000002 0.07249999999999997
0 0.7525000000000001 0.7943749999999999 0.1625 0.16875
0 0.8675 0.8800000000000001 0.265 0.24000000000000005
0 0.37 0.7925 0.05499999999999998 0.05999999999999996
0 0.55625 0.991875 0.1325 0.016249999999999966
