0 0.969375 0.74 0.06125000000000007 0.17999999999999988
0 0.9337499999999999 0.08250000000000002 0.13250000000000012 0.16500000000000004
0 0.9512499999999999 0.4525 0.09749999999999996 0.15999999999999986
0 0.9568750000000001 0.24125000000000002 0.0862499999999999 0.12
0 0.951875 0.9724999999999999 0.09624999999999986 0.05500000000000007
0 0.954375 0.5912499999999999 0.07125000000000004 0.07749999999999994
0 0.844375 0.82125 0.22624999999999992 0.2800000000000001
0 0.89875 0.5900000000000001 0.04500000000000011 0.04250000000000007
0 0.8168749999999999 0.209375 0.18124999999999983 0.16874999999999996
0 0.83625 0.401875 0.07250000000000015 0.09125000000000001
0 0.7768749999999999 0.97875 0.10624999999999991 0.04250000000000007
0 0.8018750000000001 0.005625000000000047 0.028749999999999963 0.011250000000000093
0 0.74 0.9912500000000002 0.14749999999999996 0.017499999999999894
0 0.7318749999999999 0.010624999999999996 0.12625000000000003 0.02124999999999999
0 0.75 0.609375 0.08499999999999996 0.09375
0 0.6612500000000001 0.563125 0.07499999999999991 0.07875000000000014
0 0.5443749999999999 0.8024999999999999 0.24375 0.3475
0 0.584375 0.38375 0.11374999999999993 0.1325
0 0.571875 0.1875 0.13374999999999995 0.10749999999999993
0 0.5025000000000001 0.390625 0.0375 0.04375
0 0.47437500000000005 0.1918749999999999 0.03374999999999995 0.036250000000000115
0 0.445625 0.4125 0.061249999999999895 0.0625
0 0.355 0.540625 0.175 0.0887500000000001
0 0.281875 0.733125 0.30625000000000013 0.34375
0 0.394375 0.007500000000000007 0.07625000000000007 0.015000000000000013
0 0.148125 0.9443750000000002 0.29625 0.11124999999999989
0 0.25250000000000006 0.48250000000000004 0.04750000000000001 0.040000000000000036
0 0.195 0.533125 0.12750000000000006 0.07874999999999996
0 0.20499999999999993 0.9193750000000002 0.08249999999999999 0.046250000000000034
0 0.10250000000000004 0.583125 0.06999999999999984 0.06624999999999996
0 0.01749999999999996 0.5962500000000001 0.03499999999999992 0.07250000000000015
