0 0.228125 0.5974999999999999 0.18125 0.17
0 0.3225 0.35750000000000004 0.125 0.13249999999999998
0 0.4737499999999999 0.756875 0.05499999999999998 0.053749999999999964
0 0.5193749999999999 0.32062500000000005 0.07374999999999998 0.06374999999999997
0 0.589375 0.18374999999999997 0.06374999999999993 0.0475000000000001
0 0.6375 0.505625 0.1549999999999999 0.14375
0 0.630625 0.3393750000000001 0.13624999999999998 0.10124999999999998
0 0.5900000000000001 0.224375 0.050000000000000086 0.03875000000000002
0 0.61 0.259375 0.06749999999999998 0.03875000000000006
0 0.67625 0.3993749999999999 0.022499999999999964 0.023750000000000028
0 0.70375 0.74 0.04249999999999998 0.050000000000000086
0 0.718125 0.7931250000000001 0.04375 0.04875000000000007
0 0.71125 0.43187499999999995 0.01250000000000009 0.013749999999999929
0 0.8675 0.57875 0.265 0.29750000000000015
0 0.806875 0.488125 0.11374999999999993 0.08874999999999993
0 0.775625 0.9375 0.043749999999999914 0.04499999999999993
0 0.846875 0.9887499999999999 0.04124999999999997 0.022499999999999964
0 0.865 0.2925 0.057499999999999926 0.03750000000000009
