0 0.745 0.06 0.22750000000000004 0.12
0 0.828125 0.108125 0.19624999999999995 0.16875
0 0.5693750000000001 0.16499999999999998 0.03125 0.0425
0 0.6224999999999999 0.264375 0.05500000000000007 0.13125000000000003
0 0.8237500000000001 0.343125 0.09500000000000001 0.08624999999999998
0 0.026874999999999982 0.42874999999999996 0.053749999999999964 0.1275
0 0.085625 0.41312499999999996 0.04874999999999996 0.06624999999999996
0 0.521875 0.505625 0.08625000000000008 0.12374999999999999
0 0.18312499999999998 0.73125 0.36624999999999996 0.53
0 0.6043749999999999 0.5443749999999999 0.12625000000000003 0.15125000000000002
0 0.7018749999999999 0.606875 0.0812499999999999 0.09375
0 0.4231249999999999 0.60625 0.028750000000000053 0.06999999999999992
0 0.48687500000000006 0.645625 0.12625000000000003 0.10374999999999997
0 0.38999999999999996 0.721875 0.047499999999999966 0.06625000000000006
0 0.45875000000000005 0.7412500000000001 0.07499999999999991 0.07750000000000004
0 0.8462500000000001 0.7506250000000001 0.05 0.05625
0 0.788125 0.7943749999999999 0.05625 0.12374999999999999
0 0.905625 0.8150000000000001 0.08625000000000008 0.14499999999999993
0 0.390625 0.784375 0.06875000000000005 0.036250000000000074
0 0.9675 0.8800000000000001 0.06499999999999986 0.1125
0 0.47062500000000007 0.853125 0.04874999999999998 0.05874999999999986
0 0.18499999999999997 0.9556250000000001 0.1425000000000001 0.08874999999999993
0 0.9881249999999999 0.96125 0.02375000000000007 0.03499999999999996
0 0.45187499999999997 0.9731249999999999 0.15374999999999997 0.053749999999999964
0 0.041874999999999996 0.978125 0.07125000000000004 0.04375
0 0.666875 0.9806250000000001 0.1012500000000001 0.03874999999999993
