0 0.7168749999999999 0.0037499999999999756 0.05625000000000009 0.007499999999999951
0 0.4 0.00187499999999996 0.025000000000000043 0.00374999999999992
0 0.8456250000000001 0.0625 0.07124999999999986 0.05249999999999977
0 0.9675 0.16062499999999996 0.06499999999999986 0.14875000000000002
0 0.44000000000000006 0.13937500000000003 0.040000000000000036 0.053749999999999964
0 0.03687500000000005 0.16312500000000008 0.0737500000000001 0.06624999999999992
0 0.850625 0.1625000000000001 0.14624999999999994 0.06499999999999995
0 0.6900000000000001 0.23687500000000003 0.24250000000000008 0.18125000000000005
0 0.12437500000000008 0.19874999999999998 0.05124999999999991 0.05250000000000001
0 0.9774999999999998 0.254375 0.04500000000000011 0.05125000000000002
0 0.11687500000000006 0.25812500000000005 0.03624999999999989 0.04125000000000001
0 0.3081250000000001 0.324375 0.12625000000000006 0.13125
0 0.08999999999999991 0.3506250000000001 0.13749999999999984 0.12374999999999994
0 0.9556250000000001 0.36875 0.08874999999999993 0.09499999999999993
0 0.51375 0.433125 0.07750000000000004 0.10374999999999997
0 0.32000000000000006 0.47062500000000007 0.10499999999999998 0.13875
0 0.43937499999999996 0.47437500000000005 0.12624999999999997 0.12374999999999999
0 0.038125000000000075 0.5543750000000001 0.07625000000000015 0.21874999999999983
0 0.8537500000000001 0.5762499999999999 0.11500000000000003 0.10750000000000001
0 0.818125 0.675 0.34375 0.07999999999999999
0 0.541875 0.75 0.16624999999999995 0.1325
0 0.03875000000000001 0.79125 0.07750000000000001 0.20749999999999993
0 0.09000000000000002 0.766875 0.08500000000000008 0.10875000000000004
0 0.3825 0.786875 0.09000000000000004 0.04124999999999997
0 0.22374999999999995 0.8324999999999999 0.09500000000000008 0.07499999999999991
