0 0.94140625 0.1201171875 0.1171875 0.12890625
0 0.974609375 0.0302734375 0.05078125 0.060546875
0 0.8984375 0.4423828125 0.173828125 0.251953125
0 0.919921875 0.6298828125 0.103515625 0.078125
0 0.83642578125 0.06005859375 0.0732421875 0.1201171875
0 0.7666015625 0.17724609375 0.1640625 0.2255859375
0 0.705078125 0.55224609375 0.234375 0.2568359375
0 0.6796875 0.09521484375 0.173828125 0.1904296875
0 0.5810546875 0.421875 0.169921875 0.2265625
0 0.6103515625 0.75537109375 0.103515625 0.0849609375
0 0.57568359375 0.21435546875 0.0966796875 0.1787109375
0 0.52392578125 0.60107421875 0.1357421875 0.0908203125
0 0.48291015625 0.7939453125 0.1162109375 0.138671875
0 0.4521484375 0.03759765625 0.162109375 0.0751953125
0 0.3447265625 0.5888671875 0.30859375 0.48046875
0 0.4111328125 0.74853515625 0.1328125 0.1103515625
0 0.37451171875 0.28662109375 0.1435546875 0.1611328125
0 0.36962890625 0.14990234375 0.1533203125 0.1103515625
0 0.3388671875 0.935546875 0.20703125 0.12890625
0 0.30029296875 0.0625 0.1259765625 0.10546875
0 0.18701171875 0.36474609375 0.1552734375 0.1787109375
0 0.12841796875 0.86376953125 0.1865234375 0.1904296875
0 0.095703125 0.97998046875 0.162109375 0.0400390625
0 0.056640625 0.75341796875 0.11328125 0.2060546875
0 0.048828125 0.24267578125 0.09765625 0.1708984375
