0 0.884375 0.096875 0.23125 0.19375
0 0.7381249999999999 0.08125 0.16125000000000006 0.15
0 0.030625000000000003 0.19875 0.061250000000000006 0.2475
0 0.9925 0.2 0.015000000000000036 0.12749999999999997
0 0.55125 0.14875 0.022499999999999964 0.02250000000000001
0 0.923125 0.194375 0.14625000000000005 0.10375000000000001
0 0.735625 0.291875 0.13624999999999998 0.18625
0 0.61625 0.320625 0.16000000000000006 0.20875
0 0.883125 0.3225 0.16625000000000015 0.15750000000000003
0 0.48 0.335625 0.015000000000000036 0.016249999999999966
0 0.9506249999999999 0.43375 0.09875000000000007 0.18249999999999997
0 0.598125 0.49375 0.18625000000000008 0.1125
0 0.415625 0.47687500000000005 0.028749999999999963 0.026250000000000016
0 0.8025 0.5375 0.20750000000000002 0.13500000000000006
0 0.9275 0.635 0.14499999999999993 0.1875
0 0.563125 0.649375 0.28625 0.18625000000000008
0 0.7881250000000001 0.6375 0.09625000000000003 0.09249999999999989
0 0.74125 0.749375 0.16000000000000006 0.15874999999999995
0 0.48250000000000004 0.784375 0.08499999999999996 0.07124999999999986
0 0.835625 0.8074999999999999 0.0887500000000001 0.07249999999999997
0 0.89375 0.874375 0.1625 0.16875
0 0.938125 0.9199999999999999 0.12375000000000007 0.15999999999999998
0 0.51125 0.8725000000000002 0.054999999999999896 0.05999999999999996
