0 0.19125000000000003 0.98375 0.135 0.03249999999999993
0 0.1325 0.921875 0.2274999999999999 0.15625
0 0.07374999999999998 0.8556249999999999 0.14749999999999996 0.16874999999999982
0 0.308125 0.7987500000000001 0.03125 0.04250000000000016
0 0.98125 0.749375 0.0375 0.053750000000000055
0 0.255 0.6993750000000001 0.05499999999999994 0.13125
0 0.05375000000000002 0.6206250000000001 0.09500000000000008 0.08625000000000008
0 0.8731249999999999 0.5349999999999999 0.0987499999999999 0.12750000000000003
0 0.7918749999999999 0.5506249999999999 0.04874999999999998 0.06625000000000006
0 0.35562499999999997 0.458125 0.08624999999999994 0.12375000000000003
0 0.709375 0.24875000000000003 0.39624999999999994 0.49750000000000005
0 0.27312499999999995 0.41937499999999994 0.12624999999999997 0.15125000000000002
0 0.17562500000000003 0.35687500000000005 0.08125000000000004 0.09375
0 0.45437500000000003 0.35750000000000004 0.028749999999999963 0.06999999999999998
0 0.390625 0.318125 0.12624999999999992 0.10375000000000005
0 0.4875 0.241875 0.047499999999999966 0.06625
0 0.41875 0.22250000000000006 0.075 0.0774999999999999
0 0.03125 0.21312500000000006 0.050000000000000044 0.0562499999999998
0 0.08937499999999998 0.16937500000000005 0.05624999999999991 0.1237499999999998
0 0.007500000000000007 0.14875000000000005 0.015000000000000013 0.1449999999999998
0 0.48687500000000006 0.17937500000000006 0.06875 0.03624999999999989
0 0.40687500000000004 0.11062500000000001 0.04874999999999994 0.05874999999999997
0 0.975 0.053750000000000075 0.05 0.10750000000000015
0 0.6925 0.026249999999999996 0.14250000000000007 0.05249999999999999
0 0.425625 0.008749999999999925 0.15374999999999997 0.01749999999999985
0 0.835625 0.0037499999999999756 0.07125000000000004 0.007499999999999951
0 0.21062499999999992 0.0012499999999999178 0.10125000000000006 0.0024999999999998357
