0 0.5081249999999999 0.00875 0.09124999999999997 0.0175
0 0.7275 0.049375 0.05250000000000003 0.05874999999999999
0 0.41312499999999996 0.146875 0.22374999999999998 0.24874999999999997
0 0.9862500000000001 0.095 0.027500000000000035 0.1275
0 0.250625 0.06000000000000001 0.03875000000000002 0.05
0 0.15625 0.065625 0.03499999999999996 0.03875000000000001
0 0.11187499999999999 0.121875 0.07125 0.06124999999999999
0 0.840625 0.17875000000000002 0.09625000000000013 0.08999999999999997
0 0.95375 0.215625 0.09250000000000007 0.11375000000000002
0 0.30374999999999996 0.28874999999999995 0.085 0.075
0 0.781875 0.315625 0.11374999999999993 0.12624999999999997
0 0.15812500000000002 0.285625 0.036249999999999984 0.05125000000000002
0 0.13875 0.35 0.030000000000000006 0.04499999999999997
0 0.58375 0.399375 0.14000000000000004 0.12625000000000003
0 0.27375 0.418125 0.11750000000000002 0.11874999999999991
0 0.775625 0.4800000000000001 0.12374999999999999 0.11000000000000006
0 0.403125 0.478125 0.09875000000000003 0.09375
0 0.08687500000000001 0.500625 0.07125000000000001 0.07875000000000006
0 0.20437500000000003 0.55875 0.05875000000000004 0.040000000000000036
0 0.8012499999999999 0.5824999999999999 0.040000000000000036 0.03500000000000005
0 0.038125 0.62625 0.07625 0.10750000000000011
0 0.53 0.6224999999999999 0.05500000000000007 0.04999999999999991
0 0.209375 0.6831250000000001 0.08874999999999995 0.10874999999999994
0 0.32375000000000004 0.6737500000000001 0.02999999999999998 0.03500000000000005
0 0.8425 0.686875 0.06499999999999986 0.06125000000000007
0 0.598125 0.678125 0.038750000000000104 0.04125000000000005
0 0.5525 0.7162499999999999 0.047499999999999966 0.04250000000000007
0 0.045 0.77125 0.09 0.14250000000000007
0 0.9268750000000001 0.7518750000000001 0.09375 0.05625000000000009
0 0.6325000000000001 0.735625 0.025 0.021249999999999946
0 0.13249999999999998 0.746875 0.030000000000000006 0.036250000000000074
0 0.9262499999999999 0.884375 0.14749999999999996 0.23125
0 0.9893750000000001 0.9075 0.021250000000000036 0.18500000000000014
0 0.78125 0.9112500000000001 0.2899999999999999 0.17750000000000005
0 0.5275000000000001 0.8643750000000001 0.06750000000000007 0.06875000000000017
0 0.5525 0.91875 0.14000000000000004 0.1625
0 0.32625000000000004 0.9162500000000001 0.017500000000000026 0.022499999999999964
0 0.09625000000000002 0.9668749999999999 0.0775 0.06624999999999996
0 0.45874999999999994 0.984375 0.09749999999999996 0.03125
