0 0.96923828125 0.11962890625 0.0615234375 0.0576171875
0 0.95703125 0.20166015625 0.0859375 0.0732421875
0 0.97412109375 0.27099609375 0.0517578125 0.0595703125
0 0.9560546875 0.7197265625 0.087890625 0.1328125
0 0.9462890625 0.95556640625 0.107421875 0.0888671875
0 0.86279296875 0.1181640625 0.2412109375 0.236328125
0 0.8974609375 0.4091796875 0.162109375 0.150390625
0 0.91796875 0.5966796875 0.103515625 0.11328125
0 0.8857421875 0.76123046875 0.109375 0.1259765625
0 0.82177734375 0.50634765625 0.1650390625 0.1044921875
0 0.8564453125 0.31787109375 0.033203125 0.0439453125
0 0.7685546875 0.90087890625 0.1640625 0.1982421875
0 0.8076171875 0.57470703125 0.041015625 0.0419921875
0 0.7900390625 0.61962890625 0.044921875 0.0283203125
0 0.76904296875 0.7578125 0.0673828125 0.033203125
0 0.71337890625 0.25830078125 0.1474609375 0.1650390625
0 0.76123046875 0.17578125 0.0478515625 0.05859375
0 0.73046875 0.43798828125 0.099609375 0.1044921875
0 0.70263671875 0.53564453125 0.1396484375 0.1416015625
0 0.72412109375 0.69384765625 0.0615234375 0.0771484375
0 0.68701171875 0.40625 0.0810546875 0.07421875
0 0.64599609375 0.61962890625 0.1416015625 0.1240234375
0 0.6806640625 0.72412109375 0.0703125 0.0947265625
0 0.6484375 0.08740234375 0.125 0.1279296875
0 0.681640625 0.8798828125 0.029296875 0.03125
0 0.65234375 0.90087890625 0.056640625 0.0537109375
0 0.56396484375 0.689453125 0.1943359375 0.134765625
0 0.55419921875 0.388671875 0.2041015625 0.265625
0 0.59521484375 0.53125 0.0498046875 0.048828125
0 0.5986328125 0.865234375 0.029296875 0.03515625
0 0.49609375 0.84912109375 0.17578125 0.1865234375
0 0.5498046875 0.220703125 0.05078125 0.02734375
0 0.4365234375 0.5419921875 0.2265625 0.212890625
0 0.345703125 0.900390625 0.353515625 0.19921875
0 0.47216796875 0.14892578125 0.0673828125 0.0458984375
0 0.4248046875 0.2568359375 0.15625 0.13671875
0 0.45703125 0.09716796875 0.0546875 0.0458984375
0 0.46240234375 0.4091796875 0.0419921875 0.07421875
0 0.4375 0.7275390625 0.091796875 0.109375
0 0.36572265625 0.408203125 0.1279296875 0.078125
0 0.3955078125 0.111328125 0.044921875 0.033203125
0 0.36962890625 0.63720703125 0.0927734375 0.0634765625
0 0.3642578125 0.14208984375 0.03515625 0.0322265625
0 0.35791015625 0.03271484375 0.0419921875 0.0322265625
0 0.3359375 0.0078125 0.033203125 0.015625
0 0.3408203125 0.30517578125 0.021484375 0.0146484375
0 0.30322265625 0.17822265625 0.0869140625 0.1025390625
0 0.2431640625 0.7548828125 0.197265625 0.201171875
0 0.29541015625 0.66650390625 0.0888671875 0.0673828125
0 0.31298828125 0.23291015625 0.0283203125 0.0400390625
0 0.205078125 0.5576171875 0.1953125 0.17578125
0 0.26953125 0.2421875 0.041015625 0.056640625
0 0.25244140625 0.3369140625 0.0751953125 0.064453125
0 0.26806640625 0.39892578125 0.0419921875 0.0537109375
0 0.18310546875 0.02978515625 0.0869140625 0.0595703125
0 0.130859375 0.3955078125 0.1875 0.140625
0 0.14404296875 0.48876953125 0.1181640625 0.0732421875
0 0.138671875 0.2431640625 0.099609375 0.0859375
0 0.06591796875 0.7021484375 0.1318359375 0.220703125
0 0.0771484375 0.54296875 0.060546875 0.08984375
0 0.03466796875 0.13671875 0.0693359375 0.12890625
0 0.01611328125 0.41162109375 0.0322265625 0.0966796875
0 0.0185546875 0.22216796875 0.0234375 0.0322265625
0 0.01513671875 0.546875 0.0302734375 0.072265625
