0 0.5525 0.0325 0.0625 0.05499999999999999
0 0.3975 0.09749999999999999 0.18 0.1025
0 0.804375 0.18062499999999998 0.14624999999999985 0.14375
0 0.8418749999999999 0.32875 0.09625000000000003 0.04750000000000001
0 0.858125 0.47125000000000006 0.0737499999999999 0.0875
0 0.8256249999999999 0.624375 0.19125000000000006 0.19124999999999986
0 0.174375 0.6175 0.15625 0.14750000000000005
0 0.041249999999999995 0.5650000000000001 0.042499999999999996 0.02999999999999998
0 0.059375 0.715625 0.06375 0.07625000000000001
0 0.13625 0.7856249999999999 0.21999999999999997 0.19125000000000006
0 0.6012500000000001 0.7743749999999999 0.2125 0.15875000000000003
0 0.819375 0.81375 0.2512499999999999 0.23499999999999996
0 0.015 0.7725 0.03 0.1425
0 0.118125 0.9400000000000001 0.23625 0.11999999999999993
0 0.743125 0.93625 0.04375000000000009 0.040000000000000036
0 0.61625 0.9618749999999998 0.08999999999999994 0.07625000000000011
0 0.70375 0.963125 0.075 0.07375000000000007
0 0.8162499999999999 0.97875 0.05500000000000007 0.04250000000000007
