0 0.9637499999999999 0.39875 0.07249999999999997 0.23499999999999996
0 0.8800000000000001 0.380625 0.0625 0.08875000000000002
0 0.8256250000000002 0.436875 0.09375000000000008 0.13375000000000004
0 0.28125 0.4575 0.13249999999999998 0.1125
0 0.438125 0.46875 0.10375000000000005 0.11000000000000006
0 0.1125 0.471875 0.11000000000000001 0.1137500000000001
0 0.623125 0.47937499999999994 0.14625000000000005 0.12875000000000006
0 0.9068750000000001 0.5037499999999999 0.07874999999999996 0.09249999999999999
0 0.983125 0.5525 0.033749999999999857 0.06750000000000007
0 0.64375 0.609375 0.20250000000000004 0.16624999999999995
0 0.7681250000000001 0.665625 0.13125 0.08125
0 0.9574999999999999 0.684375 0.08499999999999996 0.06875
0 0.6212500000000001 0.76125 0.11250000000000009 0.12750000000000003
0 0.9756250000000002 0.7725000000000001 0.04874999999999989 0.14000000000000004
0 0.8975000000000002 0.784375 0.14000000000000004 0.15124999999999994
0 0.79 0.8393750000000001 0.1625 0.16375000000000012
0 0.52125 0.815625 0.11000000000000006 0.10625
0 0.285625 0.899375 0.07375000000000002 0.10375000000000015
0 0.7024999999999999 0.9412499999999999 0.15 0.11750000000000008
0 0.06499999999999999 0.940625 0.10499999999999998 0.10874999999999986
0 0.585 0.9506249999999999 0.057500000000000016 0.08625000000000008
0 0.490625 0.98375 0.04125000000000005 0.03249999999999993
