0 0.940625 0.00625 0.03125 0.0125
0 0.37312500000000004 0.04375 0.12625000000000003 0.0875
0 0.663125 0.129375 0.0812499999999999 0.06625
0 0.2425 0.22000000000000003 0.09750000000000003 0.09749999999999999
0 0.22125000000000003 0.335625 0.06999999999999998 0.05625
0 0.022500000000000075 0.41312499999999996 0.04500000000000015 0.13625000000000004
0 0.31437499999999996 0.421875 0.09625000000000009 0.0962499999999999
0 0.22250000000000006 0.3893750000000001 0.040000000000000036 0.03125000000000004
0 0.578125 0.401875 0.05124999999999993 0.04124999999999997
0 0.085625 0.44000000000000006 0.061249999999999916 0.0625
0 0.19187500000000007 0.426875 0.043749999999999865 0.03375000000000004
0 0.6293749999999999 0.590625 0.21125000000000008 0.22874999999999995
0 0.05999999999999994 0.55375 0.11999999999999988 0.1375000000000001
0 0.32625 0.568125 0.16000000000000006 0.13624999999999998
0 0.469375 0.5475 0.08875000000000002 0.08250000000000002
0 0.9724999999999999 0.6 0.05500000000000007 0.1
0 0.8150000000000001 0.6425000000000001 0.15249999999999994 0.15249999999999994
0 0.9893750000000001 0.7293749999999999 0.021250000000000036 0.07875000000000006
0 0.20249999999999996 0.7862500000000001 0.2725000000000001 0.13999999999999996
0 0.030000000000000082 0.780625 0.060000000000000164 0.10625
0 0.409375 0.8018750000000001 0.09625000000000003 0.11624999999999996
0 0.554375 0.81375 0.17875000000000005 0.1299999999999999
0 0.704375 0.8162500000000001 0.11125000000000007 0.11250000000000018
0 0.56375 0.9425000000000001 0.1625 0.11500000000000003
0 0.023749999999999993 0.97875 0.04749999999999999 0.04250000000000007
0 0.759375 0.99 0.03375000000000013 0.019999999999999928
