0 0.9893750000000001 0.00375 0.021250000000000036 0.0075
0 0.6893750000000001 0.028750000000000005 0.11374999999999993 0.05750000000000001
0 0.37749999999999995 0.12875 0.0625 0.05499999999999998
0 0.5325 0.19375 0.18000000000000008 0.10250000000000004
0 0.12562500000000004 0.276875 0.1462500000000001 0.14375
0 0.08812500000000006 0.425 0.09625000000000006 0.047499999999999966
0 0.07187499999999997 0.5675000000000001 0.0737500000000001 0.08749999999999991
0 0.104375 0.720625 0.19124999999999992 0.19124999999999998
0 0.755625 0.71375 0.15625 0.14749999999999996
0 0.8887499999999999 0.6612500000000001 0.04250000000000007 0.02999999999999998
0 0.8706250000000001 0.811875 0.06375000000000011 0.07624999999999993
0 0.7937500000000001 0.881875 0.2200000000000001 0.19125000000000006
0 0.32875000000000004 0.8706250000000001 0.2125 0.15875000000000003
0 0.118125 0.89625 0.23625 0.20750000000000002
0 0.95 0.86875 0.1 0.1424999999999999
0 0.8125 0.9881249999999999 0.2375 0.02375000000000007
