0 0.990625 0.504375 0.01875 0.1137500000000001
0 0.02812500000000001 0.576875 0.05625000000000002 0.11375000000000002
0 0.07999999999999996 0.648125 0.15999999999999992 0.17875000000000005
0 0.9493749999999999 0.684375 0.1012500000000001 0.23125
0 0.259375 0.7150000000000001 0.2612500000000001 0.20500000000000007
0 0.8856249999999999 0.7224999999999999 0.11874999999999983 0.15
0 0.441875 0.786875 0.14625000000000005 0.16375
0 0.79125 0.7862500000000001 0.12750000000000003 0.1375
0 0.9425000000000001 0.8787499999999999 0.11500000000000003 0.1849999999999999
0 0.821875 0.9037499999999999 0.10375000000000005 0.11500000000000021
0 0.9887499999999999 0.9506249999999999 0.022499999999999964 0.09875000000000007
0 0.99875 0.9381250000000001 0.002499999999999858 0.053749999999999964
0 0.8450000000000001 0.978125 0.11750000000000016 0.04375
0 0.7293749999999999 0.9925 0.07374999999999998 0.015000000000000036
