0 0.32937500000000003 0.9875 0.18375 0.025
0 0.8225 0.951875 0.1875 0.09624999999999986
0 0.51 0.875625 0.175 0.24875000000000008
0 0.35875 0.9125 0.05249999999999999 0.13500000000000015
0 0.255625 0.845 0.09624999999999995 0.10250000000000004
0 0.70875 0.835625 0.10250000000000004 0.09124999999999997
0 0.3125 0.768125 0.09749999999999996 0.06624999999999996
0 0.013124999999999942 0.7675000000000001 0.026249999999999885 0.03749999999999991
0 0.7125 0.621875 0.5549999999999999 0.26625
0 0.19750000000000006 0.585625 0.12249999999999994 0.12375000000000007
0 0.37125 0.5643750000000001 0.13000000000000006 0.13625000000000015
0 0.95375 0.49812499999999993 0.09250000000000007 0.22374999999999998
0 0.65625 0.49625 0.0674999999999999 0.02999999999999998
0 0.19312499999999994 0.445 0.10125000000000015 0.10999999999999996
0 0.7325 0.46062499999999995 0.06500000000000003 0.04375000000000009
0 0.318125 0.40625 0.11874999999999991 0.1200000000000001
0 0.9706249999999998 0.42687500000000006 0.03125 0.028750000000000053
0 0.9493750000000001 0.290625 0.05874999999999986 0.05625000000000004
0 0.29437500000000005 0.24062499999999992 0.09375 0.1162500000000001
0 0.8393750000000001 0.271875 0.021250000000000036 0.05125000000000002
0 0.44125 0.15500000000000003 0.205 0.14749999999999996
0 0.930625 0.20250000000000004 0.02624999999999993 0.030000000000000027
0 0.12687499999999996 0.198125 0.03624999999999989 0.02124999999999999
0 0.13187500000000008 0.1325 0.06624999999999992 0.07000000000000017
0 0.9824999999999999 0.14499999999999996 0.03499999999999996 0.025000000000000022
0 0.25250000000000006 0.06874999999999998 0.21749999999999994 0.13749999999999996
0 0.6481250000000001 0.07187500000000013 0.05875000000000004 0.053749999999999964
0 0.95375 0.07937499999999992 0.027500000000000212 0.033749999999999836
0 0.525 0.03937499999999999 0.175 0.07874999999999999
0 0.16375 0.015000000000000013 0.032500000000000084 0.030000000000000027
0 0.188125 0.00187499999999996 0.03875000000000006 0.00374999999999992
