0 0.4418749999999999 0.9981249999999999 0.04874999999999998 0.0037499999999999643
0 0.578125 0.9168749999999999 0.15375000000000014 0.16624999999999995
0 0.148125 0.93875 0.14125000000000001 0.1200000000000001
0 0.9443750000000002 0.9793749999999999 0.028749999999999963 0.038750000000000104
0 0.9512499999999999 0.9262499999999999 0.020000000000000108 0.020000000000000108
0 0.946875 0.8868750000000001 0.04375 0.03375000000000021
0 0.9549999999999998 0.79375 0.0625 0.11000000000000006
0 0.340625 0.765 0.01875 0.057499999999999926
0 0.9581250000000001 0.68875 0.08375000000000003 0.12749999999999995
0 0.209375 0.71875 0.051249999999999976 0.0375
0 0.26625 0.6199999999999999 0.075 0.09750000000000006
0 0.00875 0.60375 0.0175 0.047499999999999966
0 0.1375 0.5431250000000001 0.1125 0.1437500000000001
0 0.30812500000000004 0.545 0.08624999999999998 0.08499999999999996
0 0.04625 0.434375 0.017500000000000005 0.03125
0 0.673125 0.26375000000000004 0.06875 0.13249999999999998
0 0.575 0.2775 0.0875 0.0875
0 0.32249999999999995 0.20124999999999998 0.16999999999999993 0.20250000000000004
0 0.849375 0.266875 0.036250000000000074 0.028750000000000053
0 0.163125 0.17437500000000006 0.14625 0.16874999999999996
0 0.000625 0.12125000000000001 0.00125 0.20499999999999993
0 0.5774999999999999 0.16625 0.15 0.11499999999999996
0 0.8606250000000001 0.1925 0.02375000000000007 0.05249999999999999
0 0.9112500000000001 0.16124999999999995 0.03750000000000018 0.029999999999999916
0 0.865625 0.13437499999999997 0.016249999999999966 0.033749999999999836
0 0.6912499999999999 0.07937499999999992 0.0875 0.10625000000000007
0 0.58125 0.03687500000000005 0.08500000000000014 0.0737500000000001
0 0.8637499999999999 0.055625000000000036 0.020000000000000108 0.036250000000000115
0 0.37 0.024374999999999925 0.08750000000000005 0.04874999999999985
0 0.485 0.015625 0.05499999999999998 0.03125
0 0.23625 0.009999999999999953 0.135 0.019999999999999907
0 0.969375 0.009375000000000022 0.06125000000000007 0.018750000000000044
0 0.6950000000000001 0.0025000000000000577 0.09000000000000004 0.0050000000000001155
