0 0.008124999999999993 0.010625 0.016249999999999987 0.02125
0 0.9081249999999998 0.046875 0.03125 0.046250000000000006
0 0.38625 0.071875 0.040000000000000036 0.053750000000000006
0 0.7993749999999998 0.095625 0.09374999999999992 0.06625
0 0.024374999999999925 0.095 0.04874999999999985 0.06499999999999999
0 0.13624999999999998 0.169375 0.24249999999999988 0.18125
0 0.8768750000000001 0.12062500000000001 0.03375000000000004 0.03125
0 0.701875 0.13125 0.05125000000000002 0.05249999999999999
0 0.8681249999999998 0.19375 0.04874999999999989 0.057499999999999996
0 0.709375 0.190625 0.036250000000000074 0.04124999999999997
0 0.5181250000000001 0.256875 0.12625000000000003 0.13125
0 0.7362499999999998 0.28312499999999996 0.1374999999999999 0.12374999999999999
0 0.93625 0.300625 0.12749999999999986 0.13125000000000003
0 0.3125 0.365625 0.07749999999999986 0.10375000000000001
0 0.50625 0.403125 0.10500000000000007 0.13874999999999998
0 0.38687499999999997 0.406875 0.12625000000000003 0.12375000000000003
0 0.83375 0.48687499999999995 0.16750000000000007 0.21874999999999994
0 0.015000000000000013 0.50875 0.030000000000000027 0.10750000000000001
0 0.09000000000000002 0.6074999999999999 0.18000000000000005 0.07999999999999999
0 0.28437500000000004 0.6825 0.16625000000000006 0.13250000000000012
0 0.874375 0.7237500000000001 0.2512499999999999 0.20750000000000002
0 0.7362500000000001 0.6993750000000001 0.08500000000000005 0.10875000000000004
0 0.44375 0.719375 0.08999999999999994 0.04125000000000005
0 0.6024999999999999 0.765 0.09500000000000011 0.075
