0 0.984375 0.71 0.03125 0.13499999999999987
0 0.9225 0.76875 0.15500000000000008 0.22750000000000004
0 0.8568749999999999 0.851875 0.16875 0.19624999999999995
0 0.8 0.593125 0.04249999999999998 0.03125
0 0.7006249999999999 0.64625 0.13125 0.05500000000000007
0 0.621875 0.8474999999999999 0.08625000000000008 0.09499999999999993
0 0.5362500000000001 0.03875000000000001 0.12749999999999995 0.07750000000000001
0 0.5518750000000001 0.109375 0.06625000000000006 0.04875000000000007
0 0.459375 0.545625 0.12375000000000007 0.08624999999999998
0 0.24937500000000004 0.195 0.4987500000000001 0.39
0 0.42062499999999997 0.628125 0.15124999999999997 0.12624999999999992
0 0.3581250000000001 0.725625 0.09375000000000004 0.0812499999999999
0 0.35875 0.446875 0.07000000000000006 0.028750000000000053
0 0.31937499999999996 0.5106249999999999 0.10374999999999997 0.12625000000000003
0 0.24312499999999998 0.41375 0.06625000000000006 0.047499999999999966
0 0.22375000000000006 0.48249999999999993 0.07749999999999979 0.0750000000000001
0 0.21437500000000007 0.8699999999999999 0.05625000000000004 0.05
0 0.17062500000000003 0.811875 0.12375 0.05625000000000009
0 0.15000000000000005 0.929375 0.14500000000000005 0.0862499999999999
0 0.18062500000000004 0.414375 0.036250000000000115 0.06875
0 0.08500000000000008 0.9793749999999999 0.11249999999999982 0.04124999999999997
0 0.11187499999999995 0.49437499999999995 0.05875000000000008 0.04875000000000007
0 0.026874999999999982 0.20875 0.053749999999999964 0.14250000000000007
0 0.009375000000000022 0.4756250000000001 0.018750000000000044 0.15374999999999997
0 0.004375000000000018 0.06562499999999999 0.008750000000000036 0.07124999999999992
0 0.00187499999999996 0.690625 0.00374999999999992 0.10124999999999992
