0 0.844375 0.030000000000000082 0.3112500000000001 0.060000000000000164
0 0.9949999999999999 0.12187499999999996 0.009999999999999964 0.13874999999999993
0 0.9568750000000001 0.109375 0.0862499999999999 0.10375000000000023
0 0.7493749999999999 0.09124999999999989 0.05625 0.0525000000000001
0 0.7449999999999999 0.226875 0.13999999999999985 0.23625
0 0.533125 0.3 0.30125000000000013 0.20749999999999993
0 0.661875 0.35437499999999994 0.15374999999999997 0.13875000000000007
0 0.8425 0.30437500000000006 0.047499999999999966 0.03125
0 0.8106250000000002 0.3775 0.06125000000000007 0.06749999999999998
0 0.681875 0.5193749999999999 0.14124999999999988 0.14625000000000013
0 0.546875 0.595625 0.17375000000000007 0.16624999999999995
0 0.3056249999999999 0.5675 0.07875000000000001 0.08499999999999996
0 0.06187500000000001 0.7 0.12375000000000003 0.1625
0 0.834375 0.6887500000000001 0.16375 0.12999999999999998
0 0.87625 0.829375 0.24750000000000005 0.34125000000000005
0 0.6449999999999999 0.719375 0.09500000000000001 0.08374999999999995
0 0.13499999999999995 0.8143750000000001 0.09250000000000014 0.15875000000000003
0 0.745 0.82125 0.17999999999999988 0.15249999999999994
0 0.240625 0.83375 0.06874999999999995 0.04499999999999993
0 0.6775 0.9212499999999999 0.11750000000000008 0.1500000000000002
0 0.19374999999999995 0.8875 0.06000000000000003 0.05
