0 0.85 0.0025 0.025 0.005
0 0.548125 0.027500000000000004 0.11375000000000002 0.05500000000000001
0 0.23625 0.12625000000000003 0.0625 0.05500000000000001
0 0.39125 0.19125 0.18 0.10249999999999997
0 0.028749999999999942 0.27437500000000004 0.057499999999999885 0.14374999999999996
0 0.02937500000000004 0.718125 0.05875000000000008 0.19124999999999986
0 0.614375 0.71125 0.15625 0.14750000000000005
0 0.7475 0.6587500000000001 0.04249999999999989 0.02999999999999998
0 0.996875 0.7775000000000001 0.00625 0.05999999999999987
0 0.7293749999999999 0.809375 0.06375000000000001 0.07624999999999993
0 0.6525000000000001 0.8793749999999999 0.22000000000000003 0.19125000000000006
0 0.1875 0.8681249999999998 0.2124999999999999 0.15875000000000003
0 0.04749999999999999 0.8949999999999999 0.09499999999999997 0.20999999999999996
0 0.809375 0.86625 0.10124999999999992 0.1425
0 0.67125 0.9868750000000001 0.2375 0.02624999999999993
