0 0.923125 0.3993749999999999 0.15375000000000014 0.15374999999999991
0 0.945625 0.829375 0.10875000000000004 0.14124999999999996
0 0.9862500000000001 0.033125000000000016 0.027500000000000035 0.028749999999999942
0 0.93875 0.02625000000000005 0.020000000000000108 0.02000000000000013
0 0.899375 0.030625000000000013 0.033749999999999857 0.043749999999999956
0 0.80625 0.026874999999999982 0.10999999999999996 0.053749999999999964
0 0.7775000000000001 0.6368750000000001 0.057499999999999926 0.01875000000000009
0 0.70125 0.030625000000000013 0.12750000000000003 0.06125000000000003
0 0.73125 0.768125 0.0375 0.05125000000000011
0 0.6325000000000001 0.71125 0.09749999999999996 0.075
0 0.6162500000000001 0.9774999999999998 0.047499999999999966 0.03499999999999996
0 0.555625 0.8400000000000001 0.1437499999999999 0.11250000000000009
0 0.5575 0.6693749999999999 0.08499999999999996 0.08625000000000008
0 0.446875 0.93125 0.03125 0.017499999999999894
0 0.27625 0.304375 0.13250000000000006 0.06875
0 0.2899999999999999 0.4025 0.08750000000000005 0.0875
0 0.21375000000000002 0.655 0.2024999999999999 0.16999999999999993
0 0.27937500000000004 0.128125 0.02874999999999992 0.036250000000000004
0 0.186875 0.8143750000000001 0.16874999999999996 0.14625000000000005
0 0.13374999999999998 0.9881249999999999 0.205 0.02375000000000007
0 0.17875000000000002 0.4 0.11499999999999991 0.15000000000000005
0 0.205 0.11687500000000002 0.05249999999999999 0.023749999999999827
0 0.1737499999999999 0.06624999999999998 0.030000000000000138 0.03749999999999998
0 0.14687500000000003 0.11187499999999995 0.033749999999999836 0.016249999999999876
0 0.09187499999999993 0.28625 0.10624999999999996 0.08749999999999991
0 0.04875000000000007 0.39624999999999994 0.07499999999999996 0.08499999999999992
0 0.06812500000000005 0.11375000000000002 0.036250000000000004 0.020000000000000018
0 0.030625000000000013 0.6074999999999999 0.06125000000000003 0.08750000000000009
0 0.021874999999999978 0.4925 0.043749999999999956 0.05500000000000007
0 0.016249999999999987 0.7412500000000001 0.03249999999999997 0.13499999999999995
0 0.015625 0.019374999999999976 0.03125 0.03874999999999995
0 0.008749999999999925 0.28250000000000003 0.01749999999999985 0.09
