0 0.12625 0.070625 0.2525 0.14125
0 0.47375 0.023125 0.19249999999999995 0.04625
0 0.921875 0.013750000000000002 0.15625 0.027500000000000004
0 0.598125 0.0725 0.13375000000000004 0.145
0 0.35687499999999994 0.008125 0.05625000000000004 0.01625
0 0.9881249999999999 0.1075 0.02375000000000007 0.21000000000000002
0 0.6856249999999999 0.057499999999999996 0.053750000000000055 0.052500000000000005
0 0.743125 0.07999999999999999 0.036249999999999984 0.057499999999999996
0 0.9199999999999999 0.10687500000000001 0.04249999999999989 0.08625000000000001
0 0.280625 0.178125 0.21125 0.18875000000000003
0 0.175 0.11687499999999999 0.075 0.06124999999999999
0 0.510625 0.15625 0.13375000000000004 0.1275
0 0.6356249999999999 0.191875 0.1812499999999999 0.17875000000000002
0 0.838125 0.164375 0.09875000000000007 0.07874999999999996
0 0.4699999999999999 0.21187499999999998 0.09500000000000001 0.10374999999999997
0 0.7431249999999999 0.26437499999999997 0.15875000000000003 0.18125
0 0.8768750000000001 0.22000000000000003 0.12125000000000004 0.09000000000000004
0 0.071875 0.26125 0.14375 0.16
0 0.8324999999999999 0.369375 0.17250000000000004 0.24874999999999997
0 0.44750000000000006 0.38187499999999996 0.34 0.26125000000000004
0 0.63 0.32937500000000003 0.0625 0.06375000000000006
0 0.95875 0.45625 0.08249999999999993 0.225
0 0.2325 0.3875 0.03500000000000001 0.06500000000000003
0 0.64375 0.5325 0.27250000000000013 0.29000000000000004
0 0.9875 0.6487499999999999 0.025 0.4525
0 0.140625 0.48687500000000006 0.05875000000000001 0.08625000000000008
0 0.27875 0.5475 0.175 0.2
0 0.074375 0.50625 0.05874999999999999 0.06999999999999992
0 0.47375000000000006 0.499375 0.09500000000000001 0.053750000000000055
0 0.88125 0.53125 0.14000000000000004 0.11749999999999998
0 0.4725 0.6231249999999999 0.1 0.16375
0 0.0925 0.585 0.0425 0.057500000000000016
0 0.765625 0.618125 0.08125 0.11875000000000009
0 0.13187500000000002 0.625 0.04124999999999999 0.04499999999999993
0 0.00625 0.633125 0.0125 0.053750000000000055
0 0.340625 0.655 0.01875 0.027500000000000035
0 0.178125 0.703125 0.13125 0.11125000000000007
0 0.89375 0.78 0.2125 0.25249999999999995
0 0.803125 0.713125 0.0862499999999999 0.11375000000000002
0 0.248125 0.690625 0.051249999999999976 0.036250000000000074
0 0.6637500000000001 0.82875 0.225 0.25
0 0.26 0.74625 0.07250000000000005 0.05250000000000003
0 0.38125 0.768125 0.08249999999999993 0.09625000000000003
0 0.460625 0.7481249999999999 0.06875 0.053750000000000055
0 0.013125000000000001 0.8568749999999999 0.026250000000000002 0.11125000000000007
0 0.45625 0.9018750000000001 0.18000000000000002 0.19625000000000004
0 0.575625 0.9068750000000001 0.09375 0.1512500000000001
0 0.26125 0.91375 0.10999999999999996 0.12750000000000003
0 0.8487500000000001 0.96125 0.28250000000000003 0.07750000000000004
0 0.645 0.976875 0.11500000000000003 0.046250000000000034
