0 0.94375 0.34125 0.1125 0.23500000000000004
0 0.8400000000000001 0.323125 0.0625 0.08874999999999997
0 0.7856249999999999 0.37937499999999996 0.09374999999999992 0.13374999999999995
0 0.24125000000000002 0.4 0.1325 0.1125
0 0.398125 0.41125 0.10375000000000001 0.10999999999999996
0 0.0725 0.414375 0.10999999999999999 0.11375000000000006
0 0.583125 0.421875 0.14625000000000005 0.12875
0 0.866875 0.44625000000000004 0.07874999999999996 0.09249999999999999
0 0.9493749999999999 0.495 0.046250000000000034 0.06750000000000007
0 0.60375 0.551875 0.20250000000000004 0.16624999999999995
0 0.728125 0.608125 0.13125 0.08125000000000009
0 0.9375 0.6268750000000001 0.125 0.06874999999999991
0 0.58125 0.70375 0.1125 0.12749999999999995
0 0.9556250000000001 0.7150000000000001 0.08874999999999993 0.14000000000000004
0 0.8574999999999999 0.726875 0.14000000000000004 0.15125000000000002
0 0.75 0.781875 0.1625 0.16374999999999992
0 0.48125 0.758125 0.10999999999999996 0.1062500000000001
0 0.24562499999999998 0.8418749999999999 0.07374999999999998 0.10374999999999997
0 0.6625 0.8956250000000001 0.15 0.14125000000000015
0 0.03875 0.883125 0.0775 0.10875000000000004
0 0.5449999999999999 0.8931250000000001 0.057500000000000016 0.08625000000000008
0 0.45062499999999994 0.9356249999999999 0.04125000000000005 0.05125000000000011
0 0.9731249999999999 0.9724999999999999 0.053749999999999964 0.05500000000000007
0 0.79125 0.983125 0.2425 0.033749999999999857
0 0.72375 0.9868750000000001 0.027500000000000035 0.02624999999999993
0 0.66 0.9893750000000001 0.07249999999999997 0.021250000000000036
