0 0.033125 0.7393750000000001 0.03125 0.043749999999999914
0 0.173125 0.2975 0.10124999999999998 0.19999999999999996
0 0.23375000000000004 0.8625 0.02749999999999999 0.01750000000000007
0 0.304375 0.33875 0.16374999999999998 0.13999999999999999
0 0.280625 0.795 0.07625000000000001 0.07750000000000004
0 0.30999999999999994 0.6199999999999999 0.11750000000000002 0.18500000000000005
0 0.26999999999999996 0.8675 0.02999999999999998 0.025
0 0.27999999999999997 0.8462500000000001 0.03499999999999996 0.02250000000000014
0 0.2875 0.569375 0.039999999999999994 0.036249999999999984
0 0.29125 0.46875 0.032500000000000015 0.0375
0 0.32625 0.8675 0.04249999999999998 0.032500000000000105
0 0.4262499999999999 0.5225 0.16249999999999995 0.14749999999999996
0 0.445 0.156875 0.1975 0.20625000000000004
0 0.4875 0.0006249999999999867 0.032500000000000015 0.0012499999999999734
0 0.5293749999999999 0.93875 0.05625000000000009 0.04249999999999989
0 0.5443749999999999 0.41374999999999995 0.04375000000000009 0.06499999999999995
0 0.5756249999999999 0.023125000000000007 0.07375000000000007 0.04625000000000001
0 0.5725 0.203125 0.04499999999999993 0.05624999999999991
0 0.596875 0.5700000000000001 0.04375 0.05999999999999996
0 0.623125 0.425625 0.09124999999999997 0.07375000000000007
0 0.7993750000000001 0.753125 0.40125 0.49375
0 0.676875 0.01749999999999996 0.12125000000000004 0.03499999999999992
0 0.6881250000000001 0.675 0.14124999999999996 0.1375
0 0.755625 0.5349999999999999 0.14874999999999988 0.11500000000000013
0 0.8081250000000001 0.030625000000000013 0.15125000000000002 0.06125000000000003
0 0.8418750000000002 0.07437500000000002 0.06125000000000007 0.06374999999999986
0 0.8662500000000002 0.46875 0.10999999999999996 0.10500000000000007
0 0.953125 0.02812500000000001 0.09375 0.05625000000000002
0 0.9318750000000001 0.1275 0.023749999999999893 0.025000000000000022
0 0.98375 0.39 0.03249999999999993 0.06000000000000005
