0 0.065625 0.9868750000000001 0.13125 0.02624999999999993
0 0.20062499999999997 0.99875 0.09624999999999999 0.002499999999999858
0 0.506875 0.9306249999999998 0.061249999999999985 0.06624999999999996
0 0.73125 0.89375 0.07750000000000004 0.075
0 0.969375 0.8231249999999999 0.06125000000000007 0.10874999999999986
0 0.8025 0.780625 0.07000000000000002 0.07375000000000007
0 0.3025 0.73125 0.15750000000000003 0.13999999999999996
0 0.9818749999999999 0.7043750000000001 0.036250000000000074 0.1437499999999999
0 0.14562499999999998 0.646875 0.11624999999999996 0.12125000000000012
0 0.54 0.6006250000000001 0.16750000000000007 0.20374999999999996
0 0.296875 0.6025 0.16374999999999998 0.12999999999999998
0 0.8168749999999999 0.61125 0.053749999999999964 0.07750000000000004
0 0.9800000000000001 0.540625 0.040000000000000036 0.11875
0 0.311875 0.384375 0.22374999999999998 0.36875
0 0.681875 0.4725 0.053749999999999964 0.06249999999999991
0 0.003125 0.40625 0.00625 0.1274999999999999
0 0.983125 0.37937499999999996 0.033749999999999857 0.14125000000000004
0 0.8849999999999998 0.259375 0.047499999999999966 0.06874999999999995
0 0.5193749999999999 0.24 0.06375000000000001 0.08499999999999996
0 0.7324999999999999 0.20812500000000006 0.07999999999999999 0.07624999999999979
0 0.545625 0.130625 0.07625000000000011 0.13375000000000004
0 0.29812500000000003 0.08687499999999992 0.20124999999999998 0.17374999999999985
0 0.0425 0.11687500000000002 0.085 0.10875000000000001
0 0.6125 0.09625 0.09249999999999989 0.09999999999999998
0 0.7143750000000001 0.09874999999999995 0.08875000000000002 0.09500000000000008
0 0.81375 0.056875000000000064 0.10750000000000011 0.09124999999999994
0 0.5181250000000001 0.03687500000000005 0.08375000000000003 0.0737500000000001
0 0.54 0.006249999999999978 0.0750000000000001 0.012499999999999956
