0 0.019374999999999976 0.640625 0.03874999999999995 0.15375000000000014
0 0.0012499999999999178 0.99375 0.0024999999999998357 0.0125
0 0.07875000000000004 0.9931249999999998 0.10999999999999999 0.013750000000000106
0 0.10750000000000004 0.403125 0.05750000000000011 0.01875
0 0.18374999999999997 0.9893750000000001 0.12750000000000017 0.021250000000000036
0 0.15375 0.271875 0.03749999999999998 0.051249999999999976
0 0.2525 0.32875 0.09750000000000006 0.075
0 0.26875 0.0625 0.047499999999999966 0.03500000000000001
0 0.32937500000000003 0.2 0.14374999999999996 0.1125
0 0.32749999999999996 0.37062500000000004 0.0850000000000001 0.08624999999999998
0 0.438125 0.10874999999999999 0.03125 0.01749999999999998
0 0.60875 0.735625 0.1325 0.06875
0 0.595 0.6375 0.0875 0.0875
0 0.6712499999999999 0.38499999999999995 0.20250000000000004 0.16999999999999993
0 0.6056250000000001 0.911875 0.028749999999999963 0.036250000000000074
0 0.6981249999999999 0.22562500000000002 0.1687499999999999 0.14625000000000005
0 0.75125 0.031875 0.2049999999999999 0.06375
0 0.70625 0.6399999999999999 0.11499999999999995 0.15
0 0.68 0.9231250000000001 0.05249999999999995 0.02375000000000007
0 0.7112499999999999 0.9737500000000001 0.029999999999999895 0.03750000000000018
0 0.7381249999999999 0.928125 0.03375000000000004 0.016249999999999966
0 0.793125 0.7537499999999999 0.10624999999999982 0.0875
0 0.83625 0.64375 0.0750000000000001 0.08500000000000014
0 0.8168749999999999 0.9262499999999999 0.036249999999999984 0.020000000000000108
0 0.878125 0.4325 0.10874999999999986 0.08750000000000005
0 0.8712500000000001 0.5475 0.05999999999999979 0.05499999999999998
0 0.920625 0.29874999999999996 0.1362499999999999 0.135
0 0.91375 0.7575000000000001 0.09249999999999989 0.09000000000000004
0 0.9425000000000001 0.005625 0.11500000000000003 0.01125
0 0.95875 0.44312500000000005 0.08249999999999993 0.16374999999999998
0 0.9618749999999998 0.5337500000000001 0.07625000000000011 0.08250000000000002
0 0.9756250000000002 0.64875 0.04874999999999989 0.12999999999999998
0 0.9824999999999999 0.1125 0.03499999999999996 0.13249999999999998
0 0.9931249999999998 0.274375 0.013750000000000106 0.22625
0 0.9931249999999998 0.691875 0.013750000000000106 0.04124999999999997
0 0.996875 0.013750000000000002 0.00625 0.027500000000000004
