0 0.7387500000000001 0.06625 0.15750000000000003 0.1325
0 0.616875 0.064375 0.053750000000000055 0.12875
0 0.8550000000000001 0.015625000000000003 0.050000000000000176 0.026250000000000002
0 0.343125 0.060625 0.07374999999999998 0.06625
0 0.5 0.07812500000000001 0.09749999999999996 0.07375000000000001
0 0.578125 0.083125 0.026250000000000107 0.03125
0 0.38375 0.11875 0.12749999999999995 0.1
0 0.7212500000000001 0.23125 0.14750000000000005 0.1825
0 0.42874999999999996 0.28374999999999995 0.05249999999999995 0.06499999999999999
0 0.108125 0.33125 0.06125000000000001 0.05249999999999999
0 0.37 0.31875 0.030000000000000027 0.017500000000000026
0 0.70625 0.38625 0.047499999999999966 0.07750000000000004
0 0.39749999999999996 0.42125 0.075 0.08250000000000002
0 0.045625 0.630625 0.09125 0.32875000000000004
0 0.8731249999999999 0.603125 0.09625000000000003 0.14875
0 0.750625 0.62375 0.17624999999999993 0.16500000000000004
0 0.531875 0.621875 0.07624999999999993 0.10625
0 0.734375 0.8568749999999999 0.22124999999999986 0.28625
0 0.8800000000000001 0.843125 0.09000000000000004 0.12624999999999992
0 0.10687499999999998 0.8875 0.14625 0.125
0 0.500625 0.90625 0.09624999999999995 0.11750000000000008
0 0.1275 0.9724999999999999 0.0675 0.05500000000000007
0 0.56375 0.9862500000000001 0.04500000000000011 0.027500000000000035
0 0.61375 0.999375 0.04499999999999993 0.001249999999999929
