0 0.251875 0.016875 0.09874999999999998 0.03375
0 0.30999999999999994 0.11374999999999999 0.12249999999999991 0.13249999999999998
0 0.515 0.12249999999999998 0.10000000000000009 0.11499999999999999
0 0.706875 0.23500000000000001 0.12874999999999998 0.15
0 0.766875 0.3375 0.11624999999999996 0.10749999999999997
0 0.6768750000000001 0.469375 0.11375000000000002 0.1312500000000001
0 0.16375 0.5325 0.20250000000000004 0.22750000000000004
0 0.73125 0.721875 0.18249999999999994 0.19125000000000014
0 0.51375 0.71125 0.09000000000000004 0.13500000000000006
0 0.9724999999999999 0.753125 0.05500000000000007 0.08874999999999993
0 0.16374999999999995 0.8425 0.08750000000000013 0.08499999999999996
0 0.28250000000000003 0.909375 0.16 0.18125
0 0.5050000000000001 0.8793749999999999 0.032500000000000015 0.046250000000000034
0 0.42625 0.8825 0.030000000000000072 0.03499999999999996
0 0.1368749999999999 0.9625 0.10875000000000001 0.075
