0 0.03125 0.08500000000000008 0.0625 0.17000000000000015
0 0.036875 0.735 0.07375 0.11499999999999995
0 0.18624999999999997 0.93 0.09999999999999998 0.14000000000000004
0 0.261875 0.003124999999999989 0.14125000000000001 0.006249999999999978
0 0.25125000000000003 0.805 0.057500000000000016 0.05249999999999995
0 0.40374999999999994 0.13625000000000004 0.20749999999999993 0.23500000000000001
0 0.395 0.0025000000000000577 0.085 0.0050000000000001155
0 0.53 0.021874999999999978 0.15999999999999998 0.043749999999999956
0 0.503125 0.603125 0.02624999999999993 0.028749999999999876
0 0.5762499999999999 0.69375 0.057500000000000016 0.057499999999999926
0 0.615625 0.965625 0.08125 0.06875
0 0.7006249999999999 0.294375 0.24874999999999997 0.3212499999999999
0 0.6681250000000001 0.78125 0.06625000000000006 0.06499999999999986
0 0.7675 0.9637499999999999 0.22249999999999998 0.07249999999999997
0 0.874375 0.39625 0.2512499999999999 0.34500000000000003
0 0.8400000000000001 0.19312500000000005 0.08000000000000007 0.08124999999999996
0 0.9193749999999999 0.754375 0.16125000000000006 0.19625000000000004
0 0.8925000000000001 0.25125 0.075 0.08250000000000002
0 0.925 0.604375 0.13000000000000006 0.11624999999999996
0 0.99375 0.019374999999999976 0.0125 0.03874999999999995
