0 0.975 0.076875 0.05 0.11625
0 0.969375 0.248125 0.06125000000000007 0.15375
0 0.938125 0.56375 0.12375000000000007 0.06499999999999995
0 0.880625 0.09875 0.12124999999999986 0.1525
0 0.8787500000000001 0.244375 0.0700000000000001 0.09624999999999997
0 0.8868749999999999 0.9012499999999999 0.046250000000000034 0.040000000000000036
0 0.7768750000000001 0.5506249999999999 0.06625000000000014 0.061249999999999985
0 0.74 0.775 0.07499999999999991 0.07749999999999994
0 0.6693749999999999 0.9912500000000002 0.10874999999999994 0.017499999999999894
0 0.6268750000000001 0.8462500000000001 0.07375000000000007 0.06999999999999992
0 0.5775 0.34625000000000006 0.13999999999999985 0.15749999999999997
0 0.49312500000000004 0.18937500000000002 0.12125000000000004 0.11625
0 0.446875 0.58375 0.20375000000000001 0.16749999999999998
0 0.4487500000000001 0.340625 0.12999999999999998 0.16374999999999998
0 0.4574999999999999 0.860625 0.07749999999999994 0.053749999999999964
0 0.23062500000000002 0.355625 0.36875 0.22375000000000006
0 0.31875 0.725625 0.0625 0.053749999999999964
0 0.25250000000000006 0.025 0.12750000000000009 0.05
0 0.10562500000000004 0.9287500000000002 0.06874999999999998 0.047499999999999966
0 0.08624999999999994 0.563125 0.08499999999999996 0.06374999999999993
0 0.05437500000000001 0.7762499999999999 0.07625000000000004 0.07999999999999999
0 0.021874999999999978 0.589375 0.043749999999999956 0.07624999999999993
0 0.009999999999999953 0.34187500000000004 0.019999999999999907 0.20124999999999998
0 0.008749999999999925 0.078125 0.01749999999999985 0.10125000000000002
