0 0.19625000000000004 0.027500000000000004 0.0625 0.05500000000000001
0 0.35125 0.0925 0.18000000000000008 0.1025
0 0.008749999999999925 0.175625 0.01749999999999985 0.14375000000000002
0 0.9800000000000001 0.179375 0.040000000000000036 0.03874999999999999
0 0.009375000000000022 0.619375 0.018750000000000044 0.19124999999999986
0 0.5743750000000001 0.6125 0.15625000000000008 0.14750000000000013
0 0.7075 0.5599999999999999 0.04249999999999989 0.02999999999999998
0 0.976875 0.6787500000000001 0.046250000000000034 0.05999999999999996
0 0.6893749999999998 0.7106250000000001 0.06375000000000001 0.07625000000000011
0 0.6125 0.780625 0.21999999999999992 0.19124999999999986
0 0.14750000000000002 0.7693749999999999 0.21250000000000005 0.1587500000000001
0 0.027500000000000024 0.8087500000000001 0.05500000000000005 0.23499999999999988
0 0.769375 0.7675 0.1012500000000001 0.1424999999999999
0 0.63125 0.9375 0.2375 0.125
0 0.01375000000000004 0.93125 0.02750000000000008 0.040000000000000036
0 0.1325 0.959375 0.08999999999999997 0.08125
0 0.04499999999999993 0.960625 0.07499999999999996 0.07874999999999996
