0 0.48187499999999994 0.05 0.09374999999999992 0.1
0 0.9099999999999999 0.04875 0.02250000000000014 0.029999999999999992
0 0.47562499999999996 0.18062499999999998 0.16625000000000006 0.16124999999999998
0 0.5487499999999998 0.395625 0.34249999999999997 0.23625
0 0.9112500000000001 0.3575 0.1375 0.14500000000000002
0 0.755625 0.45625 0.08125 0.14000000000000004
0 0.86625 0.44625000000000004 0.10250000000000022 0.0875
0 0.35375 0.545625 0.0625 0.08125000000000009
0 0.82875 0.605 0.10250000000000012 0.10749999999999993
0 0.339375 0.7074999999999999 0.18874999999999992 0.1999999999999999
0 0.99375 0.8412499999999999 0.0125 0.3175
0 0.8100000000000002 0.750625 0.14749999999999996 0.11374999999999993
0 0.9824999999999999 0.79 0.03499999999999996 0.09499999999999993
0 0.851875 0.789375 0.03375000000000004 0.05625000000000009
0 0.7881250000000001 0.8393750000000001 0.046250000000000034 0.038750000000000104
0 0.83625 0.88125 0.12000000000000002 0.10500000000000007
0 0.978125 0.9181249999999999 0.04375 0.10374999999999997
0 0.929375 0.93 0.046250000000000034 0.042500000000000246
