0 0.039375 0.028750000000000005 0.07375 0.05750000000000001
0 0.144375 0.044375 0.09375 0.08875
0 0.23312499999999997 0.0225 0.07624999999999997 0.045
0 0.8074999999999999 0.045625 0.16999999999999985 0.09125
0 0.094375 0.154375 0.18875 0.30875
0 0.41 0.11000000000000001 0.19250000000000003 0.20750000000000002
0 0.65 0.08375 0.14500000000000002 0.1325
0 0.860625 0.125 0.1612499999999999 0.14
0 0.534375 0.206875 0.13374999999999987 0.21125
0 0.293125 0.1625 0.05624999999999995 0.0425
0 0.95625 0.275 0.0875 0.20999999999999996
0 0.621875 0.225 0.053750000000000145 0.05249999999999997
0 0.679375 0.2475 0.036249999999999984 0.057500000000000016
0 0.85625 0.274375 0.04249999999999989 0.08624999999999998
0 0.216875 0.34562499999999996 0.21125 0.18875000000000006
0 0.11124999999999999 0.284375 0.07499999999999998 0.06125000000000003
0 0.446875 0.32375 0.13375000000000004 0.1275
0 0.571875 0.359375 0.18125 0.17874999999999996
0 0.774375 0.33187500000000003 0.09875000000000007 0.07875000000000006
0 0.40625 0.379375 0.09499999999999993 0.10374999999999997
0 0.6793750000000001 0.43187499999999995 0.15875000000000003 0.18124999999999997
0 0.813125 0.3875 0.12125000000000012 0.09
0 0.04 0.42874999999999996 0.08 0.16000000000000006
0 0.9962500000000001 0.38625000000000004 0.007499999999999929 0.03750000000000009
0 0.76875 0.536875 0.17250000000000004 0.24874999999999997
0 0.38375 0.5493750000000001 0.33999999999999997 0.2612500000000001
0 0.56625 0.496875 0.0625 0.06375000000000001
0 0.985625 0.4925 0.028750000000000143 0.0375
0 0.9268750000000001 0.62375 0.14625000000000005 0.225
0 0.16875 0.5549999999999999 0.03500000000000001 0.06500000000000003
0 0.5800000000000001 0.7 0.2725000000000001 0.28999999999999987
0 0.9556250000000001 0.7949999999999999 0.08874999999999993 0.41000000000000003
0 0.076875 0.6543749999999999 0.058750000000000004 0.08624999999999998
0 0.215 0.715 0.175 0.19999999999999982
0 0.02 0.6737500000000001 0.04 0.07000000000000002
0 0.41 0.666875 0.09500000000000001 0.053749999999999964
0 0.8175000000000001 0.69875 0.13999999999999996 0.1174999999999999
0 0.40875000000000006 0.7906250000000001 0.1 0.16375000000000012
0 0.028749999999999998 0.7525000000000001 0.042499999999999996 0.057500000000000016
0 0.701875 0.7856249999999999 0.08125000000000009 0.11875
0 0.06812499999999999 0.7924999999999999 0.041249999999999995 0.04499999999999984
0 0.276875 0.8225000000000001 0.018749999999999954 0.027500000000000035
0 0.11437499999999998 0.8706249999999999 0.13124999999999998 0.11125000000000007
0 0.8525 0.9106249999999999 0.2575 0.17874999999999996
0 0.739375 0.880625 0.0862499999999999 0.11374999999999993
0 0.184375 0.858125 0.05125000000000002 0.03624999999999989
0 0.6 0.9356249999999999 0.225 0.12874999999999998
0 0.19625 0.91375 0.07250000000000001 0.05249999999999986
0 0.3175 0.9356249999999999 0.08250000000000002 0.09625000000000003
0 0.396875 0.915625 0.06875 0.053749999999999964
0 0.39249999999999996 0.985625 0.18000000000000002 0.028750000000000143
0 0.5118750000000001 0.999375 0.09374999999999992 0.001249999999999929
