0 0.9956250000000001 0.983125 0.008750000000000036 0.033749999999999857
0 0.7462500000000001 0.936875 0.24250000000000008 0.12624999999999992
0 0.011249999999999982 0.99875 0.022499999999999964 0.002499999999999858
0 0.18062500000000004 0.9881249999999999 0.05125000000000002 0.02375000000000007
0 0.019374999999999976 0.9400000000000001 0.03874999999999995 0.057499999999999926
0 0.17312499999999997 0.9431249999999999 0.03624999999999989 0.04124999999999997
0 0.364375 0.8768750000000001 0.12625000000000003 0.13125
0 0.14625 0.8506250000000002 0.13749999999999993 0.12374999999999989
0 0.0050000000000000044 0.8331249999999999 0.010000000000000009 0.13124999999999992
0 0.98375 0.8325000000000001 0.03249999999999993 0.09500000000000001
0 0.5700000000000001 0.7681250000000001 0.07750000000000004 0.10375000000000005
0 0.37625000000000003 0.7306250000000001 0.10500000000000007 0.13875
0 0.495625 0.726875 0.12624999999999992 0.12375000000000007
0 0.06625000000000003 0.646875 0.13250000000000006 0.21875
0 0.9100000000000001 0.625 0.11500000000000003 0.10750000000000001
0 0.85125 0.5262499999999999 0.2975 0.07999999999999999
0 0.598125 0.45125000000000004 0.16624999999999995 0.13249999999999998
0 0.06687500000000002 0.41 0.13375000000000004 0.20750000000000002
0 0.14625 0.434375 0.08499999999999996 0.10875000000000004
0 0.43875000000000003 0.41437500000000005 0.09 0.04125000000000001
0 0.28 0.36875 0.09500000000000001 0.07499999999999996
0 0.938125 0.053750000000000075 0.12375000000000007 0.10750000000000015
