0 0.034375 0.776875 0.053750000000000006 0.06875000000000017
0 0.18624999999999997 0.8225 0.22249999999999998 0.20749999999999993
0 0.14937499999999998 0.9556250000000001 0.10124999999999999 0.08874999999999993
0 0.150625 0.030625000000000013 0.10375000000000004 0.06125000000000003
0 0.304375 0.9737500000000001 0.11625 0.05250000000000003
0 0.5824999999999999 0.1825 0.35750000000000004 0.365
0 0.46687500000000004 0.746875 0.07624999999999993 0.07874999999999996
0 0.5287499999999999 0.9375 0.15 0.125
0 0.645625 0.48875 0.22874999999999995 0.2475
0 0.6837500000000001 0.7625 0.10750000000000001 0.08999999999999986
0 0.655 0.691875 0.032500000000000015 0.03375000000000004
0 0.786875 0.7106250000000001 0.16125000000000006 0.15875000000000003
0 0.788125 0.4925 0.06625000000000006 0.05500000000000007
0 0.791875 0.5693750000000001 0.06375000000000011 0.08375000000000003
0 0.878125 0.596875 0.12124999999999986 0.08874999999999993
0 0.9650000000000001 0.06187500000000001 0.06999999999999992 0.10624999999999996
0 0.9893750000000001 0.7793750000000002 0.021250000000000036 0.06375000000000001
0 0.991875 0.6325 0.016249999999999966 0.26250000000000007
0 0.9949999999999999 0.900625 0.009999999999999964 0.19875000000000007
0 0.996875 0.16812500000000002 0.00625 0.08874999999999997
