0 0.021875 0.74875 0.04375 0.13499999999999995
0 0.145 0.8300000000000001 0.1975 0.23499999999999996
0 0.13125 0.681875 0.15 0.16125000000000006
0 0.24874999999999997 0.0025000000000000577 0.2475 0.0050000000000001155
0 0.25 0.9643750000000001 0.12749999999999997 0.07125000000000004
0 0.19875 0.495 0.02250000000000001 0.022499999999999964
0 0.244375 0.866875 0.10375000000000004 0.14624999999999985
0 0.341875 0.6793750000000001 0.18624999999999997 0.13625000000000007
0 0.370625 0.5599999999999999 0.20875000000000005 0.16000000000000006
0 0.3725 0.826875 0.15750000000000003 0.16624999999999995
0 0.385625 0.42374999999999996 0.016250000000000007 0.015000000000000036
0 0.48375 0.9225 0.18249999999999997 0.15500000000000008
0 0.54375 0.5418749999999999 0.1125 0.18624999999999997
0 0.558125 0.9875 0.10625 0.025
0 0.5268750000000001 0.359375 0.026250000000000016 0.028750000000000053
0 0.5875 0.7462500000000001 0.13500000000000006 0.20750000000000002
0 0.685 0.875625 0.1875 0.15375000000000005
0 0.6993750000000001 0.506875 0.18624999999999997 0.28625
0 0.6875 0.7318749999999999 0.09250000000000007 0.09625000000000013
0 0.799375 0.6849999999999999 0.15875000000000003 0.16000000000000006
0 0.834375 0.42625 0.07124999999999995 0.08499999999999996
0 0.8574999999999999 0.779375 0.07249999999999997 0.0887500000000001
0 0.9199999999999999 0.8375 0.15999999999999998 0.1625
0 0.945 0.9099999999999999 0.10999999999999996 0.18000000000000008
0 0.9225 0.45500000000000007 0.060000000000000143 0.05499999999999998
