0 0.5205078125 0.04248046875 0.140625 0.0849609375
0 0.2646484375 0.0234375 0.181640625 0.046875
0 0.0986328125 0.03125 0.115234375 0.0625
0 0.01806640625 0.015625 0.0361328125 0.03125
0 0.60400390625 0.06591796875 0.1669921875 0.1201171875
0 0.2021484375 0.0830078125 0.17578125 0.107421875
0 0.04443359375 0.1279296875 0.0888671875 0.140625
0 0.36474609375 0.09521484375 0.0205078125 0.0263671875
0 0.0419921875 0.22216796875 0.083984375 0.0849609375
0 0.353515625 0.23828125 0.056640625 0.06640625
0 0.67431640625 0.27001953125 0.1533203125 0.1083984375
0 0.1630859375 0.22802734375 0.048828125 0.0244140625
0 0.49951171875 0.251953125 0.0498046875 0.05859375
0 0.423828125 0.24853515625 0.02734375 0.0302734375
0 0.27734375 0.2763671875 0.05859375 0.078125
0 0.21240234375 0.275390625 0.0595703125 0.068359375
0 0.56640625 0.279296875 0.0625 0.05859375
0 0.751953125 0.31201171875 0.033203125 0.0498046875
0 0.03759765625 0.50390625 0.0751953125 0.10546875
0 0.48974609375 0.4921875 0.0166015625 0.015625
0 0.8623046875 0.55615234375 0.123046875 0.1201171875
0 0.43798828125 0.54833984375 0.0458984375 0.0439453125
0 0.5966796875 0.6015625 0.138671875 0.138671875
0 0.95654296875 0.59814453125 0.0556640625 0.0908203125
0 0.03076171875 0.61376953125 0.0615234375 0.0947265625
0 0.81103515625 0.73876953125 0.1552734375 0.3251953125
0 0.72607421875 0.5986328125 0.0615234375 0.03515625
0 0.87646484375 0.6376953125 0.1083984375 0.07421875
0 0.62451171875 0.6826171875 0.0498046875 0.048828125
0 0.5693359375 0.708984375 0.052734375 0.05859375
0 0.04736328125 0.7802734375 0.0888671875 0.1171875
0 0.58544921875 0.76611328125 0.0478515625 0.0458984375
0 0.68798828125 0.82275390625 0.0830078125 0.0869140625
0 0.59423828125 0.8525390625 0.1240234375 0.1015625
0 0.4853515625 0.861328125 0.07421875 0.0859375
0 0.03271484375 0.94091796875 0.0654296875 0.0986328125
0 0.61572265625 0.9091796875 0.0576171875 0.03125
0 0.83251953125 0.94921875 0.0947265625 0.1015625
0 0.7265625 0.95166015625 0.11328125 0.0966796875
0 0.47265625 0.9638671875 0.123046875 0.072265625
