0 0.41162109375 0.95166015625 0.1904296875 0.0966796875
0 0.439453125 0.8857421875 0.09765625 0.09765625
0 0.5068359375 0.00341796875 0.056640625 0.0068359375
0 0.52490234375 0.83642578125 0.0888671875 0.0732421875
0 0.56787109375 0.89453125 0.0732421875 0.080078125
0 0.58154296875 0.03857421875 0.0888671875 0.0771484375
0 0.63720703125 0.09423828125 0.1396484375 0.1279296875
0 0.66552734375 0.8125 0.1806640625 0.154296875
0 0.689453125 0.23583984375 0.16015625 0.2041015625
0 0.6953125 0.72509765625 0.1171875 0.0927734375
0 0.689453125 0.990234375 0.056640625 0.01953125
0 0.74560546875 0.37841796875 0.1279296875 0.1142578125
0 0.7451171875 0.6513671875 0.107421875 0.099609375
0 0.76318359375 0.95654296875 0.0869140625 0.0771484375
0 0.8173828125 0.78515625 0.14453125 0.12109375
0 0.8369140625 0.67529296875 0.08984375 0.0810546875
0 0.90625 0.8857421875 0.142578125 0.177734375
0 0.86376953125 0.8427734375 0.0419921875 0.060546875
0 0.92724609375 0.693359375 0.0986328125 0.091796875
0 0.92919921875 0.60302734375 0.0576171875 0.0576171875
