0 0.01375000000000004 0.8943749999999999 0.02750000000000008 0.21125000000000008
0 0.078125 0.040625 0.15625 0.08125
0 0.039999999999999925 0.9349999999999999 0.07999999999999985 0.13000000000000006
0 0.125625 0.755625 0.18625000000000003 0.13625000000000007
0 0.15437500000000004 0.6362500000000001 0.20875 0.16000000000000006
0 0.15625 0.903125 0.15749999999999995 0.16624999999999995
0 0.16937500000000005 0.5 0.016249999999999876 0.014999999999999947
0 0.26749999999999996 0.960625 0.18250000000000013 0.07874999999999996
0 0.3275 0.618125 0.11250000000000004 0.18625000000000008
0 0.310625 0.43562500000000004 0.026250000000000016 0.028749999999999963
0 0.37124999999999997 0.8225 0.13499999999999995 0.20749999999999993
0 0.46875 0.9375 0.1875 0.125
0 0.4831250000000001 0.583125 0.18624999999999997 0.2862499999999999
0 0.47125000000000006 0.8081250000000001 0.09249999999999999 0.09625000000000003
0 0.5831250000000001 0.7612500000000001 0.15874999999999995 0.16000000000000014
0 0.618125 0.5025000000000001 0.07125000000000004 0.08499999999999996
0 0.64125 0.8556250000000001 0.07250000000000005 0.08874999999999993
0 0.7081250000000001 0.91375 0.1687499999999999 0.1625
0 0.8018750000000001 0.9481249999999999 0.2562500000000001 0.10374999999999997
0 0.70625 0.53125 0.05999999999999996 0.054999999999999896
0 0.9487500000000001 0.7175 0.10250000000000004 0.13249999999999992
