0 0.7943749999999999 0.15812500000000002 0.09874999999999998 0.14625
0 0.73625 0.31124999999999997 0.12249999999999997 0.13249999999999998
0 0.53125 0.32 0.1 0.11499999999999999
0 0.339375 0.43249999999999994 0.12874999999999998 0.14999999999999997
0 0.27937500000000004 0.5349999999999999 0.11625 0.10750000000000001
0 0.0025 0.6575 0.005 0.15
0 0.369375 0.6668749999999999 0.11375000000000002 0.1312500000000001
0 0.8825 0.73 0.20250000000000004 0.22750000000000004
0 0.315 0.911875 0.18250000000000002 0.17624999999999993
0 0.5325 0.9087500000000001 0.09000000000000004 0.1349999999999998
0 0.05687500000000001 0.9506249999999999 0.08875000000000002 0.08874999999999993
0 0.8825 0.99875 0.0875 0.002499999999999858
