0 0.7625 0.001875 0.08000000000000007 0.00375
0 0.19562500000000002 0.013750000000000002 0.05624999999999989 0.027500000000000004
0 0.5125 0.011875 0.025 0.02375
0 0.06687500000000002 0.08249999999999999 0.07125000000000004 0.05249999999999999
0 0.9893750000000001 0.134375 0.021250000000000036 0.04624999999999999
0 0.47250000000000003 0.159375 0.040000000000000036 0.053749999999999985
0 0.8856249999999999 0.183125 0.09375 0.06625
0 0.0675 0.1825 0.135 0.06499999999999999
0 0.22249999999999998 0.25687499999999996 0.24250000000000008 0.18124999999999997
0 0.9631250000000001 0.20812499999999998 0.03375000000000004 0.03124999999999998
0 0.788125 0.21875 0.05124999999999993 0.05250000000000001
0 0.954375 0.28125 0.04875000000000007 0.057500000000000016
0 0.7956249999999999 0.278125 0.036249999999999984 0.04125000000000001
0 0.6043749999999999 0.344375 0.12625000000000003 0.13124999999999995
0 0.8225 0.37062500000000004 0.1374999999999999 0.12374999999999999
0 0.9793749999999999 0.38812499999999994 0.04124999999999997 0.13124999999999995
0 0.0006249999999999867 0.38875000000000004 0.0012499999999999734 0.09500000000000006
0 0.39875 0.453125 0.07750000000000004 0.10374999999999997
0 0.5925 0.490625 0.10500000000000007 0.13875
0 0.473125 0.49437499999999995 0.12624999999999992 0.12374999999999999
0 0.9181249999999999 0.5743750000000001 0.16375000000000012 0.21874999999999992
0 0.05874999999999997 0.5962500000000001 0.11499999999999999 0.10750000000000001
0 0.133125 0.6950000000000001 0.26625 0.07999999999999989
0 0.370625 0.77 0.16624999999999995 0.13250000000000012
0 0.9175000000000001 0.81125 0.16500000000000004 0.20750000000000002
0 0.8225000000000001 0.786875 0.08499999999999996 0.10875000000000012
0 0.53 0.806875 0.09000000000000004 0.04125000000000005
0 0.68875 0.8524999999999998 0.09500000000000011 0.07500000000000018
