0 0.9887499999999999 0.320625 0.022499999999999964 0.11375000000000002
0 0.8487499999999999 0.3275 0.11999999999999993 0.1125
0 0.43875000000000003 0.503125 0.17000000000000007 0.16374999999999992
0 0.1625 0.456875 0.0675 0.06625000000000006
0 0.56125 0.465625 0.047499999999999966 0.06625000000000006
0 0.698125 0.514375 0.20124999999999993 0.13875
0 0.027500000000000004 0.5087499999999999 0.05500000000000001 0.12249999999999997
0 0.9025000000000001 0.5225 0.19499999999999992 0.12499999999999992
0 0.32 0.5418749999999999 0.047499999999999966 0.06375000000000001
0 0.08937500000000001 0.57375 0.09624999999999999 0.10250000000000004
0 0.9931249999999998 0.60375 0.013750000000000106 0.1325
0 0.5756249999999999 0.6456250000000001 0.12374999999999999 0.13624999999999998
0 0.9568749999999999 0.746875 0.08625000000000008 0.14375
0 0.136875 0.72 0.05625000000000002 0.08250000000000002
0 0.6056250000000001 0.8868749999999999 0.23375000000000004 0.17125000000000004
0 0.395625 0.9 0.16624999999999995 0.17249999999999996
0 0.95875 0.89375 0.08249999999999993 0.13249999999999992
0 0.005625 0.913125 0.01125 0.06374999999999993
0 0.518125 0.9662499999999999 0.40625 0.06750000000000007
