0 0.561875 0.95 0.16625000000000006 0.1
0 0.48875 0.765625 0.3425000000000001 0.23625000000000007
0 0.12625000000000003 0.80375 0.1375 0.14499999999999993
0 0.281875 0.705 0.08125 0.14000000000000004
0 0.17124999999999999 0.7150000000000001 0.10250000000000001 0.0875
0 0.68375 0.615625 0.0625 0.08125
0 0.20875 0.55625 0.10250000000000001 0.10749999999999993
0 0.0025 0.584375 0.005 0.04375
0 0.00125 0.521875 0.0025 0.06375000000000001
0 0.6981249999999999 0.45375000000000004 0.18875000000000003 0.20000000000000004
0 0.025 0.2925 0.05 0.3725
0 0.22750000000000004 0.410625 0.14750000000000002 0.11375000000000006
0 0.03625 0.37124999999999997 0.0725 0.09500000000000001
0 0.185625 0.371875 0.03375000000000004 0.05625
0 0.24937500000000004 0.321875 0.04624999999999999 0.03875000000000006
0 0.20124999999999998 0.28 0.12 0.10499999999999998
0 0.040625 0.24312499999999995 0.08125 0.10375000000000009
0 0.108125 0.23124999999999996 0.04624999999999999 0.04249999999999998
0 0.004375 0.2125 0.00875 0.022499999999999964
