0 0.17125 0.029374999999999995 0.135 0.05874999999999999
0 0.10375000000000001 0.16 0.20750000000000002 0.19749999999999998
0 0.23812499999999998 0.14625 0.16125000000000003 0.15
0 0.9574999999999999 0.26375000000000004 0.08499999999999996 0.24749999999999997
0 0.425 0.21375000000000002 0.02250000000000014 0.022499999999999964
0 0.06312499999999999 0.259375 0.12624999999999997 0.10375000000000005
0 0.24062499999999995 0.35687499999999994 0.13624999999999995 0.18625000000000003
0 0.36 0.385625 0.15999999999999992 0.20875000000000005
0 0.09312499999999996 0.3875 0.1662499999999999 0.15749999999999992
0 0.49625 0.40062500000000006 0.014999999999999947 0.016250000000000007
0 0.03749999999999998 0.4987499999999999 0.07499999999999996 0.18250000000000002
0 0.378125 0.5587500000000001 0.1862499999999999 0.11250000000000009
0 0.560625 0.5418750000000001 0.028749999999999963 0.026250000000000016
0 0.17374999999999993 0.6025 0.20750000000000002 0.13499999999999995
0 0.06062500000000004 0.7 0.12125000000000008 0.1875
0 0.41312499999999996 0.7143749999999999 0.28625 0.18624999999999997
0 0.18812500000000001 0.7025 0.09624999999999997 0.09250000000000007
0 0.23499999999999996 0.8143750000000001 0.15999999999999992 0.15875000000000003
0 0.49375 0.8493749999999999 0.08499999999999996 0.07125000000000004
0 0.140625 0.8724999999999999 0.08875000000000033 0.07249999999999979
0 0.08249999999999996 0.9275 0.16249999999999998 0.14499999999999993
0 0.04999999999999999 0.9525 0.09999999999999998 0.09499999999999993
0 0.465 0.9375 0.05500000000000007 0.060000000000000143
