0 0.4887499999999999 0.320625 0.17 0.18124999999999997
0 0.24874999999999997 0.4149999999999999 0.1325 0.12499999999999996
0 0.648125 0.5662499999999999 0.053750000000000055 0.05500000000000007
0 0.21187499999999998 0.6118750000000001 0.06375000000000001 0.07375000000000007
0 0.075 0.681875 0.04750000000000001 0.06375000000000001
0 0.396875 0.7299999999999999 0.14375 0.15499999999999997
0 0.230625 0.723125 0.10125000000000002 0.1362499999999999
0 0.115625 0.6824999999999999 0.03875000000000001 0.050000000000000086
0 0.150625 0.7025 0.03875000000000002 0.06749999999999998
0 0.290625 0.76875 0.023749999999999983 0.02250000000000014
0 0.63125 0.79625 0.05 0.04250000000000007
0 0.684375 0.8106249999999999 0.04874999999999998 0.04375
0 0.323125 0.8037500000000002 0.013750000000000063 0.012500000000000178
0 0.47000000000000003 0.91375 0.2975 0.17249999999999996
0 0.379375 0.899375 0.08874999999999997 0.11374999999999993
0 0.82875 0.8681249999999998 0.04499999999999993 0.04375000000000018
0 0.99 0.921875 0.019999999999999928 0.07375000000000007
0 0.8881249999999999 0.9393750000000001 0.03874999999999993 0.04124999999999997
0 0.18375000000000002 0.9574999999999999 0.03750000000000002 0.057499999999999926
