0 0.9875 0.694375 0.025 0.16624999999999995
0 0.840625 0.6212500000000001 0.23625000000000007 0.34249999999999997
0 0.8787500000000001 0.2587499999999999 0.1450000000000001 0.1375000000000002
0 0.78 0.414375 0.14000000000000004 0.08124999999999996
0 0.79 0.30374999999999996 0.0875 0.10250000000000004
0 0.690625 0.8162499999999999 0.08125 0.06249999999999991
0 0.6787500000000001 0.026874999999999982 0.07750000000000004 0.053749999999999964
0 0.63125 0.34125000000000005 0.10750000000000001 0.10250000000000004
0 0.659375 0.11437500000000007 0.04375 0.04624999999999979
0 0.6268750000000001 0.00187499999999996 0.05625000000000009 0.00374999999999992
0 0.596875 0.10062499999999996 0.06374999999999993 0.06875000000000009
0 0.5287499999999999 0.8306250000000001 0.2 0.18875000000000003
0 0.593125 0.028749999999999942 0.06374999999999993 0.057499999999999885
0 0.521875 0.013124999999999942 0.06375000000000001 0.026249999999999885
0 0.36750000000000005 0.09124999999999994 0.37250000000000005 0.18249999999999988
0 0.52 0.0675 0.05999999999999996 0.03499999999999992
0 0.503125 0.026874999999999982 0.08874999999999993 0.053749999999999964
0 0.4856249999999999 0.36 0.11375000000000002 0.14750000000000005
0 0.44625000000000004 0.15875 0.09499999999999993 0.09249999999999994
0 0.446875 0.318125 0.05625 0.03374999999999995
0 0.396875 0.3818750000000001 0.03875000000000002 0.046250000000000034
0 0.355 0.33375 0.10499999999999994 0.1200000000000001
0 0.318125 0.16562499999999997 0.10375000000000005 0.09625000000000009
0 0.30625 0.240625 0.04249999999999998 0.0462499999999999
0 0.286875 0.07312499999999988 0.05624999999999991 0.04875000000000007
0 0.2875 0.12874999999999998 0.022499999999999964 0.025000000000000022
0 0.19687499999999997 0.01874999999999999 0.036249999999999984 0.03749999999999998
0 0.11937500000000005 0.024374999999999925 0.0837500000000001 0.04874999999999985
0 0.0437499999999999 0.03312499999999996 0.08250000000000013 0.06624999999999992
