0 0.025000000000000022 0.6475000000000001 0.050000000000000044 0.23499999999999996
0 0.09749999999999992 0.665625 0.0625 0.08874999999999993
0 0.1518750000000001 0.609375 0.09375 0.13375000000000004
0 0.69625 0.5887499999999999 0.1325 0.11250000000000009
0 0.5393749999999999 0.5775 0.10374999999999997 0.11000000000000006
0 0.8650000000000002 0.5743750000000001 0.10999999999999996 0.11375000000000002
0 0.354375 0.566875 0.14625000000000005 0.12874999999999998
0 0.070625 0.5425 0.07874999999999999 0.09250000000000007
0 0.005625000000000047 0.49375 0.011250000000000093 0.06750000000000007
0 0.33375000000000005 0.436875 0.20250000000000004 0.16625
0 0.209375 0.380625 0.13124999999999995 0.08125000000000009
0 0.03125 0.36187500000000006 0.0625 0.06874999999999995
0 0.35625 0.285 0.11249999999999996 0.12750000000000003
0 0.013124999999999942 0.27375 0.026249999999999885 0.14000000000000004
0 0.08000000000000002 0.261875 0.14 0.15124999999999997
0 0.1875 0.20687499999999998 0.1625000000000001 0.16374999999999992
0 0.45625 0.23062499999999994 0.10999999999999996 0.10624999999999996
0 0.691875 0.14687500000000003 0.0737499999999999 0.10375000000000012
0 0.275 0.09312499999999996 0.15000000000000005 0.14125
0 0.9125 0.1056249999999999 0.10500000000000007 0.10875000000000001
0 0.3925 0.09562500000000007 0.057500000000000016 0.08625000000000016
0 0.48687500000000006 0.05312500000000003 0.04125000000000005 0.05124999999999991
0 0.14625 0.011249999999999982 0.2425 0.022499999999999964
0 0.21375000000000002 0.007500000000000007 0.02750000000000008 0.015000000000000013
0 0.27749999999999997 0.0050000000000000044 0.07250000000000001 0.010000000000000009
