0 0.4856249999999999 0.9931249999999998 0.061249999999999985 0.013750000000000106
0 0.7100000000000001 0.9724999999999999 0.07750000000000004 0.05500000000000007
0 0.95875 0.9118750000000002 0.08249999999999993 0.10875000000000004
0 0.78125 0.869375 0.07000000000000002 0.07375000000000007
0 0.28125 0.82 0.15749999999999992 0.14000000000000004
0 0.9712500000000001 0.7931250000000001 0.057499999999999926 0.1437500000000001
0 0.1243749999999999 0.735625 0.11624999999999996 0.12125000000000004
0 0.51875 0.689375 0.16750000000000007 0.20374999999999996
0 0.27562499999999995 0.6912499999999999 0.16374999999999995 0.13000000000000006
0 0.795625 0.7 0.053749999999999964 0.07750000000000004
0 0.969375 0.629375 0.06125000000000007 0.11874999999999983
0 0.290625 0.4731249999999999 0.22375000000000006 0.36875
0 0.660625 0.56125 0.053749999999999964 0.0625
0 0.9724999999999999 0.468125 0.05500000000000007 0.14125000000000015
0 0.8637499999999999 0.3481249999999999 0.047499999999999966 0.06874999999999995
0 0.49812500000000004 0.32875 0.06375000000000011 0.08499999999999996
0 0.7112499999999999 0.296875 0.07999999999999989 0.07624999999999993
0 0.524375 0.21937500000000004 0.07625000000000001 0.1337499999999999
0 0.2768749999999999 0.17312499999999997 0.20125 0.17874999999999996
0 0.03187499999999999 0.20562499999999995 0.06374999999999997 0.10875000000000012
0 0.5912499999999999 0.185 0.09249999999999999 0.09999999999999995
0 0.693125 0.1875 0.08874999999999993 0.09499999999999995
0 0.7924999999999999 0.14562499999999995 0.10749999999999985 0.09124999999999994
0 0.496875 0.12562499999999993 0.08374999999999995 0.0737500000000001
0 0.51875 0.050624999999999976 0.075 0.10124999999999995
0 0.7925 0.02937500000000004 0.08499999999999996 0.05875000000000008
0 0.5875 0.011249999999999982 0.08250000000000002 0.022499999999999964
0 0.6637500000000001 0.0050000000000000044 0.025 0.010000000000000009
