0 0.00830078125 0.1591796875 0.0166015625 0.01953125
0 0.02783203125 0.39501953125 0.0556640625 0.0888671875
0 0.111328125 0.638671875 0.04296875 0.048828125
0 0.162109375 0.517578125 0.080078125 0.140625
0 0.22705078125 0.83544921875 0.1123046875 0.1142578125
0 0.22998046875 0.02099609375 0.0302734375 0.0419921875
0 0.3427734375 0.86474609375 0.037109375 0.0751953125
0 0.4541015625 0.87744140625 0.068359375 0.0576171875
0 0.57373046875 0.85205078125 0.1494140625 0.1494140625
0 0.568359375 0.34326171875 0.115234375 0.1220703125
0 0.52734375 0.2392578125 0.0234375 0.033203125
0 0.6201171875 0.02587890625 0.046875 0.0419921875
0 0.64501953125 0.25341796875 0.0595703125 0.0498046875
0 0.69970703125 0.3134765625 0.1494140625 0.171875
0 0.69091796875 0.6767578125 0.1240234375 0.166015625
0 0.7216796875 0.84716796875 0.18359375 0.1962890625
0 0.689453125 0.19091796875 0.111328125 0.0791015625
0 0.845703125 0.298828125 0.14453125 0.185546875
0 0.8173828125 0.78759765625 0.03125 0.0341796875
0 0.84716796875 0.6884765625 0.0791015625 0.0703125
0 0.84228515625 0.7568359375 0.0654296875 0.05859375
0 0.85888671875 0.8447265625 0.0498046875 0.04296875
0 0.9140625 0.96923828125 0.064453125 0.0615234375
0 0.955078125 0.77099609375 0.08984375 0.1181640625
0 0.96630859375 0.31103515625 0.0673828125 0.1123046875
0 0.966796875 0.6572265625 0.06640625 0.068359375
0 0.97607421875 0.23388671875 0.0478515625 0.0439453125
