0 0.2825 0.09000000000000001 0.07250000000000005 0.08500000000000002
0 0.693125 0.130625 0.19625000000000004 0.13874999999999998
0 0.03874999999999995 0.076875 0.0625 0.03125
0 0.469375 0.1075 0.06374999999999993 0.07499999999999998
0 0.3725 0.103125 0.03500000000000005 0.03875000000000001
0 0.185 0.13874999999999998 0.0750000000000001 0.1
0 0.10187499999999998 0.1375 0.07625000000000004 0.0875
0 0.5549999999999999 0.1425 0.07999999999999989 0.07499999999999998
0 0.7925 0.184375 0.04249999999999989 0.06375000000000001
0 0.45687500000000003 0.41500000000000004 0.021250000000000036 0.019999999999999928
0 0.9275 0.496875 0.14499999999999993 0.15374999999999997
0 0.390625 0.48687500000000006 0.05875000000000004 0.05625
0 0.59375 0.5549999999999999 0.17750000000000005 0.17750000000000005
0 0.868125 0.730625 0.19875000000000007 0.41624999999999995
0 0.759375 0.55125 0.07875000000000006 0.04499999999999993
0 0.9412500000000001 0.6012500000000001 0.1174999999999999 0.09500000000000011
0 0.6293749999999999 0.65875 0.06375000000000001 0.0625
0 0.5587500000000001 0.6925000000000001 0.06750000000000007 0.07499999999999991
0 0.579375 0.765625 0.061249999999999985 0.05875000000000004
0 0.710625 0.838125 0.1062500000000001 0.11125000000000007
0 0.590625 0.87625 0.15874999999999995 0.1299999999999999
0 0.4512500000000001 0.8875 0.09500000000000001 0.11000000000000014
0 0.618125 0.9487500000000001 0.07375000000000007 0.040000000000000036
0 0.8956250000000001 0.9675 0.12125000000000004 0.06499999999999986
0 0.76 0.9706250000000001 0.14499999999999993 0.05875000000000004
0 0.43499999999999994 0.9862500000000001 0.15750000000000006 0.027500000000000035
