0 0.49312500000000004 0.01875 0.06125000000000007 0.0375
0 0.7175 0.041249999999999995 0.07750000000000004 0.075
0 0.9625 0.11187500000000002 0.075 0.10874999999999999
0 0.7887500000000001 0.15437499999999998 0.07000000000000002 0.07375000000000002
0 0.28875 0.20375000000000001 0.15749999999999997 0.13999999999999996
0 0.975 0.230625 0.05 0.14375
0 0.131875 0.28812499999999996 0.11625 0.12125
0 0.5262499999999999 0.33437500000000003 0.16749999999999998 0.20375000000000004
0 0.28312499999999996 0.3325 0.16374999999999998 0.12999999999999998
0 0.803125 0.32375 0.053749999999999874 0.07750000000000004
0 0.9731249999999999 0.394375 0.053749999999999964 0.11874999999999995
0 0.298125 0.5506249999999999 0.22374999999999998 0.36874999999999997
0 0.668125 0.4625 0.053749999999999964 0.0625
0 0.97625 0.5556249999999999 0.047499999999999966 0.14124999999999996
0 0.8712499999999999 0.6756249999999999 0.047499999999999966 0.06875
0 0.505625 0.695 0.06375000000000001 0.08500000000000005
0 0.71875 0.7268749999999999 0.08000000000000007 0.07625000000000011
0 0.531875 0.804375 0.07624999999999993 0.13375000000000004
0 0.284375 0.850625 0.20125 0.17874999999999988
0 0.035625 0.818125 0.07125 0.10875000000000012
0 0.5987500000000001 0.8387499999999999 0.09249999999999999 0.10000000000000017
0 0.7006249999999999 0.83625 0.08875000000000002 0.09500000000000011
0 0.8 0.878125 0.10750000000000001 0.09124999999999997
0 0.504375 0.898125 0.08375000000000003 0.07375000000000025
0 0.5262499999999999 0.96125 0.07499999999999991 0.07750000000000004
0 0.8 0.9824999999999999 0.08500000000000014 0.03499999999999996
