0 0.316875 0.03125 0.15875 0.0625
0 0.1875 0.16125 0.24750000000000005 0.28
0 0.501875 0.13625 0.18375000000000002 0.16
0 0.4418749999999999 0.205625 0.0012500000000000178 0.0012500000000000178
0 0.5337500000000001 0.330625 0.13249999999999992 0.23374999999999996
0 0.568125 0.48375 0.11375000000000002 0.05499999999999998
0 0.465625 0.48250000000000004 0.04875000000000007 0.047499999999999966
0 0.194375 0.506875 0.09624999999999999 0.04874999999999998
0 0.550625 0.615625 0.22874999999999995 0.19125000000000006
0 0.22625 0.59875 0.1525 0.10250000000000004
0 0.594375 0.648125 0.08875000000000002 0.07124999999999995
0 0.30125 0.7306250000000001 0.1375 0.18625000000000008
0 0.196875 0.73375 0.07874999999999999 0.15000000000000008
0 0.46187500000000004 0.7631249999999999 0.09874999999999998 0.1437499999999999
0 0.38499999999999995 0.744375 0.05500000000000003 0.08874999999999993
0 0.6200000000000001 0.809375 0.12000000000000002 0.13874999999999993
0 0.395625 0.829375 0.07125000000000004 0.06374999999999993
0 0.6675 0.9181250000000001 0.020000000000000108 0.013749999999999929
0 0.640625 0.959375 0.19375 0.08125
0 0.36187499999999995 0.985625 0.34124999999999994 0.028750000000000143
