0 0.8231249999999999 0.976875 0.1137500000000001 0.046250000000000034
0 0.8162500000000001 0.825 0.11250000000000018 0.11999999999999993
0 0.640625 0.41500000000000004 0.16374999999999992 0.16999999999999998
0 0.686875 0.13874999999999998 0.06624999999999988 0.06749999999999998
0 0.678125 0.5375 0.06624999999999988 0.047500000000000056
0 0.6293749999999999 0.6743750000000001 0.13875 0.20125
0 0.635 0.015625 0.12250000000000005 0.03125
0 0.6212500000000001 0.890625 0.125 0.21875
0 0.601875 0.29625 0.06374999999999993 0.04750000000000001
0 0.5700000000000001 0.065625 0.10250000000000004 0.09624999999999999
0 0.54 0.98125 0.1325 0.0375
0 0.49812500000000004 0.5518750000000001 0.1362499999999999 0.12374999999999999
0 0.396875 0.945 0.14375000000000004 0.10999999999999996
0 0.4237499999999999 0.113125 0.08250000000000002 0.05624999999999998
0 0.256875 0.5818749999999999 0.17125 0.23374999999999996
0 0.24375 0.371875 0.17250000000000001 0.16624999999999995
0 0.2500000000000001 0.946875 0.13249999999999998 0.10625
0 0.10562500000000004 0.49437499999999995 0.21125000000000008 0.40625
0 0.07250000000000006 0.9668749999999999 0.09750000000000003 0.06624999999999996
0 0.05125000000000002 0.6993750000000001 0.10250000000000004 0.08125000000000009
0 0.043125000000000024 0.8081250000000001 0.08625000000000005 0.14124999999999996
0 0.022500000000000075 0.005625 0.04500000000000015 0.01125
0 0.005625000000000047 0.9493750000000001 0.011250000000000093 0.10124999999999992
