0 0.630625 0.9574999999999999 0.2237499999999999 0.08499999999999996
0 0.203125 0.98125 0.09624999999999995 0.0375
0 0.07875000000000004 0.9568750000000001 0.1150000000000001 0.0862499999999999
0 0.74 0.8975000000000002 0.08499999999999996 0.07500000000000018
0 0.26187499999999997 0.8706250000000001 0.11375000000000002 0.1262500000000001
0 0.8856249999999999 0.900625 0.03625000000000025 0.05124999999999993
0 0.905 0.83625 0.030000000000000072 0.04500000000000011
0 0.4600000000000001 0.786875 0.14000000000000004 0.12625000000000003
0 0.7699999999999999 0.7681250000000001 0.11750000000000008 0.11875
0 0.26812500000000006 0.70625 0.12374999999999994 0.10999999999999996
0 0.640625 0.708125 0.09874999999999998 0.09375
0 0.9568750000000001 0.685625 0.07125000000000004 0.07874999999999996
0 0.8393750000000001 0.6275 0.05874999999999986 0.040000000000000036
0 0.2425 0.60375 0.039999999999999904 0.03500000000000014
0 0.98375 0.5599999999999999 0.03249999999999993 0.10750000000000001
0 0.5137499999999999 0.5637500000000001 0.05499999999999998 0.04999999999999991
0 0.834375 0.503125 0.08874999999999993 0.10875000000000004
0 0.72 0.5125 0.029999999999999895 0.03500000000000005
0 0.20125 0.499375 0.06500000000000009 0.06125000000000007
0 0.445625 0.5081249999999999 0.03874999999999993 0.04124999999999997
0 0.0025000000000000577 0.42750000000000005 0.0050000000000001155 0.15750000000000003
0 0.4912500000000001 0.4699999999999999 0.047499999999999966 0.04249999999999998
0 0.976875 0.41500000000000004 0.046250000000000034 0.1425
0 0.11687499999999995 0.434375 0.09375 0.05625
0 0.41125000000000006 0.45062499999999994 0.02499999999999991 0.021250000000000123
0 0.9112500000000001 0.43937500000000007 0.029999999999999895 0.036249999999999984
0 0.10374999999999997 0.301875 0.17499999999999993 0.23124999999999996
0 0.03249999999999992 0.27812500000000007 0.06499999999999984 0.18624999999999978
0 0.2625 0.198125 0.28999999999999987 0.33125000000000004
0 0.51625 0.321875 0.06749999999999998 0.06874999999999995
0 0.4912500000000001 0.2375 0.14000000000000004 0.2225
0 0.7175 0.27 0.01750000000000007 0.022499999999999964
0 0.9474999999999998 0.21687499999999998 0.07750000000000004 0.07124999999999992
0 0.585 0.16500000000000004 0.09750000000000006 0.10499999999999998
0 0.3125 0.11624999999999996 0.08749999999999991 0.10250000000000026
0 0.6599999999999999 0.11875000000000013 0.07999999999999999 0.040000000000000036
0 0.04812499999999992 0.046875 0.09624999999999984 0.09375
0 0.860625 0.06624999999999992 0.06125000000000007 0.04499999999999993
0 0.9112500000000001 0.05249999999999999 0.014999999999999857 0.022499999999999964
0 0.99 0.026874999999999982 0.019999999999999928 0.053749999999999964
0 0.2375 0.010624999999999996 0.047499999999999966 0.02124999999999999
