0 0.8106249999999999 0.976875 0.04874999999999998 0.046250000000000034
0 0.6975 0.9706250000000001 0.050000000000000086 0.03624999999999989
0 0.8768750000000001 0.874375 0.04375 0.03125
0 0.43500000000000005 0.734375 0.20000000000000004 0.10125000000000002
0 0.9956250000000001 0.67375 0.008750000000000036 0.027500000000000035
0 0.47625 0.603125 0.14000000000000004 0.16375
0 0.9324999999999999 0.6268750000000001 0.07749999999999986 0.07625000000000001
0 0.7575000000000001 0.5975 0.18499999999999997 0.1174999999999999
0 0.9962500000000001 0.6375 0.007499999999999929 0.02999999999999998
0 0.9837499999999999 0.6275000000000001 0.022499999999999964 0.03500000000000005
0 0.7068749999999999 0.62 0.036250000000000074 0.040000000000000036
0 0.60625 0.6162500000000001 0.0375 0.032500000000000105
0 0.994375 0.58125 0.01125000000000007 0.04250000000000007
0 0.66 0.48125 0.14749999999999996 0.1625
0 0.294375 0.4625 0.20625 0.19750000000000006
0 0.11750000000000001 0.4200000000000001 0.04250000000000002 0.032500000000000015
0 0.55125 0.36312500000000003 0.06500000000000003 0.043749999999999956
0 0.15062499999999998 0.33187500000000003 0.06625 0.07374999999999998
0 0.340625 0.335 0.05625 0.04500000000000002
0 0.7075 0.310625 0.05999999999999996 0.04375000000000009
0 0.563125 0.284375 0.07374999999999998 0.09124999999999997
0 0.821875 0.15437499999999998 0.35625 0.30874999999999997
0 0.12374999999999999 0.23062500000000008 0.09749999999999999 0.12124999999999986
0 0.8125 0.21937500000000004 0.1375 0.14125
0 0.6725 0.15187499999999998 0.11499999999999995 0.1487499999999999
0 0.04 0.15875000000000006 0.05 0.057499999999999885
0 0.14250000000000002 0.09937500000000005 0.1125 0.15125
0 0.21187499999999998 0.06562499999999988 0.06375000000000001 0.061249999999999916
0 0.60625 0.04812499999999992 0.10499999999999998 0.09624999999999984
0 0.1375 0.0006249999999999867 0.1125 0.0012499999999999734
