0 0.743125 0.0025 0.09375 0.005
0 0.7493749999999999 0.085625 0.16624999999999995 0.16125
0 0.6762499999999999 0.30062500000000003 0.34249999999999997 0.23625
0 0.31375000000000003 0.2625 0.1375 0.14500000000000002
0 0.015 0.22562499999999996 0.03 0.051249999999999976
0 0.014375000000000002 0.281875 0.028750000000000005 0.04624999999999999
0 0.469375 0.36124999999999996 0.0812499999999999 0.13999999999999999
0 0.35875 0.35125 0.10249999999999995 0.0875
0 0.027500000000000004 0.36812500000000004 0.05500000000000001 0.09125000000000001
0 0.8712500000000001 0.45062499999999994 0.0625 0.08125000000000009
0 0.065625 0.4625 0.08625 0.07749999999999994
0 0.39624999999999994 0.51 0.1025 0.10749999999999993
0 0.169375 0.48187500000000005 0.04625000000000001 0.04375
0 0.034374999999999996 0.514375 0.048749999999999995 0.05625
0 0.15562499999999999 0.5443749999999999 0.06875 0.06375000000000001
0 0.8856249999999999 0.6125 0.1887500000000001 0.2
0 0.06999999999999999 0.548125 0.08499999999999999 0.06375000000000001
0 0.05500000000000001 0.619375 0.05249999999999999 0.06375000000000001
0 0.11875 0.7737499999999999 0.2375 0.37249999999999994
0 0.12250000000000001 0.6212500000000001 0.03500000000000001 0.05999999999999996
0 0.079375 0.6381249999999999 0.05874999999999999 0.08875000000000002
0 0.41500000000000004 0.655625 0.14750000000000002 0.11375000000000002
0 0.21375000000000002 0.6950000000000001 0.0925 0.09500000000000011
0 0.37312500000000004 0.694375 0.03375000000000004 0.05625000000000009
0 0.436875 0.744375 0.046250000000000034 0.03875000000000002
0 0.38875 0.78625 0.12000000000000002 0.1049999999999999
0 0.220625 0.8231249999999999 0.09625000000000002 0.10374999999999997
0 0.29562499999999997 0.835 0.04624999999999999 0.04250000000000007
0 0.128125 0.8543749999999999 0.04875 0.05624999999999982
0 0.18375000000000002 0.8537500000000001 0.025 0.022499999999999964
0 0.057499999999999996 0.944375 0.07 0.036250000000000074
0 0.05187499999999999 0.99 0.10374999999999998 0.019999999999999928
