0 0.59912109375 0.02783203125 0.0771484375 0.0556640625
0 0.8115234375 0.05810546875 0.037109375 0.0478515625
0 0.97998046875 0.06591796875 0.0400390625 0.0556640625
0 0.33837890625 0.115234375 0.0517578125 0.06640625
0 0.837890625 0.16748046875 0.06640625 0.1298828125
0 0.59375 0.23828125 0.126953125 0.232421875
0 0.7177734375 0.150390625 0.029296875 0.025390625
0 0.43896484375 0.27294921875 0.1552734375 0.1630859375
0 0.8505859375 0.28369140625 0.134765625 0.1376953125
0 0.9443359375 0.23291015625 0.025390625 0.0263671875
0 0.33544921875 0.26953125 0.0302734375 0.05078125
0 0.2919921875 0.27001953125 0.029296875 0.0380859375
0 0.17333984375 0.27734375 0.0341796875 0.037109375
0 0.68017578125 0.3486328125 0.1630859375 0.158203125
0 0.32666015625 0.3232421875 0.0458984375 0.0390625
0 0.2099609375 0.3349609375 0.04296875 0.041015625
0 0.28173828125 0.3427734375 0.0517578125 0.037109375
0 0.486328125 0.3779296875 0.07421875 0.048828125
0 0.22119140625 0.4619140625 0.0419921875 0.0625
0 0.677734375 0.4853515625 0.068359375 0.09375
0 0.03271484375 0.52587890625 0.0654296875 0.0869140625
0 0.24267578125 0.54833984375 0.0556640625 0.0693359375
0 0.34912109375 0.56591796875 0.0693359375 0.0966796875
0 0.7890625 0.59375 0.095703125 0.09375
0 0.8466796875 0.61083984375 0.0625 0.0869140625
0 0.93212890625 0.63232421875 0.0302734375 0.0751953125
0 0.30078125 0.6943359375 0.04296875 0.080078125
0 0.86767578125 0.74658203125 0.1005859375 0.1298828125
0 0.64990234375 0.7587890625 0.0888671875 0.1171875
0 0.115234375 0.80908203125 0.03515625 0.0400390625
0 0.6416015625 0.84228515625 0.03515625 0.0380859375
0 0.3076171875 0.91943359375 0.1328125 0.1259765625
0 0.07373046875 0.8876953125 0.0693359375 0.04296875
0 0.41650390625 0.916015625 0.0458984375 0.0703125
0 0.013671875 0.9052734375 0.02734375 0.029296875
0 0.6708984375 0.96337890625 0.103515625 0.0732421875
0 0.23974609375 0.96875 0.0751953125 0.0625
0 0.44482421875 0.97705078125 0.0712890625 0.0458984375
