0 0.05 0.834375 0.1 0.09874999999999998
0 0.18 0.7762499999999999 0.1325 0.12250000000000005
0 0.18875 0.57125 0.11499999999999999 0.09999999999999991
0 0.30125 0.37937499999999996 0.14999999999999997 0.12875000000000006
0 0.40374999999999994 0.31937499999999996 0.10750000000000001 0.11624999999999996
0 0.5262499999999999 0.022500000000000075 0.1499999999999999 0.04500000000000015
0 0.5356249999999999 0.409375 0.13125 0.11374999999999993
0 0.59875 0.9106249999999999 0.22750000000000004 0.17874999999999996
0 0.788125 0.3549999999999999 0.19125000000000006 0.18250000000000002
0 0.7775 0.5725 0.13499999999999995 0.09000000000000012
0 0.819375 0.09687499999999999 0.08874999999999993 0.08875
0 0.9087500000000001 0.9225000000000001 0.08500000000000014 0.08750000000000017
0 0.9425000000000001 0.80375 0.11500000000000003 0.16000000000000006
0 0.945625 0.58125 0.046250000000000034 0.032500000000000105
0 0.9487500000000001 0.6599999999999999 0.03500000000000014 0.02999999999999998
0 0.9956250000000001 0.9475 0.008750000000000036 0.10500000000000007
