0 0.17562499999999998 0.9949999999999999 0.18375 0.009999999999999964
0 0.66875 0.959375 0.1875 0.08125
0 0.35625 0.883125 0.17499999999999996 0.23375000000000004
0 0.205 0.9274999999999999 0.05249999999999999 0.13499999999999995
0 0.10187499999999998 0.8600000000000001 0.09625000000000006 0.10250000000000004
0 0.5549999999999999 0.850625 0.10250000000000004 0.09125000000000014
0 0.15875 0.783125 0.09750000000000003 0.06624999999999996
0 0.55875 0.6368750000000001 0.5549999999999999 0.26625000000000004
0 0.9793749999999999 0.6625 0.04124999999999997 0.04500000000000002
0 0.05250000000000005 0.6006250000000001 0.1050000000000001 0.12374999999999989
0 0.21750000000000003 0.579375 0.1299999999999999 0.13624999999999998
0 0.8768750000000001 0.5131249999999999 0.24624999999999994 0.22374999999999998
0 0.5025000000000001 0.51125 0.06749999999999998 0.030000000000000072
0 0.04500000000000004 0.4600000000000001 0.09000000000000008 0.10999999999999996
0 0.5787500000000001 0.47562499999999996 0.06500000000000003 0.04375000000000009
0 0.16437500000000002 0.42125 0.11874999999999988 0.12000000000000002
0 0.8168749999999999 0.441875 0.03125 0.028749999999999963
0 0.795625 0.3056249999999999 0.05875000000000004 0.05625000000000004
0 0.140625 0.255625 0.09375 0.11624999999999996
0 0.685625 0.286875 0.021250000000000036 0.05125000000000002
0 0.2875000000000001 0.16999999999999993 0.2049999999999999 0.14750000000000016
0 0.7768750000000001 0.21750000000000003 0.026250000000000016 0.02999999999999998
0 0.005625000000000047 0.14749999999999996 0.011250000000000093 0.06999999999999984
0 0.8300000000000001 0.15999999999999998 0.0375 0.025000000000000022
0 0.10375000000000001 0.07625000000000004 0.20750000000000002 0.15250000000000008
0 0.49437499999999995 0.08687500000000004 0.05874999999999995 0.05374999999999974
0 0.8 0.09437499999999993 0.027499999999999948 0.033749999999999836
0 0.37124999999999997 0.046875 0.1750000000000001 0.09375
0 0.013124999999999942 0.028125000000000122 0.026249999999999885 0.03375000000000006
0 0.03437499999999999 0.009375000000000022 0.03874999999999995 0.018750000000000044
0 0.2568750000000001 0.0037499999999999756 0.07875000000000001 0.007499999999999951
