0 0.945625 0.9425000000000001 0.10875000000000004 0.11500000000000003
0 0.985625 0.5662499999999999 0.028750000000000143 0.08749999999999991
0 0.90625 0.380625 0.1875 0.19124999999999986
0 0.9881249999999999 0.06062500000000004 0.02375000000000007 0.04874999999999985
0 0.9387500000000001 0.18249999999999997 0.05500000000000007 0.06499999999999992
0 0.9349999999999999 0.07249999999999995 0.05 0.04250000000000009
0 0.9425000000000001 0.11874999999999995 0.022499999999999964 0.025000000000000022
0 0.8868749999999999 0.07374999999999998 0.023749999999999893 0.022499999999999964
0 0.8175000000000001 0.4731249999999999 0.032500000000000105 0.046249999999999944
0 0.763125 0.04812499999999992 0.09124999999999997 0.09624999999999984
0 0.7706250000000001 0.4731249999999999 0.02624999999999984 0.026250000000000016
0 0.7137499999999999 0.9075 0.1374999999999999 0.1200000000000001
0 0.736875 0.43562500000000004 0.028749999999999963 0.03125
0 0.619375 0.05499999999999999 0.20124999999999993 0.10999999999999999
0 0.6587500000000001 0.4325000000000001 0.06999999999999992 0.057500000000000016
0 0.6737500000000001 0.24 0.03749999999999991 0.022499999999999964
0 0.665 0.18062500000000004 0.03500000000000005 0.036250000000000115
0 0.63875 0.49250000000000005 0.047499999999999966 0.06000000000000005
0 0.628125 0.5506249999999999 0.03125 0.028750000000000053
0 0.586875 0.8862499999999999 0.11125000000000007 0.10749999999999993
0 0.440625 0.16687500000000005 0.11625000000000014 0.21624999999999991
0 0.4774999999999999 0.007500000000000007 0.015000000000000036 0.015000000000000013
0 0.416875 0.3818750000000001 0.038750000000000104 0.03874999999999997
0 0.366875 0.016249999999999987 0.0712499999999999 0.03249999999999997
0 0.37875000000000003 0.410625 0.040000000000000036 0.03374999999999999
0 0.35375 0.15187499999999998 0.07000000000000002 0.061249999999999805
0 0.340625 0.31812500000000005 0.09124999999999997 0.046250000000000034
0 0.27312499999999995 0.660625 0.09375 0.04124999999999997
0 0.27874999999999994 0.7324999999999999 0.05999999999999992 0.07000000000000002
0 0.268125 0.07937499999999992 0.021250000000000123 0.04375000000000007
0 0.20062499999999997 0.8143750000000001 0.13124999999999995 0.09124999999999997
0 0.17000000000000004 0.26937500000000003 0.09749999999999992 0.07374999999999998
0 0.169375 0.0931249999999999 0.05625000000000002 0.053749999999999964
0 0.085625 0.545625 0.17125 0.5112499999999999
0 0.078125 0.121875 0.12375000000000003 0.10625000000000007
0 0.03249999999999992 0.09000000000000002 0.06499999999999984 0.18000000000000005
0 0.03875000000000006 0.2 0.04999999999999982 0.05500000000000005
0 0.023125000000000007 0.24625000000000002 0.04625000000000001 0.12499999999999986
0 0.016249999999999987 0.913125 0.03249999999999997 0.15124999999999994
