0 0.06437499999999996 0.066875 0.12874999999999992 0.13125000000000003
0 0.026874999999999982 0.45124999999999993 0.043749999999999734 0.08750000000000009
0 0.10687500000000001 0.6368750000000001 0.20125 0.19125000000000006
0 0.024999999999999967 0.9568749999999999 0.03749999999999998 0.04875000000000007
0 0.08124999999999999 0.8350000000000002 0.05500000000000005 0.06500000000000003
0 0.08500000000000008 0.945 0.04999999999999982 0.042500000000000246
0 0.0774999999999999 0.89875 0.022499999999999964 0.025
0 0.133125 0.94375 0.023749999999999827 0.022499999999999964
0 0.20250000000000004 0.5443749999999999 0.03249999999999997 0.046249999999999944
0 0.25687499999999996 0.960625 0.09125000000000005 0.07874999999999996
0 0.24937499999999996 0.5443749999999999 0.026249999999999975 0.026250000000000016
0 0.30625 0.11000000000000001 0.13749999999999996 0.12000000000000002
0 0.28312499999999996 0.581875 0.02874999999999992 0.03125
0 0.40062499999999995 0.95375 0.20124999999999987 0.09250000000000007
0 0.36124999999999996 0.585 0.07000000000000006 0.057500000000000016
0 0.34625000000000006 0.7775 0.03749999999999996 0.022499999999999964
0 0.35500000000000004 0.836875 0.03500000000000005 0.036250000000000074
0 0.38125 0.525 0.04750000000000014 0.06000000000000005
0 0.3918749999999999 0.46687500000000004 0.031249999999999955 0.028749999999999963
0 0.433125 0.13125 0.11125000000000007 0.10750000000000001
0 0.579375 0.8506250000000002 0.11624999999999996 0.21624999999999997
0 0.603125 0.635625 0.03875000000000002 0.038750000000000104
0 0.653125 0.9925 0.07124999999999986 0.015000000000000036
0 0.64125 0.6068749999999999 0.040000000000000036 0.03375000000000013
0 0.66625 0.865625 0.07000000000000002 0.06125000000000007
0 0.6793750000000001 0.6993750000000001 0.09124999999999997 0.046250000000000034
0 0.746875 0.35687499999999994 0.09375 0.04125000000000001
0 0.7412500000000001 0.28500000000000003 0.05999999999999996 0.07000000000000002
0 0.751875 0.938125 0.021250000000000036 0.04375
0 0.819375 0.203125 0.13124999999999992 0.09124999999999998
0 0.85 0.7481250000000002 0.09750000000000014 0.07374999999999998
0 0.850625 0.9243750000000001 0.05625 0.053750000000000145
0 0.9243750000000001 0.471875 0.15124999999999994 0.5112500000000001
0 0.9400000000000001 0.8956250000000001 0.11999999999999993 0.10625
0 0.9774999999999998 0.91875 0.04500000000000011 0.1625
0 0.978125 0.8175000000000001 0.04375 0.054999999999999896
0 0.9868750000000001 0.77125 0.02624999999999993 0.125
0 0.99375 0.104375 0.0125 0.15124999999999997
