0 0.0234375 0.89208984375 0.0390625 0.0556640625
0 0.11328125 0.685546875 0.1171875 0.18359375
0 0.208984375 0.69970703125 0.048828125 0.0693359375
0 0.25146484375 0.65576171875 0.0732421875 0.1044921875
0 0.6767578125 0.6396484375 0.103515625 0.087890625
0 0.55419921875 0.630859375 0.0810546875 0.0859375
0 0.80859375 0.62841796875 0.0859375 0.0888671875
0 0.40966796875 0.62255859375 0.1142578125 0.1005859375
0 0.18798828125 0.603515625 0.0615234375 0.072265625
0 0.0244140625 0.61279296875 0.033203125 0.0400390625
0 0.12353515625 0.5654296875 0.0361328125 0.052734375
0 0.3935546875 0.52099609375 0.158203125 0.1298828125
0 0.29638671875 0.47705078125 0.1025390625 0.0634765625
0 0.0224609375 0.4580078125 0.044921875 0.091796875
0 0.11376953125 0.46240234375 0.1357421875 0.0537109375
0 0.4111328125 0.40234375 0.087890625 0.099609375
0 0.09814453125 0.3935546875 0.1103515625 0.109375
0 0.1953125 0.38427734375 0.109375 0.1181640625
0 0.279296875 0.34130859375 0.126953125 0.1279296875
0 0.4892578125 0.35986328125 0.0859375 0.0830078125
0 0.67333984375 0.29443359375 0.0576171875 0.0810546875
0 0.34765625 0.25244140625 0.1171875 0.1103515625
0 0.845703125 0.26220703125 0.08203125 0.0849609375
0 0.439453125 0.25439453125 0.044921875 0.0673828125
0 0.51318359375 0.22119140625 0.0322265625 0.0400390625
0 0.07666015625 0.1806640625 0.0986328125 0.06640625
0 0.2470703125 0.111328125 0.189453125 0.171875
0 0.2998046875 0.18017578125 0.021484375 0.0224609375
0 0.349609375 0.15966796875 0.056640625 0.0556640625
0 0.0927734375 0.10546875 0.078125 0.083984375
0 0.03466796875 0.11962890625 0.0341796875 0.0361328125
0 0.19384765625 0.0478515625 0.0615234375 0.05859375
0 0.0791015625 0.02783203125 0.05859375 0.0498046875
0 0.16357421875 0.009765625 0.0478515625 0.01953125
