0 0.35624999999999996 0.96875 0.18 0.0625
0 0.965625 0.9331250000000001 0.06875 0.13375000000000004
0 0.64375 0.9506249999999999 0.16000000000000006 0.09875000000000007
0 0.778125 0.999375 0.0637500000000002 0.001249999999999929
0 0.8550000000000001 0.95625 0.12000000000000002 0.0875
0 0.1075 0.9512499999999999 0.0875 0.09749999999999996
0 0.505 0.953125 0.07750000000000004 0.07124999999999986
0 0.275 0.843125 0.2799999999999999 0.22625
0 0.50625 0.8975000000000002 0.04249999999999998 0.04500000000000011
0 0.8868749999999999 0.815625 0.16874999999999982 0.18125
0 0.6943750000000001 0.835 0.09124999999999997 0.07250000000000005
0 0.08625000000000001 0.775625 0.10500000000000002 0.10625
0 0.056874999999999995 0.73875 0.11374999999999999 0.14749999999999996
0 0.48687500000000006 0.74875 0.09374999999999992 0.08499999999999996
0 0.533125 0.6599999999999999 0.07874999999999996 0.07499999999999991
0 0.29375000000000007 0.5431250000000001 0.34750000000000003 0.24375
0 0.7125 0.5831250000000001 0.1325 0.11375000000000002
0 0.9087500000000001 0.5706249999999999 0.10749999999999993 0.13375000000000004
0 0.7056250000000001 0.50125 0.04375000000000009 0.0375
0 0.9043749999999999 0.473125 0.03624999999999989 0.03375000000000004
0 0.68375 0.44437499999999996 0.0625 0.06125000000000007
0 0.555625 0.35375 0.08875000000000002 0.1750000000000001
0 0.36312500000000003 0.2806249999999999 0.34375000000000006 0.3062500000000001
0 0.016875 0.284375 0.03375 0.10124999999999992
0 0.10374999999999998 0.14750000000000002 0.20749999999999996 0.29500000000000004
0 0.61375 0.25125000000000003 0.040000000000000036 0.047499999999999966
0 0.5631250000000001 0.19375000000000003 0.07874999999999996 0.1274999999999998
0 0.176875 0.20375000000000001 0.04624999999999999 0.08250000000000005
0 0.5131249999999999 0.10125000000000002 0.06625000000000006 0.07000000000000017
0 0.5 0.016874999999999918 0.07249999999999997 0.033749999999999836
