0 0.20625 0.006875000000000001 0.1875 0.013750000000000002
0 0.51875 0.083125 0.175 0.16625
0 0.67 0.03625 0.05250000000000003 0.0725
0 0.7731250000000001 0.07250000000000001 0.09625000000000003 0.1025
0 0.32 0.081875 0.10250000000000004 0.09124999999999998
0 0.7162499999999999 0.14937499999999998 0.09750000000000006 0.06624999999999999
0 0.31625000000000003 0.295625 0.5549999999999999 0.26625000000000004
0 0.83125 0.33187500000000003 0.12249999999999987 0.12374999999999999
0 0.6575000000000001 0.353125 0.12999999999999998 0.13625000000000007
0 0.060625 0.41937499999999994 0.12125 0.22374999999999998
0 0.3725 0.42125 0.06749999999999998 0.030000000000000072
0 0.8356250000000001 0.4725 0.10125000000000002 0.10999999999999996
0 0.29624999999999996 0.456875 0.06499999999999999 0.04375
0 0.7106250000000001 0.5112500000000001 0.11875 0.12000000000000002
0 0.058125 0.490625 0.03124999999999999 0.028749999999999963
0 0.079375 0.6268750000000001 0.05874999999999999 0.05625000000000009
0 0.734375 0.676875 0.09375 0.11624999999999996
0 0.189375 0.6456250000000001 0.021250000000000012 0.05125000000000002
0 0.5875 0.7625 0.205 0.14750000000000013
0 0.098125 0.7150000000000001 0.026249999999999996 0.02999999999999998
0 0.9018750000000001 0.719375 0.036250000000000074 0.021249999999999946
0 0.896875 0.7849999999999999 0.06625000000000014 0.06999999999999992
0 0.045 0.7725 0.03749999999999999 0.025000000000000088
0 0.7762499999999999 0.8768750000000001 0.21749999999999997 0.19375
0 0.380625 0.8456250000000001 0.05874999999999995 0.053750000000000145
0 0.075 0.8381250000000001 0.02749999999999999 0.03375000000000004
0 0.5037499999999999 0.8881249999999999 0.1750000000000001 0.09875000000000007
0 0.865 0.9043749999999999 0.03249999999999993 0.03375000000000004
0 0.840625 0.929375 0.03874999999999993 0.03125
0 0.6181249999999999 0.9550000000000001 0.07874999999999996 0.05999999999999996
0 0.8975 0.97 0.0375 0.060000000000000143
0 0.414375 0.9712500000000001 0.22375000000000003 0.057499999999999926
0 0.746875 0.9956250000000001 0.15625 0.008750000000000036
