0 0.8787500000000001 0.9324999999999999 0.24249999999999988 0.13499999999999995
0 0.5668749999999999 0.975 0.18374999999999994 0.05
0 0.6268749999999998 0.960625 0.0012500000000000178 0.0012500000000001065
0 0.535 0.835625 0.13250000000000012 0.23375000000000004
0 0.500625 0.6825 0.11375000000000002 0.054999999999999896
0 0.603125 0.6837500000000001 0.04874999999999998 0.047500000000000056
0 0.874375 0.659375 0.09624999999999986 0.04875000000000007
0 0.5181250000000001 0.5506249999999999 0.22875000000000006 0.19125000000000006
0 0.8425 0.5675 0.15250000000000002 0.10250000000000004
0 0.47437500000000005 0.5181250000000001 0.08874999999999993 0.07125000000000004
0 0.7674999999999998 0.43562500000000004 0.1374999999999999 0.18624999999999994
0 0.871875 0.4325000000000001 0.07875000000000014 0.15000000000000008
0 0.6068749999999999 0.403125 0.09874999999999998 0.14374999999999996
0 0.68375 0.421875 0.054999999999999896 0.0887500000000001
0 0.44875 0.356875 0.11999999999999993 0.13875
0 0.673125 0.33687500000000004 0.07125000000000004 0.06374999999999993
0 0.40124999999999994 0.24812499999999998 0.020000000000000018 0.013750000000000017
0 0.428125 0.12375000000000003 0.19374999999999995 0.24750000000000005
0 0.7068749999999999 0.09749999999999998 0.3412499999999999 0.19499999999999995
0 0.359375 0.020625000000000004 0.1012500000000001 0.04125000000000001
