0 0.280625 0.048125 0.24375000000000005 0.09625
0 0.8225 0.136875 0.030000000000000072 0.05875000000000001
0 0.32375000000000004 0.20187499999999997 0.18 0.18624999999999997
0 0.9493750000000001 0.260625 0.10124999999999992 0.21125
0 0.6112500000000001 0.25875 0.16000000000000006 0.145
0 0.745625 0.21125000000000002 0.06374999999999993 0.04500000000000004
0 0.8225 0.256875 0.11999999999999993 0.12625000000000003
0 0.075 0.265625 0.0875 0.12875
0 0.4725 0.27937500000000004 0.07749999999999994 0.07125
0 0.2425 0.38937499999999997 0.28 0.22624999999999992
0 0.47375000000000006 0.33499999999999996 0.04249999999999998 0.04499999999999997
0 0.8543749999999999 0.41687499999999994 0.1687499999999999 0.18124999999999997
0 0.661875 0.3975000000000001 0.09125000000000005 0.07250000000000001
0 0.05375 0.456875 0.10500000000000001 0.10625
0 0.040625 0.49375 0.08125 0.14749999999999996
0 0.4543749999999999 0.48375 0.09375 0.08500000000000005
0 0.500625 0.5725 0.07875000000000006 0.07499999999999991
0 0.26125 0.6893750000000001 0.3475 0.24375000000000008
0 0.6799999999999999 0.649375 0.13249999999999992 0.11374999999999993
0 0.87625 0.661875 0.10750000000000011 0.13375000000000004
0 0.673125 0.73125 0.043749999999999914 0.0375
0 0.871875 0.759375 0.036250000000000074 0.03374999999999995
0 0.65125 0.788125 0.0625 0.06125000000000007
0 0.523125 0.8787500000000001 0.08875000000000002 0.17500000000000018
0 0.33062499999999995 0.899375 0.34374999999999994 0.20125
0 0.000625 0.9481249999999999 0.00125 0.1012500000000001
0 0.0875 0.96875 0.175 0.0625
0 0.58125 0.97875 0.039999999999999855 0.04250000000000007
0 0.530625 0.9875 0.07874999999999988 0.025
0 0.144375 0.99375 0.04625000000000001 0.0125
