0 0.008124999999999993 0.996875 0.016249999999999987 0.00625
0 0.00187499999999996 0.8712500000000001 0.00374999999999992 0.12750000000000022
0 0.020000000000000018 0.021875 0.040000000000000036 0.04375
0 0.01874999999999999 0.184375 0.03749999999999998 0.04874999999999998
0 0.04062500000000002 0.4625 0.06374999999999997 0.07250000000000005
0 0.04749999999999999 0.16062500000000002 0.01750000000000007 0.018750000000000024
0 0.06124999999999997 0.5225 0.04500000000000004 0.08750000000000009
0 0.08687500000000004 0.12562500000000001 0.036250000000000115 0.026250000000000016
0 0.148125 0.479375 0.10125000000000017 0.11125000000000007
0 0.54625 0.369375 0.8300000000000001 0.73875
0 0.26187499999999997 0.8012499999999999 0.23124999999999996 0.1049999999999999
0 0.42125 0.8412500000000002 0.057499999999999926 0.06500000000000003
0 0.5106249999999999 0.97625 0.061249999999999985 0.047499999999999966
0 0.594375 0.9256249999999999 0.13874999999999993 0.09875000000000007
0 0.609375 0.8506250000000002 0.07624999999999993 0.06624999999999996
0 0.765 0.063125 0.195 0.12625
0 0.866875 0.135 0.26625 0.27
0 0.9018750000000001 0.8943749999999999 0.19625000000000004 0.21125000000000008
0 0.8887499999999999 0.05625 0.15250000000000002 0.1125
0 0.878125 0.9949999999999999 0.061249999999999895 0.009999999999999964
0 0.8681249999999998 0.8462499999999998 0.03375000000000004 0.03499999999999996
0 0.9793749999999999 0.5387500000000001 0.04124999999999997 0.2950000000000001
0 0.985625 0.943125 0.028750000000000143 0.11374999999999993
