0 0.985 0.7618750000000001 0.030000000000000072 0.043749999999999914
0 0.8456250000000001 0.32 0.10125000000000002 0.2
0 0.7849999999999999 0.885 0.027499999999999948 0.01750000000000007
0 0.7143750000000001 0.36124999999999996 0.16374999999999992 0.13999999999999999
0 0.7381249999999999 0.8175000000000001 0.07625000000000001 0.07749999999999994
0 0.70875 0.6425 0.11749999999999998 0.18499999999999997
0 0.74875 0.8899999999999999 0.02999999999999998 0.02500000000000018
0 0.7387499999999999 0.86875 0.03500000000000005 0.022499999999999964
0 0.73125 0.5918749999999999 0.040000000000000036 0.036249999999999984
0 0.7274999999999999 0.49124999999999996 0.032500000000000105 0.0375
0 0.6925000000000001 0.89 0.04249999999999998 0.03249999999999993
0 0.5925 0.545 0.1625000000000001 0.14749999999999996
0 0.57375 0.17937499999999998 0.19749999999999995 0.20625
0 0.53125 0.011875 0.03249999999999993 0.02375
0 0.48937500000000006 0.96125 0.05624999999999991 0.042500000000000246
0 0.47437500000000005 0.43624999999999997 0.043749999999999914 0.06500000000000003
0 0.44312500000000005 0.035625000000000004 0.07374999999999998 0.06625
0 0.44625000000000004 0.22562499999999996 0.04500000000000002 0.05624999999999995
0 0.421875 0.5925 0.04375 0.06000000000000005
0 0.395625 0.44812499999999994 0.09125000000000005 0.07374999999999998
0 0.21000000000000002 0.764375 0.42000000000000004 0.47124999999999995
0 0.341875 0.028750000000000005 0.12124999999999994 0.05750000000000001
0 0.33062500000000006 0.6975 0.14125000000000001 0.1374999999999999
0 0.26312499999999994 0.5575 0.14875000000000002 0.11500000000000003
0 0.210625 0.041875 0.15124999999999997 0.08375
0 0.176875 0.096875 0.06125000000000003 0.06375
0 0.15249999999999997 0.49124999999999996 0.1100000000000001 0.10500000000000007
0 0.05625000000000002 0.039375 0.11250000000000004 0.07875
0 0.08687500000000004 0.15 0.02375000000000016 0.025
0 0.025624999999999953 0.4125 0.05124999999999991 0.05999999999999996
