0 0.1975 0.93875 0.395 0.12250000000000014
0 0.046875 0.815625 0.09375 0.13874999999999993
0 0.12375000000000007 0.828125 0.09250000000000014 0.10375000000000005
0 0.334375 0.8462500000000002 0.05625000000000004 0.05250000000000003
0 0.33875 0.7106250000000001 0.13999999999999999 0.2362499999999999
0 0.5506249999999999 0.6375 0.30125 0.20749999999999993
0 0.421875 0.5831250000000001 0.1537500000000001 0.13875
0 0.24125000000000005 0.6331249999999999 0.04750000000000001 0.03125
0 0.27312499999999995 0.5599999999999999 0.06125000000000003 0.06749999999999998
0 0.401875 0.41812499999999997 0.14124999999999993 0.14625
0 0.536875 0.34187500000000004 0.17375000000000007 0.16624999999999995
0 0.778125 0.37 0.07875000000000006 0.08499999999999996
0 0.9800000000000001 0.2375 0.040000000000000036 0.1625
0 0.24937500000000007 0.24875000000000003 0.16374999999999995 0.1299999999999999
0 0.18875000000000003 0.13937500000000003 0.28500000000000003 0.27875000000000005
0 0.4387499999999999 0.21812499999999996 0.09500000000000001 0.0837500000000001
0 0.03749999999999998 0.16062500000000007 0.07499999999999996 0.10624999999999987
0 0.9487500000000001 0.123125 0.09249999999999989 0.15875000000000009
0 0.33875 0.11625000000000008 0.18000000000000002 0.15250000000000008
0 0.008124999999999993 0.11749999999999994 0.016249999999999987 0.0674999999999999
0 0.8431249999999999 0.10375000000000001 0.06874999999999983 0.04499999999999993
0 0.023749999999999993 0.055624999999999925 0.04749999999999999 0.11124999999999985
0 0.40625 0.04562500000000008 0.11750000000000012 0.09125000000000016
0 0.89 0.04999999999999999 0.060000000000000143 0.04999999999999993
