0 0.41312499999999996 0.978125 0.09874999999999998 0.04375
0 0.7449999999999999 0.9912500000000002 0.06499999999999995 0.017499999999999894
0 0.08374999999999994 0.9550000000000001 0.12750000000000006 0.05500000000000007
0 0.94625 0.920625 0.06999999999999992 0.05875000000000004
0 0.7706250000000001 0.91875 0.04874999999999998 0.05
0 0.4925 0.890625 0.07249999999999997 0.06374999999999993
0 0.7943749999999999 0.8837499999999998 0.018749999999999913 0.017499999999999894
0 0.43249999999999994 0.8699999999999999 0.08749999999999991 0.04499999999999993
0 0.829375 0.8443750000000001 0.026250000000000107 0.03624999999999989
0 0.47562499999999996 0.783125 0.11124999999999999 0.1012500000000001
0 0.608125 0.4 0.78375 0.8
0 0.15375 0.669375 0.1050000000000001 0.23125
0 0.11375000000000002 0.51 0.06499999999999995 0.05750000000000011
0 0.0012499999999999178 0.4206250000000001 0.0024999999999998357 0.061249999999999985
0 0.03937499999999999 0.336875 0.07874999999999999 0.13875
0 0.104375 0.32187499999999997 0.06624999999999992 0.07625000000000001
0 0.914375 0.16625 0.17125000000000004 0.19500000000000003
0 0.8293750000000001 0.09875 0.28875 0.1975
0 0.083125 0.06374999999999992 0.16625 0.12749999999999984
0 0.92125 0.05937500000000001 0.15749999999999992 0.11875000000000002
0 0.10875000000000008 0.06312499999999993 0.03499999999999981 0.033749999999999836
