0 0.40812499999999996 0.000625 0.04624999999999999 0.00125
0 0.8393750000000001 0.0425 0.10874999999999994 0.085
0 0.40812500000000007 0.031875 0.026250000000000016 0.026249999999999996
0 0.016875 0.08875 0.03375 0.1375
0 0.445625 0.065625 0.03125 0.028750000000000008
0 0.8537500000000001 0.183125 0.16500000000000004 0.20124999999999998
0 0.44875 0.14375 0.057499999999999926 0.06999999999999999
0 0.64125 0.12875 0.022499999999999964 0.03749999999999998
0 0.7006249999999999 0.1375 0.036249999999999984 0.03500000000000001
0 0.38875000000000004 0.16375 0.05999999999999996 0.04749999999999999
0 0.33062499999999995 0.174375 0.028750000000000008 0.03125
0 0.024375 0.215625 0.04875 0.11124999999999999
0 0.714375 0.36187500000000006 0.21624999999999997 0.11625
0 0.9556249999999998 0.334375 0.03125 0.061249999999999985
0 0.875 0.325 0.01750000000000007 0.015000000000000036
0 0.9068750000000001 0.34125 0.026250000000000107 0.022499999999999964
0 0.499375 0.385625 0.03875000000000002 0.03875000000000006
0 0.960625 0.40625 0.053749999999999964 0.042500000000000024
0 0.8818750000000002 0.43562500000000004 0.06624999999999996 0.07125000000000004
0 0.47062499999999996 0.42374999999999996 0.03375000000000004 0.040000000000000036
0 0.7293749999999999 0.4487500000000001 0.061249999999999985 0.07000000000000002
0 0.5631250000000001 0.4618749999999999 0.046250000000000034 0.09124999999999997
0 0.96125 0.48249999999999993 0.07500000000000018 0.09999999999999991
0 0.220625 0.529375 0.04125000000000001 0.09375
0 0.14875 0.5237499999999999 0.06999999999999999 0.05999999999999996
0 0.8018750000000001 0.534375 0.04375 0.021249999999999946
0 0.06687499999999999 0.6018749999999999 0.09125 0.13125
0 0.6118750000000001 0.6325000000000001 0.07375000000000007 0.09749999999999996
0 0.788125 0.6331249999999999 0.053749999999999874 0.05625
0 0.335625 0.80625 0.5112500000000001 0.35
0 0.759375 0.724375 0.10625 0.12374999999999999
0 0.968125 0.729375 0.028750000000000143 0.023749999999999893
0 0.9175000000000001 0.7581249999999999 0.04249999999999989 0.05625
0 0.795625 0.789375 0.18875000000000003 0.10375000000000015
0 0.68125 0.7637499999999999 0.05499999999999998 0.04999999999999991
0 0.635 0.818125 0.125 0.12375000000000007
0 0.021875 0.8574999999999999 0.04375 0.1749999999999999
