0 0.05062500000000001 0.480625 0.10125000000000002 0.22125000000000003
0 0.0125 0.946875 0.025 0.10625
0 0.016875 0.021250000000000047 0.03375 0.04250000000000009
0 0.100625 0.022500000000000075 0.11875 0.04500000000000015
0 0.08062499999999999 0.35874999999999996 0.05375 0.04500000000000006
0 0.28625 0.55625 0.31999999999999995 0.2625
0 0.17 0.36187499999999995 0.06500000000000003 0.05125000000000002
0 0.18125 0.030625000000000013 0.06500000000000003 0.06125000000000003
0 0.46374999999999994 0.343125 0.45249999999999996 0.24375000000000008
0 0.31124999999999997 0.906875 0.10000000000000005 0.09125000000000014
0 0.409375 0.07312500000000005 0.21125000000000002 0.13624999999999987
0 0.478125 0.625625 0.22374999999999995 0.22374999999999998
0 0.5 0.20625000000000004 0.19749999999999995 0.14250000000000007
0 0.490625 0.95 0.09875000000000007 0.1
0 0.6231249999999999 0.11062500000000001 0.13875 0.12124999999999997
0 0.679375 0.23625000000000007 0.21375000000000002 0.10499999999999998
0 0.693125 0.39749999999999996 0.21374999999999994 0.2
0 0.696875 0.59375 0.20625 0.195
0 0.77375 0.1256250000000001 0.08750000000000009 0.07125000000000004
0 0.8418749999999999 0.49437499999999995 0.10124999999999992 0.10375000000000005
0 0.8862500000000001 0.3056249999999999 0.18750000000000008 0.2512500000000001
0 0.8256249999999999 0.595 0.06625000000000006 0.06999999999999992
0 0.9443750000000002 0.6743750000000001 0.11124999999999989 0.18875000000000003
0 0.9475 0.978125 0.10500000000000007 0.04375
0 0.960625 0.18437499999999996 0.07874999999999996 0.20375000000000004
0 0.960625 0.47062500000000007 0.07874999999999996 0.08374999999999995
