0 0.274375 0.00375 0.09874999999999998 0.0075
0 0.013124999999999942 0.020625 0.026249999999999885 0.04125
0 0.608125 0.08375 0.06624999999999996 0.08499999999999999
0 0.005625000000000047 0.150625 0.011250000000000093 0.16625000000000004
0 0.28125 0.24125000000000002 0.1625000000000001 0.29750000000000004
0 0.12250000000000001 0.12875 0.03749999999999998 0.032499999999999994
0 0.47937499999999994 0.285625 0.19874999999999998 0.20875000000000005
0 0.019374999999999976 0.299375 0.03874999999999995 0.17625000000000002
0 0.6118750000000001 0.28125 0.03874999999999993 0.06499999999999999
0 0.6675 0.281875 0.03750000000000018 0.04874999999999998
0 0.8193750000000002 0.29125 0.04375000000000018 0.047499999999999966
0 0.17062499999999997 0.3825 0.20875000000000007 0.20250000000000004
0 0.623125 0.35 0.05875000000000004 0.05
0 0.7725 0.365 0.05499999999999998 0.05249999999999995
0 0.680625 0.375 0.06625000000000006 0.047499999999999966
0 0.41875 0.42000000000000004 0.09500000000000011 0.06250000000000004
0 0.758125 0.5275000000000001 0.053750000000000055 0.07999999999999999
0 0.17375000000000007 0.5575 0.08749999999999991 0.1200000000000001
0 0.97875 0.609375 0.04250000000000007 0.11125000000000007
0 0.7306250000000001 0.6381249999999999 0.07124999999999986 0.08875000000000002
0 0.594375 0.660625 0.08874999999999993 0.12375000000000007
0 0.04625000000000001 0.69625 0.09250000000000003 0.12000000000000002
0 0.65625 0.825 0.05500000000000007 0.10249999999999986
0 0.209375 0.9075 0.11374999999999988 0.1500000000000002
0 0.89375 0.971875 0.04499999999999993 0.05125000000000011
0 0.22000000000000003 0.9949999999999999 0.04500000000000006 0.009999999999999964
