0 0.9981249999999999 0.12062499999999998 0.0037499999999999643 0.033750000000000016
0 0.9724999999999999 0.28062499999999996 0.05500000000000007 0.09125000000000001
0 0.99 0.79625 0.019999999999999928 0.08250000000000002
0 0.9887499999999999 0.725 0.022499999999999964 0.030000000000000072
0 0.9475 0.963125 0.10500000000000007 0.07375000000000007
0 0.9131250000000002 0.5 0.05875000000000004 0.05250000000000003
0 0.815625 0.18562499999999998 0.2487499999999999 0.22374999999999998
0 0.8675 0.8074999999999999 0.12750000000000003 0.12499999999999992
0 0.9024999999999999 0.023125 0.050000000000000176 0.03875000000000001
0 0.8193750000000002 0.92875 0.1262500000000001 0.11750000000000008
0 0.7837500000000001 0.6131249999999999 0.08999999999999994 0.09625000000000003
0 0.746875 0.7375 0.11375000000000002 0.11499999999999995
0 0.6737499999999998 0.07625 0.07499999999999991 0.08499999999999999
0 0.646875 0.554375 0.12624999999999992 0.11375000000000002
0 0.645625 0.8706250000000001 0.06624999999999996 0.06875
0 0.563125 0.35625 0.12624999999999992 0.14000000000000004
0 0.586875 0.8793749999999999 0.04875000000000007 0.06875
0 0.5443749999999999 0.052500000000000005 0.11875 0.10500000000000001
0 0.47625 0.9075 0.14499999999999993 0.1200000000000001
0 0.48250000000000004 0.548125 0.10999999999999996 0.12374999999999999
0 0.484375 0.175625 0.09375 0.09875
0 0.40374999999999994 0.003125 0.039999999999999945 0.00625
0 0.38 0.57375 0.03499999999999992 0.040000000000000036
0 0.3725 0.8875 0.022500000000000055 0.027499999999999858
0 0.33999999999999997 0.30250000000000005 0.050000000000000044 0.05500000000000003
0 0.348125 0.8525 0.028750000000000053 0.025
0 0.27937500000000004 0.013125000000000001 0.10874999999999999 0.026250000000000002
0 0.28875 0.09625 0.03500000000000001 0.030000000000000006
0 0.275625 0.615 0.061249999999999985 0.06499999999999995
0 0.28437500000000004 0.37062500000000004 0.04125000000000005 0.03875000000000002
0 0.20374999999999996 0.89125 0.15749999999999997 0.15999999999999978
0 0.24625 0.325 0.04249999999999998 0.047499999999999966
0 0.21062499999999992 0.699375 0.05625000000000013 0.09375
0 0.22687500000000008 0.40499999999999997 0.02124999999999999 0.024999999999999956
0 0.20562499999999995 0.994375 0.028750000000000053 0.01125000000000007
0 0.09687499999999999 0.7125 0.19374999999999998 0.175
0 0.07374999999999998 0.83125 0.14749999999999996 0.16000000000000014
0 0.07 0.55375 0.14 0.2899999999999999
0 0.09812499999999996 0.3 0.06874999999999998 0.06750000000000003
0 0.0625 0.325 0.125 0.14000000000000004
0 0.03749999999999998 0.969375 0.07499999999999996 0.06125000000000007
0 0.0462499999999999 0.09874999999999999 0.022499999999999964 0.017500000000000005
