0 0.010624999999999996 0.043750000000000004 0.02124999999999999 0.052500000000000005
0 0.913125 0.095625 0.03125 0.04625
0 0.39125 0.12062499999999998 0.040000000000000036 0.053749999999999985
0 0.8043750000000001 0.144375 0.09375 0.06624999999999999
0 0.026874999999999982 0.14375 0.053749999999999964 0.06499999999999999
0 0.14124999999999993 0.21812500000000004 0.24250000000000008 0.18125000000000005
0 0.881875 0.169375 0.033749999999999857 0.03125
0 0.7068749999999999 0.18 0.05124999999999993 0.05249999999999999
0 0.8731249999999999 0.2425 0.04874999999999989 0.057499999999999975
0 0.714375 0.23937499999999998 0.03624999999999989 0.04125000000000001
0 0.523125 0.30562500000000004 0.12624999999999992 0.13125000000000003
0 0.7412500000000001 0.33187500000000003 0.13750000000000018 0.12374999999999999
0 0.93875 0.34937499999999994 0.12250000000000014 0.13124999999999995
0 0.3175 0.414375 0.0774999999999999 0.10374999999999997
0 0.51125 0.4518750000000001 0.1049999999999999 0.13875
0 0.391875 0.45562500000000006 0.12625000000000003 0.12374999999999999
0 0.8387499999999999 0.535625 0.16749999999999998 0.21875
0 0.01749999999999996 0.5575 0.03499999999999992 0.10749999999999993
0 0.09250000000000008 0.65625 0.18500000000000016 0.08000000000000007
0 0.28937500000000005 0.73125 0.16625 0.13249999999999992
0 0.8768750000000001 0.7725 0.24624999999999994 0.20749999999999993
0 0.74125 0.748125 0.08499999999999996 0.10875000000000004
0 0.4487500000000001 0.7681250000000001 0.08999999999999994 0.04124999999999988
0 0.6075 0.81375 0.09500000000000011 0.07499999999999991
