0 0.278125 0.02375 0.04874999999999994 0.0475
0 0.39125 0.030625000000000003 0.05 0.036250000000000004
0 0.21187499999999995 0.126875 0.0437500000000002 0.03124999999999998
0 0.65375 0.26687500000000003 0.2 0.10124999999999998
0 0.08874999999999988 0.3275 0.01750000000000007 0.027500000000000035
0 0.6125 0.39812499999999995 0.14000000000000004 0.16375
0 0.15625 0.374375 0.0774999999999999 0.07625000000000001
0 0.33125 0.40374999999999994 0.18499999999999997 0.11750000000000002
0 0.08374999999999994 0.36374999999999996 0.0249999999999998 0.02999999999999998
0 0.10499999999999998 0.37374999999999997 0.022499999999999964 0.03499999999999996
0 0.381875 0.38125 0.036249999999999984 0.039999999999999994
0 0.48249999999999993 0.385 0.03749999999999991 0.032500000000000015
0 0.08375000000000005 0.41999999999999993 0.03249999999999986 0.04249999999999998
0 0.42874999999999996 0.5199999999999999 0.14750000000000005 0.1625
0 0.7943749999999999 0.5387500000000001 0.20625 0.19749999999999995
0 0.9712500000000001 0.58125 0.04250000000000007 0.032500000000000105
0 0.016874999999999918 0.6231249999999999 0.033749999999999836 0.05625000000000009
0 0.5375 0.6381249999999999 0.06500000000000013 0.04375000000000009
0 0.938125 0.6693749999999999 0.06624999999999978 0.07375000000000007
0 0.7481249999999999 0.66625 0.05625000000000009 0.04499999999999993
0 0.38125 0.690625 0.06000000000000005 0.04375
0 0.525625 0.716875 0.07374999999999998 0.09124999999999997
0 0.22249999999999998 0.8462500000000001 0.44499999999999995 0.3075
0 0.9581250000000001 0.770625 0.08375000000000003 0.12125000000000004
0 0.27625 0.7818750000000001 0.13749999999999996 0.14124999999999996
0 0.41624999999999995 0.8493749999999999 0.11499999999999995 0.14874999999999988
0 0.945 0.9018750000000001 0.10999999999999996 0.15124999999999994
0 0.8768749999999998 0.9356250000000002 0.06374999999999993 0.06125000000000007
0 0.48250000000000004 0.9525 0.1049999999999999 0.09499999999999993
