0 0.945 0.010625 0.10999999999999996 0.02125
0 0.13999999999999996 0.04125 0.1475000000000001 0.0825
0 0.4325 0.04375 0.05250000000000003 0.06499999999999999
0 0.753125 0.09124999999999998 0.061249999999999985 0.05249999999999998
0 0.49124999999999996 0.07875000000000001 0.030000000000000072 0.017499999999999995
0 0.9506249999999999 0.13874999999999998 0.06875 0.1025
0 0.99875 0.14937499999999998 0.002499999999999858 0.09375000000000003
0 0.15499999999999997 0.14625 0.04749999999999999 0.07750000000000001
0 0.46374999999999994 0.18125 0.07499999999999991 0.08249999999999999
0 0.875 0.39062500000000006 0.21000000000000005 0.32875000000000004
0 0.018125000000000058 0.36312500000000003 0.036250000000000115 0.14875
0 0.11062500000000001 0.38375 0.17625000000000013 0.16499999999999995
0 0.32937500000000003 0.38187499999999996 0.07625000000000007 0.10625
0 0.999375 0.44937499999999997 0.001249999999999929 0.16874999999999996
0 0.12687500000000002 0.695 0.22125000000000003 0.4425
0 0.9618749999999998 0.585625 0.07625000000000011 0.1062500000000001
0 0.013124999999999942 0.603125 0.026249999999999885 0.12624999999999992
0 0.754375 0.6475 0.14625000000000005 0.125
0 0.360625 0.66625 0.09624999999999995 0.11749999999999998
0 0.9737500000000001 0.6987500000000001 0.05250000000000003 0.11000000000000006
0 0.8925000000000001 0.6993750000000001 0.03499999999999996 0.043749999999999914
0 0.73375 0.74 0.06749999999999998 0.07000000000000002
0 0.2975 0.7831250000000001 0.04499999999999993 0.10125000000000002
0 0.2475 0.8006250000000001 0.04500000000000002 0.08375000000000003
0 0.007500000000000007 0.8331250000000001 0.015000000000000013 0.14125000000000015
0 0.985 0.8099999999999999 0.030000000000000072 0.075
0 0.236875 0.8649999999999999 0.026250000000000016 0.05250000000000003
0 0.22312500000000002 0.9443750000000002 0.04375 0.11124999999999989
0 0.298125 0.97875 0.09375 0.04250000000000007
0 0.6587500000000001 0.99375 0.047500000000000056 0.0125
