0 0.20263671875 0.03173828125 0.0908203125 0.0634765625
0 0.33642578125 0.0361328125 0.1201171875 0.072265625
0 0.56884765625 0.01220703125 0.0498046875 0.0244140625
0 0.5830078125 0.06787109375 0.05078125 0.1064453125
0 0.2197265625 0.11767578125 0.119140625 0.0947265625
0 0.33349609375 0.119140625 0.0751953125 0.0546875
0 0.8466796875 0.11279296875 0.03125 0.0361328125
0 0.57275390625 0.19873046875 0.0478515625 0.0517578125
0 0.748046875 0.2275390625 0.060546875 0.05859375
0 0.0732421875 0.2578125 0.05078125 0.060546875
0 0.95263671875 0.28271484375 0.0849609375 0.0849609375
0 0.8037109375 0.31591796875 0.0546875 0.0576171875
0 0.4130859375 0.3544921875 0.123046875 0.109375
0 0.96484375 0.37548828125 0.0703125 0.1123046875
0 0.29052734375 0.42041015625 0.0908203125 0.0947265625
0 0.06298828125 0.40625 0.0537109375 0.05859375
0 0.5986328125 0.45654296875 0.130859375 0.1591796875
0 0.40869140625 0.455078125 0.1279296875 0.1015625
0 0.81494140625 0.4482421875 0.0419921875 0.060546875
0 0.96337890625 0.50341796875 0.0732421875 0.0927734375
0 0.03173828125 0.55224609375 0.0634765625 0.1689453125
0 0.42041015625 0.62548828125 0.1748046875 0.2880859375
0 0.70947265625 0.556640625 0.0419921875 0.048828125
0 0.138671875 0.6083984375 0.0859375 0.099609375
0 0.9658203125 0.62939453125 0.068359375 0.1103515625
0 0.00927734375 0.6650390625 0.0185546875 0.06640625
0 0.06005859375 0.71240234375 0.1064453125 0.1162109375
0 0.8681640625 0.72314453125 0.037109375 0.0537109375
0 0.58251953125 0.73828125 0.0498046875 0.06640625
0 0.7490234375 0.76318359375 0.0625 0.0595703125
0 0.60302734375 0.82373046875 0.0595703125 0.1044921875
0 0.40966796875 0.85986328125 0.1572265625 0.1396484375
0 0.20361328125 0.83447265625 0.0791015625 0.0849609375
0 0.6552734375 0.8505859375 0.072265625 0.078125
0 0.73486328125 0.8486328125 0.0693359375 0.07421875
0 0.8125 0.88134765625 0.083984375 0.0712890625
0 0.58154296875 0.89697265625 0.0654296875 0.0576171875
0 0.5986328125 0.9580078125 0.05859375 0.083984375
0 0.8125 0.974609375 0.06640625 0.05078125
0 0.65234375 0.98876953125 0.064453125 0.0224609375
0 0.7119140625 0.99365234375 0.01953125 0.0126953125
