0 0.9724999999999999 0.013124999999999942 0.05500000000000007 0.026249999999999885
0 0.9737500000000001 0.30374999999999996 0.05250000000000003 0.08000000000000007
0 0.9893750000000001 0.8375 0.021250000000000036 0.054999999999999896
0 0.945 0.8706250000000001 0.042500000000000246 0.05625
0 0.945625 0.55375 0.03624999999999989 0.025000000000000088
0 0.86875 0.9818749999999999 0.05249999999999986 0.036250000000000074
0 0.8168749999999999 0.07187500000000002 0.046250000000000034 0.03125
0 0.791875 0.59375 0.053749999999999964 0.040000000000000036
0 0.768125 0.18062500000000004 0.06624999999999996 0.09375
0 0.76875 0.965625 0.06499999999999986 0.06875
0 0.694375 0.84375 0.18125000000000008 0.2425
0 0.743125 0.10312499999999991 0.03125 0.03374999999999995
0 0.7325 0.27812499999999996 0.05250000000000003 0.05125000000000002
0 0.6699999999999999 0.11187500000000006 0.057500000000000016 0.04875000000000007
0 0.673125 0.270625 0.04124999999999997 0.036250000000000115
0 0.6068749999999999 0.4618749999999999 0.13125 0.12625000000000006
0 0.5806250000000001 0.24375 0.12375000000000007 0.13749999999999996
0 0.563125 0.053750000000000075 0.13124999999999992 0.10750000000000015
0 0.49812500000000004 0.6675000000000001 0.10374999999999997 0.07749999999999994
0 0.460625 0.47375000000000006 0.1387500000000001 0.10499999999999998
0 0.456875 0.593125 0.12374999999999999 0.12624999999999992
0 0.37687499999999996 0.14625 0.21875 0.16749999999999998
0 0.355 0.975 0.10749999999999993 0.05
0 0.25625000000000003 0.9 0.07999999999999999 0.2
0 0.18125000000000002 0.695625 0.13250000000000006 0.16625000000000006
0 0.14000000000000007 0.11562499999999998 0.20749999999999988 0.23124999999999996
0 0.164375 0.24375 0.10875000000000001 0.08499999999999996
0 0.14437500000000003 0.5362500000000001 0.04125000000000001 0.08999999999999994
0 0.09875000000000006 0.37750000000000006 0.07500000000000007 0.09499999999999993
